1829.44931678112
1829.44931678112
1843.3178479767
1845.106267298
1851.9014040364
1851.9014040364
1851.9014040364
1861.15416573436
1861.15416573436
1862.80543422088
1862.80543422088
1862.80543422088
1862.97123945716
1868.46268479421
1868.46268479421
1868.46268479421
1868.46268479421
1868.46268479421
1868.46268479421
1868.46268479421
1868.46268479421
1868.46268479421
1868.46268479421
1868.46268479421
1868.46268479421
1868.46268479421
1873.5311562003
1873.64315111941
1873.67126336546
1873.67126336546
1873.67126336546
1873.67126336546
1873.67126336546
1873.67126336546
1873.67126336546
1873.67126336546
1873.67126336546
1873.67126336546
1873.67126336546
1873.67126336546
1892.68471903792
1893.04823481136
1893.04823481136
1893.04823481136
1893.04823481136
1893.04823481136
1893.04823481136
1901.36493098803
1901.36493098803
1901.37270654068
1901.37270654068
1901.37270654068
1920.97977896669
1920.97977896669
1920.97977896669
1920.97977896669
1920.97977896669
1920.97977896669
1920.97977896669
1920.97977896669
1920.97977896669
1920.97977896669
1920.97977896669
1920.97977896669
1920.97977896669
1928.86620221246
1928.86620221246
1928.86620221246
1928.86620221246
1928.86620221246
1928.86620221246
1928.86620221246
1928.86620221246
1941.43460464165
1941.43460464165
1941.43460464165
1941.43460464165
1941.43460464165
1941.43460464165
1941.43460464165
1941.43460464165
1941.43460464165
1941.43460464165
1941.43460464165
1941.43460464165
1941.43460464165
1941.43460464165
1941.43460464165
1941.43460464165
1941.77566100125
1945.2602410698
1945.2602410698
1945.2602410698
1945.2602410698
1945.2602410698
1945.2602410698
1945.2602410698
1945.2602410698
1945.2602410698
1945.2602410698
1945.2602410698
1945.2602410698
1945.2602410698
1945.2602410698
1945.2602410698
1947.67760792367
1947.67760792367
1947.67760792367
1947.67760792367
1947.67760792367
1950.2489255693
1950.62812356918
1950.62812356918
1950.62812356918
1950.62812356918
1957.16071499737
1957.16071499737
1957.16071499737
1957.16071499737
1957.16071499737
1957.16071499737
1957.16071499737
1957.16071499737
1957.16071499737
1957.16071499737
1957.16071499737
1957.16071499737
1957.16071499737
1957.16071499737
1957.16071499737
1957.16071499737
1957.16071499737
1957.16071499737
1957.16071499737
1969.68064257142
1969.80228159501
1969.80228159501
1984.20799125931
1985.03134681909
1985.0408527116
1985.04551722807
1985.04551722807
1985.04551722807
1985.04551722807
1985.04551722807
1985.04551722807
1985.04551722807
1985.04551722807
1985.04551722807
1985.04551722807
1985.04551722807
1985.04551722807
1985.04551722807
1985.04551722807
1988.09523084473
1988.09543475173
1988.09543475173
1988.11492236293
1988.11492236293
1988.11492236293
1988.11492236293
1988.11492236293
1988.11492236293
1988.11492236293
1988.11492236293
1988.11492236293
1988.11492236293
1988.11492236293
1999.54097889796
1999.57820843352
1999.57820843352
1999.57820843352
1999.57820843352
1999.57820843352
1999.57820843352
1999.57820843352
1999.57820843352
1999.57820843352
1999.57820843352
1999.57820843352
1999.57820843352
1999.57820843352
1999.57820843352
1999.57820843352
1999.57820843352
1999.57820843352
1999.57820843352
1999.57820843352
1999.57820843352
1999.57820843352
1999.57820843352
1999.57820843352
1999.57820843352
1999.57820843352
1999.57820843352
1999.57820843352
1999.57820843352
1999.57820843352
1999.57820843352
1999.57820843352
1999.57820843352
2009.30195545193
2009.31081817027
2009.31081817027
2009.32292319475
2009.32292319475
2009.32978600902
2009.34161390903
2009.34161390903
2009.34161390903
2009.34161390903
2009.34161390903
2009.34161390903
2009.34161390903
2009.34161390903
2009.34161390903
2009.34161390903
2009.34161390903
2009.34161390903
2009.34161390903
2009.34161390903
2009.34161390903
2009.34161390903
2009.34161390903
2009.34161390903
2019.38222877943
2019.40849636499
2019.40849636499
2019.41248937461
2019.41248937461
2019.41248937461
2019.41248937461
2019.41248937461
2019.41248937461
2019.41248937461
2019.41248937461
2019.41248937461
2019.41248937461
2019.41248937461
2019.41248937461
2019.41248937461
2022.84868589666
2022.87072022258
2022.87072022258
2022.87072022258
2022.87072022258
2022.87072022258
2022.87072022258
2022.87922236409
2022.87922236409
2022.87922236409
2022.87922236409
2022.87922236409
2022.87922236409
2022.87922236409
2022.87922236409
2022.87922236409
2022.88677629841
2022.88677629841
2022.88677629841
2022.88677629841
2022.88677629841
2022.88677629841
2022.88677629841
2025.65705330946
2025.66706111576
2025.66706111576
2025.66706111576
2025.66706111576
2025.66706111576
2025.66706111576
2025.66706111576
2025.66706111576
2025.66706111576
2025.66706111576
2025.6767874621
2025.67876998122
2025.67876998122
2025.67876998122
2025.67876998122
2032.48996501272
2032.51579411238
2032.51579411238
2032.51579411238
2032.51910216668
2032.51910216668
2032.51910216668
2032.51910216668
2032.51910216668
2032.53160352859
2032.53160352859
2032.53160352859
2032.53160352859
2032.53160352859
2032.53776482397
2032.53776482397
2032.53776482397
2032.53776482397
2032.53776482397
2032.53776482397
2032.53776482397
2032.53776482397
2032.53776482397
2032.53776482397
2032.53776482397
2032.53776482397
2038.69242102387
2038.73439911869
2043.91365263303
2047.67903991498
2047.6849069303
2047.6849069303
2047.69461670719
2047.69461670719
2047.6985182447
2047.6985182447
2047.6985182447
2047.6985182447
2047.6985182447
2047.69875670546
2047.69875670546
2047.69875670546
2047.69875670546
2047.69875670546
2047.69875670546
2047.69875670546
2047.69875670546
2047.69875670546
2047.69875670546
2047.69875670546
2047.70002535672
2047.70002535672
2047.70002535672
2047.70002535672
2047.70392420662
2047.70392420662
2047.70557752431
2047.70557752431
2047.7088978782
2047.7088978782
2047.71922710958
2047.71922710958
2047.71922710958
2047.71922710958
2047.71922710958
2047.71922710958
2047.71922710958
2047.71922710958
2047.71922710958
2047.71922710958
2047.71922710958
2047.71922710958
2047.71922710958
2047.71922710958
2047.71922710958
2047.71922710958
2047.71922710958
2047.71922710958
2047.71922710958
2047.71922710958
2047.71922710958
2047.71922710958
2047.71922710958
2047.71922710958
2047.71922710958
2047.71922710958
2047.71922710958
2047.71922710958
2047.71922710958
2047.71922710958
2047.71922710958
2047.71922710958
2047.71922710958
2047.71922710958
2047.71922710958
2047.71922710958
2047.71922710958
2047.71922710958
2047.71922710958
2047.71922710958
2047.71922710958
2047.71922710958
2047.71922710958
2047.71922710958
2047.71922710958
2047.71922710958
2047.71922710958
2047.71922710958
2047.71922710958
2047.71922710958
2047.71922710958
2047.71922710958
2047.71922710958
2047.71922710958
2047.71922710958
2047.71922710958
2047.71922710958
2047.71922710958
2047.71922710958
2047.71922710958
2047.71922710958
2047.71922710958
2047.71922710958
2047.71922710958
2047.71922710958
2047.71922710958
2047.71922710958
2047.71922710958
2047.71922710958
2047.71922710958
2047.71922710958
2047.71922710958
2047.71922710958
2047.71922710958
2047.71922710958
2047.71922710958
2047.71922710958
2047.71922710958
2047.71922710958
2047.71922710958
2047.71922710958
2047.71922710958
2047.71922710958
2047.71922710958
2047.71922710958
2049.54109068243
2049.5713891407
2049.5713891407
2049.5713891407
2049.57329659483
2049.57329659483
2049.57329659483
2049.57329659483
2049.57329659483
2049.57445402976
2049.57445402976
2049.58134921152
2049.58134921152
2049.58134921152
2049.58134921152
2049.58134921152
2049.58134921152
2049.58134921152
2049.58441143424
2049.58441143424
2049.58441143424
2049.58441143424
2049.58441143424
2049.58441143424
2049.58441143424
2049.58441143424
2049.58441143424
2049.58441143424
2049.58441143424
2049.58441143424
2049.58441143424
2049.58441143424
2049.58441143424
2049.58441143424
2049.58441143424
2049.58441143424
2049.58441143424
2049.58441143424
2049.58441143424
2049.58441143424
2049.58441143424
2049.58441143424
2049.58441143424
2049.58441143424
2049.58441143424
2049.58441143424
2049.58441143424
2049.58441143424
2049.58441143424
2049.58441143424
2049.58441143424
2049.58441143424
2049.58441143424
2049.58441143424
2049.58441143424
2049.58441143424
2049.58441143424
2049.58441143424
2049.58441143424
2054.41166465964
2054.41166465964
2054.41166465964
2054.41621367177
2054.62582894002
2054.62582894002
2054.62582894002
2054.62582894002
2054.62582894002
2054.62582894002
2054.62582894002
2054.62582894002
2054.63951158637
2054.63951158637
2054.63951158637
2054.63951158637
2054.63951158637
2054.63951158637
2054.63951158637
2054.63951158637
2054.63951158637
2054.63951158637
2054.63951158637
2054.63951158637
2054.63951158637
2054.63951158637
2054.63951158637
2054.63951158637
2054.63951158637
2054.63951158637
2054.63951158637
2054.63951158637
2054.63951158637
2054.63951158637
2056.06646613915
2056.76551942426
2056.77647277013
2056.7817826439
2056.7817826439
2056.78340598918
2056.78340598918
2056.78340598918
2056.78340598918
2056.78340598918
2056.78340598918
2057.45979936155
2057.46752022743
2057.47891264842
2057.48431332165
2057.48431332165
2057.48431332165
2057.48431332165
2057.48431332165
2057.48624418938
2057.48624418938
2057.48632385621
2057.48632385621
2057.48632385621
2057.48632503083
2057.48632503083
2057.49126402967
2057.49126402967
2057.49126402967
2057.49126402967
2057.49314178309
2057.49314178309
2057.49314178309
2057.49314178309
2057.49314178309
2057.496716627
2062.18188206489
2062.18188206489
2062.18329364609
2062.18801333027
2062.18801333027
2062.19135331395
2062.19135331395
2062.19135331395
2062.19135331395
2062.19135331395
2062.19135331395
2062.19135331395
2067.2103859551
2067.2103859551
2067.2103859551
2067.2103859551
2067.21271337164
2067.21271337164
2067.21271337164
2070.99528809019
2071.00776859233
2071.0206472817
2071.0206472817
2071.0206472817
2071.02531358039
2071.02531358039
2071.02531358039
2071.03460211893
2071.03460211893
2071.03460211893
2071.03460211893
2071.03460211893
2071.03460211893
2071.03460211893
2071.03460211893
2071.03497753878
2071.03497753878
2071.03497753878
2071.03497753878
2071.03497753878
2071.03497753878
2071.03497753878
2071.03497753878
2071.03497753878
2071.03497753878
2071.03497753878
2071.03497753878
2071.03497753878
2071.03497753878
2071.03497753878
2071.03497753878
2071.03497753878
2071.03497753878
2071.03497753878
2071.03497753878
2071.04164173299
2071.04164173299
2071.04164173299
2071.04164173299
2071.04164173299
2071.04164173299
2071.04164173299
2071.04164173299
2071.04164173299
2071.04164173299
2071.04164173299
2071.04164173299
2071.04164173299
2071.04164173299
2071.04164173299
2071.04164173299
2071.04164173299
2071.04164173299
2071.04164173299
2071.04164173299
2071.04164173299
2071.04164173299
2071.04164173299
2071.04164173299
2071.04164173299
2071.04164173299
2071.04164173299
2071.04164173299
2071.04164173299
2071.04164173299
2071.04164173299
2071.04164173299
2071.04164173299
2071.04164173299
2071.04164173299
2071.04164173299
2071.04164173299
2071.04164173299
2071.04164173299
2071.04164173299
2071.04164173299
2071.04164173299
2071.04164173299
2071.04164173299
2071.04164173299
2071.04164173299
2071.04164173299
2071.04164173299
2071.04164173299
2071.04164173299
2071.04164173299
2071.04164173299
2071.04164173299
2071.04164173299
2071.04164173299
2071.04164173299
2071.04164173299
2071.04164173299
2071.04164173299
2072.36857438602
2072.36857438602
2072.36857438602
2072.37148621847
2072.38096593268
2072.38762473714
2072.38762473714
2072.38762473714
2072.38762473714
2072.38762473714
2072.38762473714
2072.38762473714
2072.39427185485
2072.39427185485
2072.39427185485
2072.39427185485
2072.39427185485
2072.39427185485
2072.39427185485
2072.39427185485
2072.39427185485
2072.39427185485
2072.39427185485
2072.39427185485
2072.39427185485
2072.39427185485
2072.39427185485
2072.39427185485
2072.39427185485
2072.39427185485
2072.39427185485
2072.39427185485
2072.39427185485
2078.05870779348
2078.05870779348
2078.0616941548
2078.0616941548
2078.67589983059
2078.67788803771
2078.68387459889
2078.68684345459
2078.68684345459
2078.72242712664
2078.72242712664
2078.72242712664
2078.72242712664
2078.72242712664
2078.72242712664
2078.72242712664
2078.72242712664
2078.72242712664
2078.72242712664
2078.72242712664
2078.72242712664
2078.72242712664
2078.72242712664
2078.72242712664
2078.72242712664
2078.72242712664
2078.72817565794
2078.72817565794
2078.72817565794
2078.72817565794
2078.72817565794
2078.72817565794
2078.72817565794
2078.72817565794
2091.40378842632
2091.42000150804
2091.42000150804
2091.4228299177
2091.4228299177
2091.4228299177
2091.4228299177
2091.4228299177
2093.76546221697
2093.79131010211
2093.79131010211
2093.79131010211
2093.79131010211
2093.79131010211
2093.79131010211
2093.79131010211
2093.79131010211
2093.79131010211
2093.79131010211
2093.79131010211
2093.79131010211
2093.81765972549
2093.82538315656
2093.82538315656
2093.82538315656
2093.82631322437
2093.82631322437
2093.82631322437
2093.82631322437
2093.82631322437
2093.82631322437
2102.76788132139
2102.77336393354
2102.77336393354
2102.78300335654
2102.78300335654
2102.78300335654
2102.78300335654
2102.78300335654
2102.78300335654
2103.40167140079
2103.41569530876
2103.42248310802
2103.42248310802
2103.42333643658
2103.42333643658
2103.43304801186
2103.43304801186
2103.43304801186
2103.43304801186
2103.43304801186
2103.43304801186
2103.43304801186
2103.43632955163
2103.43632955163
2103.43632955163
2103.43632955163
2103.43659336954
2103.43659336954
2103.43659336954
2103.43659336954
2103.43659336954
2103.43659336954
2103.43816143465
2103.43816143465
2103.43816143465
2103.43816143465
2103.43816143465
2103.43816143465
2103.43816143465
2103.43816143465
2103.4522061282
2103.4522061282
2103.4522061282
2103.4522061282
2103.4522061282
2103.4522061282
2103.4522061282
2103.4522061282
2103.4522061282
2103.4522061282
2103.4522061282
2103.4522061282
2103.4522061282
2103.4522061282
2103.4522061282
2103.4522061282
2103.4522061282
2103.4522061282
2103.4522061282
2103.4522061282
2103.4522061282
2103.4522061282
2103.4522061282
2103.4522061282
2103.4522061282
2103.4522061282
2103.4522061282
2103.4522061282
2105.12522595557
2105.12645621409
2105.12645621409
2105.12645621409
2105.12645621409
2105.12950416673
2105.13085376623
2105.13085376623
2105.13085376623
2105.13085376623
2105.13085376623
2105.13085376623
2105.13085376623
2105.13085376623
2105.14465691025
2105.14465691025
2105.14465691025
2105.14465691025
2106.73112640735
2106.73276661224
2106.73887497926
2106.74120936197
2106.74120936197
2106.74283569735
2106.74283569735
2106.74975590566
2106.74975590566
2106.74975590566
2106.74975590566
2106.74975590566
2106.74975590566
2106.74975590566
2106.74975590566
2106.74975590566
2106.74975590566
2106.74975590566
2106.75281022182
2106.75281022182
2106.75281022182
2106.75281022182
2106.75281022182
2106.75281022182
2106.75281022182
2106.75281022182
2106.75281022182
2106.75281022182
2106.75281022182
2106.75281022182
2106.75281022182
2106.75281022182
2106.75281022182
2106.75281022182
2106.75281022182
2106.75281022182
2106.75281022182
2106.75281022182
2106.75562535887
2106.75562535887
2106.75562535887
2106.75562535887
2106.75562535887
2106.75562535887
2106.75562535887
2106.75562535887
2106.75562535887
2106.75562535887
2109.963069904
2109.98070810197
2109.98070810197
2109.98070810197
2109.98070810197
2109.98070810197
2109.98070810197
2109.98070810197
2109.98070810197
2109.98070810197
2109.98070810197
2109.98070810197
2109.98070810197
2109.98070810197
2109.98070810197
2109.98070810197
2109.98070810197
2109.98070810197
2109.98070810197
2109.98070810197
2109.98070810197
2109.98070810197
2109.98070810197
2109.98070810197
2109.98070810197
2109.98070810197
2109.98070810197
2109.98070810197
2109.98070810197
2109.98070810197
2109.98070810197
2109.98070810197
2109.98070810197
2109.98070810197
2109.98070810197
2109.98070810197
2109.98070810197
2109.98070810197
2109.98070810197
2109.98070810197
2109.98070810197
2109.98070810197
2109.98070810197
2109.98070810197
2109.98070810197
2109.98070810197
2109.98070810197
2109.98070810197
2109.98070810197
2109.98070810197
2109.98070810197
2109.98070810197
2109.98070810197
2109.98070810197
2109.98070810197
2109.98070810197
2109.98070810197
2109.98070810197
2109.98070810197
2109.98070810197
2109.98070810197
2109.98070810197
2109.98070810197
2109.98070810197
2109.98070810197
2109.98070810197
2109.98070810197
2109.98070810197
2109.98070810197
2109.98070810197
2109.98070810197
2109.98070810197
2109.98070810197
2109.98070810197
2109.98070810197
2109.98070810197
2109.98070810197
2109.98070810197
2109.98070810197
2109.98070810197
2109.98070810197
2110.32923246491
2110.33021611446
2110.33021611446
2110.33486096151
2110.33486096151
2110.33486096151
2110.33486096151
2110.33486096151
2110.33486096151
2110.33486096151
2110.34770058586
2110.34770058586
2110.34770058586
2110.34770058586
2110.34770058586
2110.34770058586
2110.34770058586
2110.34770058586
2110.34770058586
2110.34770058586
2110.34770058586
2110.34770058586
2110.34770058586
2110.34770058586
2110.34770058586
2110.34770058586
2110.35357408934
2110.35357408934
2110.35357408934
2110.35357408934
2110.35357408934
2110.35357408934
2110.35357408934
2110.35357408934
2110.35357408934
2110.35357408934
2110.35357408934
2110.35357408934
2110.35357408934
2110.35357408934
2110.35357408934
2110.35357408934
2110.35357408934
2110.35357408934
2110.35357408934
2110.35357408934
2110.35357408934
2110.35357408934
2110.35357408934
2110.35357408934
2110.35357408934
2110.35357408934
2110.35357408934
2110.35357408934
2110.35357408934
2110.35357408934
2110.35357408934
2110.35357408934
2118.77592105465
2118.77592105465
2118.77592105465
2118.77592105465
2118.77592105465
2118.77592105465
2118.77592105465
2118.77592105465
2118.77592105465
2118.77592105465
2118.77592105465
2118.77592105465
2118.77592105465
2118.77592105465
2118.77592105465
2118.77592105465
2118.77592105465
2118.77592105465
2118.77592105465
2118.77592105465
2118.77592105465
2118.77592105465
2118.77592105465
2118.77592105465
2118.77592105465
2118.77592105465
2118.77592105465
2118.77592105465
2118.77592105465
2118.77592105465
2118.77592105465
2118.77592105465
2118.77592105465
2118.77592105465
2118.77592105465
2118.7762784155
2118.7762784155
2118.7762784155
2118.7762784155
2118.7762784155
2123.228037112
2123.24360901788
2123.25308119656
2123.25308119656
2123.25308119656
2123.25308119656
2123.25308119656
2123.25308119656
2123.25308119656
2123.25308119656
2123.25308119656
2123.25308119656
2123.25308119656
2123.25871220681
2123.25871220681
2123.25871220681
2123.25871220681
2123.25871220681
2123.25871220681
2123.25871220681
2123.25871220681
2123.25871220681
2123.25871220681
2123.25871220681
2123.26226855209
2123.26226855209
2123.26226855209
2123.26226855209
2123.26226855209
2123.26226855209
2123.26226855209
2123.26226855209
2123.26226855209
2123.26226855209
2123.26226855209
2123.26226855209
2123.26226855209
2123.26226855209
2123.26226855209
2123.26226855209
2123.26226855209
2123.26226855209
2123.26226855209
2123.26226855209
2123.26226855209
2123.26226855209
2123.26226855209
2123.26226855209
2123.26226855209
2123.26226855209
2123.26226855209
2123.26226855209
2123.26226855209
2123.26226855209
2123.26226855209
2123.26226855209
2123.26226855209
2123.26226855209
2123.26226855209
2123.26226855209
2123.26226855209
2123.26226855209
2123.26226855209
2123.26226855209
2123.26226855209
2123.26226855209
2123.26226855209
2123.26226855209
2123.26226855209
2123.26226855209
2123.26226855209
2123.26226855209
2123.26226855209
2123.26226855209
2123.26226855209
2123.26226855209
2123.26226855209
2123.26226855209
2123.26226855209
2123.26226855209
2123.26226855209
2123.26226855209
2123.26226855209
2123.26226855209
2123.26226855209
2123.26226855209
2123.26226855209
2123.26226855209
2123.26226855209
2123.26226855209
2123.26226855209
2123.26226855209
2123.26226855209
2123.26226855209
2123.26226855209
2123.26226855209
2123.26226855209
2123.26226855209
2123.26226855209
2123.26226855209
2123.26226855209
2123.26226855209
2123.26226855209
2123.26226855209
2123.26226855209
2123.26226855209
2123.26226855209
2123.26226855209
2123.26226855209
2123.26226855209
2123.26226855209
2123.26226855209
2123.26226855209
2123.26226855209
2123.26226855209
2123.26226855209
2123.26226855209
2123.26226855209
2123.26226855209
2123.26226855209
2123.26226855209
2123.26226855209
2123.26226855209
2123.26226855209
2123.26226855209
2123.26226855209
2123.26226855209
2123.26226855209
2123.26226855209
2123.26226855209
2123.26226855209
2123.26226855209
2123.26226855209
2123.26226855209
2123.26226855209
2123.26226855209
2123.26226855209
2123.26226855209
2123.26226855209
2123.26226855209
2123.26226855209
2123.26226855209
2123.26226855209
2123.26226855209
2123.26226855209
2123.26226855209
2123.26226855209
2123.26226855209
2123.26226855209
2123.26226855209
2123.26226855209
2123.26226855209
2123.26226855209
2123.26226855209
2123.26226855209
2123.26226855209
2123.26226855209
2123.26226855209
2123.26226855209
2123.26226855209
2123.26226855209
2123.26226855209
2123.26226855209
2123.26226855209
2123.26226855209
2123.26226855209
2123.26226855209
2123.26226855209
2123.26226855209
2123.26226855209
2123.26226855209
2123.26226855209
2123.26226855209
2123.26226855209
2123.26226855209
2123.26226855209
2123.26226855209
2123.26226855209
2123.26226855209
2123.26226855209
2123.26226855209
2123.26226855209
2123.26226855209
2123.26226855209
2123.26226855209
2123.26226855209
2123.26226855209
2123.26226855209
2123.26226855209
2123.26226855209
2123.26226855209
2123.26226855209
2123.26226855209
2123.26226855209
2123.26226855209
2123.26226855209
2123.26226855209
2123.26226855209
2123.26226855209
2123.26226855209
2123.26226855209
2123.26226855209
2123.26226855209
2123.26226855209
2123.26226855209
2123.26226855209
2123.26226855209
2123.26226855209
2123.26226855209
2123.26226855209
2123.26226855209
2123.26226855209
2123.26226855209
2123.26226855209
2123.26226855209
2123.26226855209
2123.26226855209
2123.26226855209
2123.26226855209
2123.26226855209
2123.26226855209
2123.26226855209
2123.26226855209
2123.26226855209
2123.26226855209
2123.26226855209
2123.26226855209
2125.31245132291
2125.31245132291
2125.31245132291
2125.31245132291
2125.31245132291
2125.31245132291
2125.31245132291
2125.31245132291
2125.31245132291
2125.31245132291
2125.31245132291
2125.31245132291
2125.31245132291
2125.31245132291
2125.31245132291
2125.31245132291
2127.73093011707
2127.73837147616
2127.73837147616
2127.73837147616
2127.73837147616
2127.73837147616
2127.73930563188
2127.73930563188
2127.73930563188
2127.73930563188
2127.73930563188
2127.74457997138
2127.74457997138
2127.74457997138
2127.74457997138
2127.74457997138
2127.74457997138
2127.74457997138
2127.74457997138
2129.62158821279
2129.63571995141
2129.64881484657
2129.64881484657
2129.64881484657
2139.32881189181
2139.33328780116
2139.34036360401
2139.34254775102
2139.34724028008
2139.34724028008
2139.34724028008
2139.34724028008
2139.34724028008
2139.34724028008
2139.34724028008
2139.34724028008
2139.34724028008
2139.34756300124
2139.34756300124
2139.34756300124
2139.34756300124
2139.34756300124
2139.34756300124
2139.34756300124
2139.34756300124
2139.34756300124
2139.34756300124
2139.34756300124
2139.34756300124
2139.34756300124
2139.34756300124
2139.34756300124
2139.34756300124
2139.34756300124
2139.34756300124
2139.34756300124
2139.34756300124
2139.35387556
2139.35387556
2139.35387556
2139.35387556
2139.35387556
2139.35387556
2139.35387556
2139.35387556
2139.35387556
2139.35387556
2139.35387556
2139.35387556
2139.35387556
2139.35387556
2139.35387556
2139.35387556
2139.35387556
2139.35387556
2139.35387556
2139.35387556
2139.35387556
2139.35387556
2139.35387556
2139.35387556
2139.35387556
2139.35387556
2139.35387556
2139.35387556
2139.35387556
2139.35387556
2139.35387556
2139.35387556
2139.35387556
2139.35387556
2139.35387556
2139.35387556
2139.35387556
2139.35387556
2139.35387556
2139.35387556
2139.35387556
2139.35387556
2139.35387556
2139.35387556
2139.35387556
2139.35387556
2139.35387556
2139.35387556
2139.35387556
2139.35387556
2139.35387556
2139.35387556
2139.35387556
2139.35387556
2139.35387556
2139.35387556
2139.35387556
2139.35387556
2139.35387556
2139.35387556
2139.35387556
2139.35387556
2139.35387556
2139.35387556
2139.35387556
2139.35387556
2139.35387556
2139.35387556
2139.35387556
2139.35387556
2139.35387556
2139.35387556
2139.35387556
2139.35387556
2139.35387556
2139.35387556
2139.35387556
2139.35387556
2139.35387556
2139.35387556
2139.35387556
2139.35387556
2139.35387556
2139.35387556
2139.35387556
2139.35387556
2139.35387556
2139.35387556
2139.35387556
2139.35387556
2139.35387556
2139.35387556
2139.35387556
2139.35387556
2139.35387556
2139.35387556
2139.35387556
2139.35387556
2139.35387556
2139.35387556
2139.35387556
2139.35387556
2139.35387556
2139.35387556
2139.35387556
2139.35387556
2139.35387556
2139.35387556
2139.35387556
2139.35387556
2139.35387556
2139.35387556
2139.35387556
2139.35387556
2139.35387556
2139.35387556
2139.35387556
2139.35387556
2139.35387556
2139.35387556
2139.35387556
2139.35387556
2139.35387556
2139.35387556
2139.35387556
2139.35387556
2139.35387556
2139.35387556
2139.35387556
2139.35387556
2139.35387556
2139.35387556
2139.35387556
2139.35387556
2139.35387556
2139.35387556
2139.35387556
2139.35387556
2139.35387556
2139.35387556
2139.35387556
2139.35387556
2139.35387556
2139.35387556
2139.35387556
2139.35387556
2139.35387556
2139.35387556
2139.35387556
2142.00242502258
2142.00242502258
2142.00242502258
2142.00242502258
2142.00746718902
2142.00746718902
2142.00746718902
2142.00746718902
2142.00746718902
2142.00909239313
2142.00909239313
2142.00909239313
2142.00909239313
2142.00909239313
2142.00909239313
2142.00909239313
2142.00909239313
2142.00909239313
2142.00909239313
2142.01279944032
2142.01279944032
2142.01279944032
2142.01279944032
2142.01279944032
2142.01279944032
2142.01279944032
2142.01279944032
2142.01279944032
2142.01279944032
2142.01279944032
2142.01279944032
2142.01340984362
2142.01340984362
2142.01340984362
2142.01340984362
2142.01340984362
2142.01340984362
2142.01340984362
2142.01804824468
2142.01804824468
2142.01804824468
2142.01804824468
2142.01804824468
2142.01804824468
2142.01804824468
2142.01804824468
2142.01804824468
2142.01804824468
2142.01804824468
2142.01804824468
2142.01804824468
2142.01804824468
2142.01804824468
2142.01804824468
2142.01804824468
2142.01804824468
2142.01804824468
2142.01804824468
2142.01804824468
2142.01804824468
2142.01804824468
2142.01804824468
2142.01804824468
2142.01804824468
2142.01804824468
2142.01804824468
2142.01804824468
2142.01804824468
2142.01804824468
2142.01804824468
2142.01804824468
2142.01804824468
2142.01804824468
2142.01804824468
2142.01804824468
2142.01804824468
2142.01804824468
2142.01804824468
2142.01804824468
2142.01804824468
2142.01804824468
2142.01804824468
2142.01804824468
2142.01804824468
2142.01804824468
2142.01804824468
2142.01804824468
2142.01804824468
2142.01804824468
2142.01804824468
2142.01804824468
2142.01804824468
2142.01804824468
2142.01804824468
2142.01804824468
2142.01804824468
2142.01804824468
2142.01804824468
2142.01804824468
2142.01804824468
2142.01804824468
2142.01804824468
2142.01804824468
2142.01804824468
2142.01804824468
2142.01804824468
2142.01804824468
2142.01804824468
2142.01804824468
2142.01804824468
2142.01804824468
2142.01804824468
2142.01804824468
2142.01804824468
2142.01804824468
2142.01804824468
2142.01804824468
2142.01804824468
2142.01804824468
2142.01804824468
2142.01804824468
2142.01804824468
2142.01804824468
2142.01804824468
2142.01804824468
2142.01804824468
2142.01804824468
2142.01804824468
2145.85439740659
2145.85439740659
2145.85439740659
2152.25103567377
2152.2612135619
2152.2612135619
2152.26436666438
2152.26436666438
2152.26436666438
2152.2657984283
2152.27451049877
2152.27451049877
2152.27451049877
2152.27451049877
2152.27451049877
2154.42384849227
2154.4427245398
2154.4427245398
2154.4427245398
2154.4427245398
2154.4427245398
2154.4427245398
2154.4427245398
2154.4427245398
2154.44332537553
2154.44332537553
2154.44544016982
2154.44544016982
2154.44544016982
2154.44544016982
2154.44544016982
2154.45088567364
2154.45088567364
2154.46373654682
2154.46373654682
2154.46373654682
2154.46373654682
2154.46373654682
2154.46373654682
2154.46373654682
2154.46373654682
2154.46373654682
2154.46373654682
2154.46373654682
2154.46373654682
2154.46373654682
2154.46373654682
2154.46373654682
2154.46373654682
2154.46373654682
2154.46489276553
2154.46489276553
2154.46489276553
2154.46489276553
2154.46489276553
2154.46489276553
2154.46489276553
2154.46489276553
2154.46489276553
2154.46489276553
2154.46489276553
2154.46489276553
2154.46489276553
2154.46489276553
2154.46489276553
2154.46489276553
2154.46489276553
2154.46489276553
2154.46489276553
2154.46489276553
2154.46489276553
2154.46489276553
2154.46489276553
2154.46489276553
2154.46489276553
2154.46489276553
2154.46489276553
2154.46489276553
2155.2541401204
2155.26786820254
2155.26786820254
2155.26786820254
2155.27321418252
2155.27321418252
2155.27321418252
2155.58656184351
2155.60368412765
2155.60368412765
2155.60557226904
2155.60557226904
2155.60557226904
2155.60557226904
2155.60558868697
2155.60558868697
2155.60558868697
2155.62441812151
2155.62441812151
2155.62441812151
2155.62441812151
2155.62441812151
2155.62441812151
2155.62441812151
2155.62441812151
2155.62441812151
2155.62441812151
2155.62441812151
2155.62441812151
2155.62441812151
2155.62441812151
2155.62441812151
2155.62441812151
2155.62441812151
2155.63004934509
2155.63004934509
2155.63004934509
2155.63004934509
2155.63004934509
2155.63004934509
2155.63004934509
2155.63004934509
2155.63004934509
2155.63004934509
2155.63004934509
2155.63004934509
2155.63004934509
2155.63004934509
2155.63004934509
2155.63004934509
2155.63004934509
2155.63004934509
2155.63004934509
2155.63004934509
2155.63004934509
2155.63004934509
2155.63004934509
2155.63004934509
2158.15820618314
2158.17818347523
2158.17818347523
2158.18841669588
2158.18841669588
2158.18841669588
2158.18841669588
2158.20216040401
2158.20216040401
2158.20216040401
2158.20216040401
2158.20216040401
2158.20216040401
2158.20216040401
2158.20216040401
2158.20216040401
2158.20216040401
2158.20216040401
2158.20216040401
2158.20216040401
2158.20216040401
2158.20216040401
2158.20216040401
2158.20216040401
2158.20216040401
2158.20216040401
2158.20216040401
2158.20216040401
2158.20216040401
2158.20216040401
2158.20216040401
2158.20216040401
2158.20216040401
2158.20216040401
2158.20216040401
2158.20216040401
2158.20216040401
2158.20216040401
2158.20216040401
2158.20216040401
2158.20216040401
2158.20216040401
2158.20216040401
2158.20216040401
2158.20216040401
2158.20216040401
2158.20216040401
2158.20216040401
2158.20216040401
2158.20216040401
2158.20216040401
2158.20216040401
2158.20216040401
2158.20216040401
2158.20216040401
2158.20216040401
2158.20216040401
2158.20216040401
2158.20216040401
2158.20216040401
2158.20216040401
2158.20216040401
2158.20216040401
2158.20216040401
2158.20216040401
2158.20216040401
2158.20216040401
2158.20216040401
2158.20216040401
2158.20216040401
2158.20216040401
2158.20216040401
2158.20216040401
2158.20216040401
2158.20216040401
2158.20216040401
2158.3786736135
2158.38462354537
2158.39100885962
2158.39100885962
2158.39100885962
2158.39100885962
2158.391722509
2158.391722509
2158.4098362702
2158.4098362702
2158.4098362702
2158.4098362702
2158.4098362702
2158.4098362702
2159.1799536621
2159.1799536621
2159.1799536621
2159.1799536621
2159.1799536621
2159.1799536621
2159.1799536621
2159.1799536621
2159.18422620203
2159.18422620203
2159.18422620203
2159.18422620203
2159.18422620203
2159.18422620203
2159.18422620203
2159.18422620203
2159.18422620203
2159.18422620203
2159.18422620203
2159.18422620203
2159.18422620203
2159.18422620203
2159.18716215074
2159.18716215074
2159.18716215074
2159.18716215074
2159.18716215074
2159.18716215074
2159.18716215074
2159.18716215074
2159.18716215074
2159.18716215074
2159.18716215074
2159.1995443555
2159.1995443555
2159.1995443555
2159.1995443555
2159.1995443555
2159.1995443555
2159.1995443555
2159.1995443555
2159.1995443555
2159.1995443555
2159.1995443555
2159.1995443555
2159.1995443555
2159.1995443555
2159.1995443555
2159.1995443555
2159.1995443555
2159.1995443555
2159.1995443555
2159.1995443555
2159.1995443555
2159.1995443555
2159.1995443555
2159.1995443555
2159.1995443555
2159.1995443555
2159.1995443555
2159.1995443555
2159.28950437692
2159.29959811375
2159.29959811375
2159.30383175799
2159.31199341527
2159.31869403977
2159.31869403977
2159.32632288702
2159.32632288702
2159.32632288702
2159.32632288702
2159.32632288702
2159.32632288702
2159.32632288702
2159.32632288702
2159.32632288702
2159.32632288702
2159.32632288702
2159.32632288702
2159.32632288702
2159.32632288702
2159.32632288702
2159.32632288702
2159.32632288702
2159.32632288702
2159.32632288702
2159.32632288702
2159.32632288702
2159.32632288702
2159.32632288702
2159.32632288702
2159.32632288702
2159.32632288702
2159.32632288702
2159.32632288702
2159.32632288702
2159.32632288702
2159.32632288702
2159.32632288702
2159.32632288702
2159.32632288702
2159.32632288702
2159.32632288702
2159.32632288702
2159.32632288702
2159.32632288702
2159.32632288702
2159.32632288702
2159.32632288702
2159.32632288702
2159.32632288702
2159.32632288702
2159.32632288702
2159.32632288702
2159.32632288702
2159.32632288702
2159.32632288702
2159.32632288702
2159.32632288702
2159.32632288702
2159.32632288702
2159.32632288702
2159.32632288702
2159.32632288702
2159.32632288702
2159.32632288702
2159.32632288702
2159.32632288702
2159.32632288702
2159.32632288702
2159.32632288702
2159.32632288702
2159.32632288702
2159.32632288702
2159.32632288702
2159.32632288702
2159.32632288702
2159.32632288702
2159.32632288702
2159.32632288702
2159.32632288702
2159.32632288702
2159.32632288702
2159.32632288702
2159.32632288702
2159.32632288702
2159.32632288702
2159.32632288702
2159.32632288702
2159.32632288702
2159.32632288702
2159.32632288702
2159.32632288702
2159.70043886109
2159.70043886109
2159.70043886109
2159.70043886109
2159.70043886109
2159.70043886109
2159.70043886109
2159.70043886109
2159.70043886109
2159.70043886109
2159.70043886109
2159.70043886109
2159.70043886109
2159.70043886109
2159.70043886109
2159.70043886109
2159.70043886109
2159.70043886109
2159.70043886109
2159.70043886109
2159.70043886109
2159.70043886109
2159.70043886109
2159.70043886109
2159.70043886109
2159.70043886109
2159.70043886109
2159.70043886109
2159.70043886109
2159.70043886109
2159.70043886109
2159.70043886109
2159.70043886109
2159.70043886109
2159.70043886109
2159.70043886109
2159.70043886109
2159.70043886109
2159.70043886109
2159.70043886109
2159.70043886109
2159.70043886109
2159.70043886109
2159.70043886109
2159.70043886109
2159.70043886109
2159.70043886109
2159.72090931814
2159.72559521059
2159.72559521059
2159.72559521059
2159.72559521059
2159.72559521059
2159.72559521059
2159.72559521059
2159.72559521059
2159.72559521059
2159.72559521059
2159.72559521059
2159.72559521059
2159.72559521059
2159.72559521059
2159.72559521059
2159.72559521059
2159.72559521059
2159.72559521059
2159.72559521059
2159.72559521059
2159.72559521059
2159.72559521059
2159.72559521059
2159.72559521059
2159.72559521059
2159.72559521059
2159.72559521059
2159.72559521059
2159.72559521059
2159.72559521059
2159.72559521059
2159.72559521059
2159.72559521059
2159.72559521059
2159.72559521059
2159.72559521059
2159.72559521059
2159.72559521059
2159.72559521059
2165.6877198557
2165.6877198557
2165.70479996658
2165.70479996658
2165.70479996658
2165.70479996658
2165.70664954212
2165.70664954212
2165.70664954212
2165.70664954212
2165.70664954212
2165.70664954212
2165.70664954212
2165.70664954212
2165.70664954212
2165.70664954212
2165.70664954212
2165.70664954212
2165.70664954212
2165.70664954212
2165.70664954212
2165.70664954212
2165.70664954212
2165.7082262468
2165.7082262468
2165.7082262468
2165.7082262468
2165.7082262468
2165.7082262468
2165.7082262468
2165.7082262468
2165.71039957819
2165.71039957819
2165.71039957819
2165.71039957819
2165.71039957819
2165.71039957819
2165.71039957819
2165.71039957819
2165.71039957819
2165.71039957819
2165.71039957819
2165.71039957819
2165.71039957819
2165.71039957819
2165.71039957819
2165.71039957819
2165.71039957819
2165.71039957819
2165.71039957819
2165.71039957819
2165.71039957819
2165.71039957819
2165.71039957819
2165.71039957819
2165.71039957819
2165.71039957819
2165.71039957819
2165.71039957819
2165.71039957819
2165.71039957819
2165.71039957819
2165.71039957819
2165.71039957819
2165.71039957819
2165.71039957819
2166.04011338361
2166.04681710608
2166.04681710608
2166.04681710608
2166.04681710608
2166.04788194572
2166.04788194572
2166.04788194572
2166.04788194572
2166.06403375764
2166.06403375764
2166.06403375764
2166.06403375764
2166.06403375764
2166.06403375764
2166.06403375764
2166.06403375764
2166.06403375764
2166.06403375764
2166.06403375764
2166.06403375764
2166.06403375764
2166.06403375764
2166.06403375764
2166.06403375764
2168.40199219195
2168.42896996559
2168.43341490007
2168.43341490007
2168.43341490007
2168.43341490007
2168.44274222148
2168.44274222148
2168.44274222148
2168.44274222148
2168.44274222148
2168.44274222148
2168.44274222148
2168.44274222148
2168.44274222148
2168.44274222148
2168.44274222148
2168.44274222148
2168.44274222148
2168.44274222148
2168.44274222148
2168.44274222148
2168.44274222148
2168.44274222148
2168.44274222148
2168.44274222148
2168.44274222148
2168.44274222148
2168.44274222148
2168.44887131627
2168.44887131627
2168.44887131627
2168.44887131627
2168.44887131627
2168.44887131627
2168.44887131627
2168.44887131627
2168.44887131627
2168.44887131627
2168.44887131627
2168.44887131627
2168.44887131627
2168.44887131627
2168.44887131627
2168.44887131627
2168.44887131627
2168.44887131627
2168.44887131627
2168.44887131627
2168.44887131627
2168.44887131627
2168.44887131627
2168.44887131627
2168.44887131627
2168.44887131627
2168.44887131627
2168.44887131627
2168.44887131627
2168.44887131627
2168.44887131627
2168.44887131627
2168.44887131627
2168.44887131627
2168.44887131627
2168.44887131627
2168.44887131627
2168.44887131627
2168.44887131627
2168.44887131627
2168.44887131627
2168.44887131627
2168.44887131627
2168.44887131627
2168.44887131627
2168.44887131627
2168.44887131627
2168.44887131627
2168.44887131627
2168.44887131627
2168.44887131627
2168.44887131627
2168.44887131627
2168.44887131627
2168.44887131627
2168.44887131627
2168.44887131627
2168.44887131627
2168.44887131627
2168.44887131627
2168.44887131627
2168.44887131627
2168.44887131627
2168.44887131627
2168.44887131627
2168.44887131627
2168.44887131627
2168.44887131627
2168.44887131627
2168.44887131627
2168.44887131627
2168.44887131627
2168.44887131627
2172.31387979298
2172.33696600296
2172.33696600296
2172.33696600296
2172.33696600296
2172.33696600296
2172.33696600296
2172.33696600296
2172.33696600296
2172.33696600296
2172.33696600296
2172.33696600296
2172.33696600296
2172.33696600296
2172.33696600296
2172.33696600296
2172.33696600296
2172.33696600296
2172.33696600296
2172.33696600296
2172.33696600296
2172.33696600296
2172.33696600296
2172.33696600296
2172.33696600296
2172.33696600296
2172.33696600296
2172.33696600296
2172.33696600296
2172.33696600296
2172.33696600296
2172.33696600296
2172.33696600296
2172.33696600296
2172.33696600296
2172.33696600296
2172.33696600296
2172.33696600296
2172.33696600296
2172.33696600296
2172.33696600296
2172.33696600296
2172.33696600296
2172.33696600296
2172.33696600296
2172.33696600296
2172.33696600296
2172.33696600296
2172.33696600296
2172.33696600296
2172.33696600296
2172.33696600296
2172.33696600296
2172.33696600296
2172.33696600296
2172.33696600296
2172.33696600296
2172.33696600296
2172.33696600296
2172.33696600296
2172.33696600296
2172.33696600296
2172.33696600296
2172.33696600296
2172.33696600296
2172.33696600296
2172.33696600296
2172.33696600296
2172.33696600296
2172.33696600296
2172.33696600296
2172.33696600296
2172.33696600296
2172.33696600296
2172.33696600296
2172.33696600296
2172.33696600296
2172.33696600296
2172.33696600296
2172.33696600296
2172.33696600296
2172.33696600296
2172.33696600296
2172.33696600296
2172.33696600296
2172.33696600296
2172.33696600296
2172.33696600296
2172.33696600296
2172.33696600296
2172.33696600296
2172.33696600296
2172.33696600296
2172.33696600296
2172.33696600296
2172.33696600296
2172.33696600296
2172.33696600296
2172.33696600296
2172.33696600296
2172.33696600296
2172.33696600296
2172.33696600296
2172.33696600296
2172.33696600296
2172.33696600296
2172.33696600296
2172.33696600296
2172.33696600296
2172.33696600296
2172.33696600296
2172.33696600296
2172.33696600296
2172.33696600296
2172.33696600296
2172.33696600296
2172.33696600296
2172.33696600296
2172.33696600296
2172.33696600296
2172.33696600296
2172.33696600296
2172.33696600296
2172.33696600296
2172.33696600296
2172.33696600296
2172.33696600296
2172.33696600296
2172.33696600296
2172.33696600296
2172.33696600296
2172.33696600296
2172.33696600296
2172.33696600296
2172.33696600296
2172.33696600296
2172.33696600296
2172.33696600296
2172.33696600296
2172.33696600296
2172.33696600296
2172.33696600296
2172.33696600296
2172.33696600296
2172.33696600296
2172.33696600296
2172.33696600296
2172.33696600296
2172.33696600296
2172.33696600296
2172.33696600296
2172.33696600296
2172.33696600296
2172.33696600296
2172.33696600296
2172.33696600296
2172.33696600296
2172.33696600296
2172.33696600296
2172.33696600296
2172.33696600296
2172.33696600296
2172.33696600296
2172.33696600296
2172.33696600296
2172.33696600296
2172.33696600296
2172.33696600296
2172.33696600296
2172.33696600296
2172.33696600296
2172.33696600296
2172.33696600296
2172.33696600296
2172.33696600296
2172.33696600296
2172.33696600296
2172.33696600296
2172.33696600296
2172.33696600296
2172.33696600296
2172.33696600296
2172.33696600296
2172.33696600296
2172.33696600296
2172.33696600296
2172.33696600296
2172.33696600296
2172.33696600296
2172.33696600296
2172.33696600296
2172.33696600296
2172.33696600296
2172.33696600296
2172.33696600296
2172.33696600296
2172.33696600296
2172.33696600296
2172.33696600296
2172.33696600296
2172.33696600296
2172.33696600296
2172.33696600296
2172.33696600296
2172.33696600296
2172.33696600296
2172.33696600296
2172.33696600296
2172.33696600296
2172.33696600296
2172.33696600296
2172.33696600296
2172.33696600296
2172.33696600296
2172.33696600296
2172.33696600296
2172.33696600296
2172.33696600296
2172.33696600296
2172.33696600296
2172.33696600296
2172.33696600296
2172.33696600296
2172.33696600296
2172.33696600296
2172.33696600296
2172.33696600296
2172.33696600296
2172.33696600296
2172.33696600296
2172.33696600296
2172.33696600296
2172.33696600296
2172.33696600296
2172.33696600296
2172.33696600296
2172.33696600296
2172.33696600296
2172.33696600296
2173.99190419478
2173.99234110382
2173.99234110382
2173.99993389281
2173.99993389281
2174.01556910253
2174.01556910253
2174.01556910253
2174.01556910253
2174.01556910253
2174.01556910253
2174.01556910253
2174.01556910253
2174.01556910253
2174.01556910253
2174.01556910253
2174.01556910253
2174.01556910253
2174.01556910253
2174.01556910253
2174.01556910253
2174.01556910253
2179.76401718723
2179.77343311261
2179.77343311261
2179.78534906034
2179.7882263055
2180.09078456303
2180.10305740465
2181.18728046013
2181.19970232781
2181.21520908189
2181.21520908189
2181.21520908189
2181.21520908189
2181.21520908189
2181.21520908189
2181.21943236356
2181.21992439393
2181.21992439393
2181.21992439393
2181.21992439393
2181.21992439393
2181.21992439393
2181.21992439393
2181.21992439393
2181.22113225384
2181.22113225384
2181.22113225384
2181.22113225384
2181.22113225384
2181.22113225384
2181.22113225384
2181.22113225384
2181.22113225384
2181.22113225384
2181.22113225384
2181.22113225384
2181.22113225384
2181.22113225384
2181.22113225384
2181.22113225384
2181.22113225384
2181.22113225384
2181.22113225384
2181.22113225384
2181.22113225384
2181.22113225384
2181.23431479396
2181.23431479396
2181.23431479396
2181.23431479396
2181.23431479396
2181.23431479396
2181.23431479396
2181.23431479396
2181.23431479396
2181.23431479396
2181.23431479396
2181.23431479396
2181.23431479396
2181.23431479396
2181.23431479396
2181.23431479396
2181.23431479396
2181.23431479396
2181.23431479396
2181.23431479396
2181.23431479396
2181.23431479396
2181.23431479396
2181.23431479396
2181.23431479396
2181.23431479396
2181.23431479396
2181.23431479396
2181.23431479396
2181.23431479396
2181.23431479396
2181.23431479396
2181.23431479396
2181.23431479396
2181.23431479396
2181.23431479396
2181.23431479396
2181.23431479396
2181.23431479396
2181.23431479396
2181.23431479396
2181.23431479396
2181.23431479396
2181.23431479396
2181.23431479396
2181.23431479396
2181.23431479396
2181.23431479396
2181.23431479396
2181.23431479396
2181.23431479396
2181.23431479396
2181.23431479396
2181.23431479396
2181.23431479396
2181.23431479396
2181.23431479396
2181.23431479396
2181.23431479396
2181.23431479396
2181.23431479396
2181.23431479396
2181.23431479396
2181.23431479396
2181.23431479396
2181.23431479396
2181.23431479396
2181.23431479396
2181.23431479396
2181.23431479396
2181.23431479396
2181.23431479396
2181.23431479396
2181.23431479396
2181.23431479396
2181.23431479396
2181.23431479396
2181.23431479396
2181.23431479396
2181.23431479396
2181.23431479396
2181.23431479396
2181.23431479396
2181.23431479396
2181.23431479396
2181.23431479396
2181.23431479396
2181.23431479396
2181.23431479396
2181.23431479396
2181.23431479396
2181.23431479396
2181.23431479396
2181.23431479396
2181.23431479396
2181.23431479396
2181.23431479396
2181.23431479396
2181.23431479396
2181.23431479396
2181.23431479396
2181.23431479396
2181.23431479396
2181.23431479396
2181.23431479396
2181.23431479396
2181.23431479396
2181.23431479396
2181.23431479396
2181.23431479396
2181.23431479396
2181.23431479396
2181.23431479396
2181.23431479396
2181.23431479396
2181.23431479396
2181.23431479396
2181.23431479396
2181.23431479396
2181.23431479396
2181.23431479396
2181.23431479396
2181.23431479396
2181.23431479396
2181.23431479396
2181.23431479396
2181.23431479396
2181.23431479396
2181.23431479396
2181.23431479396
2181.23431479396
2181.23431479396
2181.23431479396
2181.23431479396
2181.23431479396
2181.23431479396
2181.23431479396
2181.23431479396
2181.23431479396
2181.23431479396
2181.23431479396
2181.23431479396
2181.23431479396
2181.23431479396
2181.23431479396
2181.23431479396
2181.23431479396
2181.23431479396
2181.23431479396
2181.23431479396
2181.23431479396
2181.23431479396
2181.23431479396
2181.23431479396
2181.23431479396
2181.23431479396
2181.23431479396
2181.23431479396
2181.23431479396
2181.23431479396
2181.23431479396
2181.23431479396
2181.23431479396
2181.23431479396
2181.23431479396
2181.23431479396
2181.23431479396
2181.23431479396
2181.23431479396
2181.23431479396
2181.23431479396
2181.23431479396
2181.23431479396
2181.23431479396
2181.23431479396
2181.23431479396
2181.23431479396
2181.23431479396
2181.23431479396
2181.23431479396
2181.23431479396
2181.23431479396
2181.23431479396
2181.23431479396
2181.23431479396
2181.23431479396
2181.23431479396
2181.66057495371
2181.7055335816
2181.7055335816
2181.7055335816
2181.7055335816
2181.71404188631
2181.71404188631
2181.71404188631
2181.71404188631
2181.71404188631
2181.71404188631
2181.71404188631
2181.71404188631
2181.71404188631
2181.71404188631
2181.71404188631
2181.71404188631
2181.71404188631
2181.71404188631
2181.71404188631
2181.71404188631
2181.71404188631
2181.71404188631
2181.71404188631
2181.71404188631
2181.71404188631
2181.71404188631
2181.71404188631
2181.71404188631
2181.71404188631
2181.71404188631
2181.71404188631
2181.71404188631
2181.71404188631
2181.71404188631
2181.71404188631
2181.71404188631
2181.71404188631
2181.71404188631
2181.71404188631
2181.71404188631
2181.71404188631
2181.71404188631
2181.71404188631
2181.71404188631
2181.71404188631
2181.71404188631
2181.71404188631
2181.71404188631
2181.71404188631
2181.71404188631
2181.71404188631
2181.71404188631
2181.71404188631
2181.71404188631
2181.71404188631
2181.71404188631
2181.71404188631
2181.71404188631
2181.71404188631
2181.71404188631
2181.71404188631
2181.71404188631
2181.71404188631
2181.71404188631
2181.71404188631
2181.71404188631
2181.71404188631
2181.71404188631
2181.71404188631
2181.71404188631
2181.71404188631
2181.71404188631
2181.71404188631
2181.71404188631
2181.71404188631
2181.71404188631
2181.71404188631
2181.71404188631
2181.71404188631
2181.71404188631
2181.71404188631
2181.71404188631
2181.71404188631
2181.71404188631
2181.71404188631
2181.71404188631
2181.71404188631
2181.71404188631
2181.71404188631
2181.71404188631
2181.71404188631
2181.71404188631
2181.71404188631
2181.71404188631
2181.71404188631
2181.71404188631
2181.71404188631
2181.71404188631
2181.71404188631
2181.71404188631
2181.71404188631
2181.71404188631
2181.71404188631
2181.71404188631
2181.71404188631
2181.71404188631
2181.71404188631
2181.71404188631
2181.71404188631
2181.71404188631
2181.71404188631
2181.71404188631
2181.71404188631
2181.71404188631
2181.71404188631
2181.71404188631
2181.71404188631
2181.71404188631
2181.71404188631
2181.71404188631
2181.71404188631
2181.71404188631
2181.71404188631
2181.71404188631
2181.71404188631
2181.71404188631
2181.71404188631
2181.71404188631
2181.71404188631
2181.97735094667
2181.99198026398
2181.99198026398
2181.99198026398
2181.99198026398
2182.00115159852
2182.00115159852
2182.00115159852
2182.00115159852
2182.00115159852
2182.00115159852
2182.00115159852
2182.00115159852
2182.00115159852
2182.00115159852
2182.00115159852
2182.00115159852
2182.00115159852
2182.00115159852
2182.00115159852
2182.00115159852
2182.00115159852
2182.00115159852
2182.00115159852
2182.00115159852
2182.00115159852
2182.00115159852
2182.00115159852
2182.00115159852
2182.00115159852
2182.00115159852
2182.00115159852
2182.00115159852
2182.00115159852
2182.00115159852
2182.00115159852
2182.00115159852
2182.00115159852
2182.00115159852
2182.00115159852
2182.00115159852
2182.00115159852
2182.00115159852
2182.00115159852
2182.00115159852
2182.00115159852
2182.00115159852
2182.00115159852
2182.00115159852
2182.00115159852
2182.00115159852
2182.00115159852
2182.00115159852
2182.00115159852
2182.00115159852
2182.00115159852
2182.00115159852
2182.00115159852
2182.00115159852
2182.00115159852
2182.00115159852
2182.00115159852
2182.00115159852
2182.00115159852
2182.00115159852
2182.00115159852
2182.00115159852
2182.00115159852
2182.00115159852
2182.00115159852
2182.00115159852
2182.00115159852
2182.00115159852
2182.00115159852
2182.00115159852
2182.00115159852
2182.00115159852
2182.00115159852
2182.00115159852
2182.00115159852
2182.00115159852
2183.21030187443
2183.21179538156
2183.21179538156
2183.21179538156
2183.22941015936
2183.2379819668
2183.2379819668
2183.2379819668
2183.2379819668
2183.2379819668
2183.2379819668
2183.2379819668
2183.2379819668
2183.2379819668
2183.2379819668
2183.2379819668
2183.2379819668
2183.2379819668
2183.2379819668
2183.2379819668
2183.2379819668
2183.2379819668
2183.2379819668
2183.2379819668
2183.2379819668
2183.2379819668
2183.2379819668
2183.2379819668
2183.2379819668
2183.2379819668
2183.2379819668
2183.2379819668
2183.2379819668
2183.2379819668
2183.2379819668
2183.2379819668
2183.2379819668
2183.2379819668
2183.2379819668
2183.2379819668
2183.2379819668
2183.2379819668
2183.2379819668
2183.2379819668
2183.2379819668
2183.2379819668
2183.2379819668
2183.2379819668
2183.2379819668
2183.2379819668
2183.2379819668
2183.2379819668
2183.2379819668
2183.2379819668
2183.2379819668
2183.2379819668
2183.2379819668
2183.2379819668
2183.2379819668
2183.2379819668
2183.2379819668
2183.2379819668
2183.2379819668
2183.2379819668
2183.2379819668
2183.2379819668
2183.2379819668
2183.2379819668
2183.2379819668
2183.2379819668
2190.85728562837
2190.88202913962
2190.88820308572
2190.88820308572
2190.89341560682
2190.89341560682
2190.89341560682
2190.89341560682
2190.89341560682
2190.89341560682
2190.89341560682
2190.89705469452
2190.89705469452
2190.89705469452
2190.89705469452
2190.90596925063
2190.90596925063
2190.90596925063
2190.90596925063
2190.90596925063
2190.90596925063
2190.90596925063
2190.90677343288
2190.90677343288
2190.90677343288
2190.90677343288
2190.90677343288
2190.90677343288
2190.90677343288
2190.90677343288
2190.90677343288
2190.90677343288
2190.90677343288
2190.9116163205
2190.9116163205
2190.9116163205
2190.9116163205
2190.9116163205
2190.9116163205
2190.9116163205
2190.9116163205
2190.9116163205
2190.9116163205
2190.9116163205
2190.9116163205
2190.9116163205
2190.9116163205
2190.9116163205
2190.9116163205
2190.9116163205
2190.9116163205
2190.9116163205
2190.9116163205
2190.9116163205
2190.9116163205
2190.9116163205
2190.9116163205
2190.9116163205
2190.9116163205
2190.9116163205
2190.9116163205
2190.9116163205
2190.9116163205
2190.9116163205
2190.9116163205
2190.9116163205
2190.9116163205
2190.9116163205
2190.9116163205
2190.9116163205
2190.9116163205
2190.9116163205
2190.9116163205
2190.9116163205
2190.9116163205
2190.9116163205
2190.9116163205
2190.9116163205
2190.9116163205
2190.9116163205
2190.9116163205
2190.9116163205
2190.9116163205
2190.9116163205
2190.9116163205
2190.9116163205
2190.9116163205
2190.9116163205
2190.9116163205
2190.9116163205
2190.9116163205
2190.9116163205
2190.9116163205
2190.9116163205
2190.9116163205
2190.9116163205
2190.9116163205
2190.9116163205
2190.9116163205
2190.9116163205
2190.9116163205
2190.9116163205
2190.9116163205
2190.9116163205
2190.9116163205
2190.9116163205
2190.9116163205
2190.9116163205
2190.9116163205
2190.9116163205
2190.9116163205
2190.9116163205
2190.9116163205
2190.9116163205
2190.9116163205
2190.9116163205
2190.9116163205
2190.9116163205
2190.9116163205
2190.9116163205
2190.9116163205
2190.9116163205
2190.9116163205
2190.9116163205
2190.9116163205
2190.9116163205
2190.9116163205
2190.9116163205
2190.9116163205
2190.9116163205
2190.9116163205
2190.9116163205
2190.9116163205
2190.9116163205
2190.9116163205
2190.9116163205
2190.9116163205
2190.9116163205
2190.9116163205
2190.9116163205
2190.9116163205
2190.9116163205
2190.9116163205
2190.9116163205
2190.9116163205
2190.9116163205
2190.9116163205
2190.9116163205
2190.9116163205
2190.9116163205
2190.9116163205
2190.9116163205
2190.9116163205
2190.9116163205
2190.9116163205
2190.9116163205
2190.9116163205
2190.9116163205
2190.9116163205
2190.9116163205
2190.9116163205
2190.9116163205
2190.9116163205
2190.9116163205
2190.9116163205
2190.9116163205
2190.9116163205
2190.9116163205
2190.9116163205
2190.9116163205
2190.9116163205
2190.9116163205
2190.9116163205
2190.9116163205
2190.9116163205
2190.9116163205
2190.9116163205
2190.9116163205
2190.9116163205
2190.9116163205
2190.9116163205
2190.9116163205
2190.9116163205
2190.9116163205
2190.9116163205
2190.9116163205
2190.9116163205
2190.9116163205
2190.9116163205
2190.9116163205
2190.9116163205
2190.9116163205
2190.9116163205
2190.9116163205
2190.9116163205
2190.9116163205
2190.9116163205
2190.9116163205
2190.9116163205
2190.9116163205
2190.9116163205
2190.9116163205
2190.9116163205
2190.9116163205
2190.9116163205
2190.9116163205
2192.40308887648
2192.43304200094
2192.43304200094
2192.43304200094
2192.43439514044
2192.43439514044
2192.43439514044
2192.43439514044
2192.43439514044
2192.43439514044
2192.43439514044
2192.43439514044
2192.44550960347
2192.44550960347
2192.44550960347
2192.44550960347
2192.44550960347
2192.44550960347
2195.37868595686
2195.37868595686
2195.37868595686
2195.37868595686
2195.38885115895
2195.38885115895
2195.3935924283
2195.3935924283
2195.3935924283
2195.3935924283
2195.3935924283
2195.3935924283
2195.3935924283
2195.3935924283
2195.3935924283
2195.3935924283
2195.3935924283
2195.3935924283
2195.3935924283
2195.3935924283
2195.3935924283
2195.3935924283
2195.3935924283
2195.3935924283
2195.39847562703
2195.39847562703
2195.39847562703
2195.39847562703
2195.39847562703
2195.39847562703
2195.39847562703
2195.39847562703
2195.39847562703
2195.39847562703
2195.39847562703
2195.39847562703
2195.39847562703
2195.39847562703
2195.39847562703
2195.39847562703
2195.39847562703
2195.39847562703
2195.39847562703
2195.39847562703
2195.39847562703
2195.39847562703
2195.39847562703
2195.39847562703
2195.39847562703
2195.39847562703
2195.39847562703
2195.39847562703
2195.39847562703
2195.39847562703
2195.39847562703
2195.39847562703
2195.39847562703
2195.39847562703
2195.39847562703
2195.39847562703
2195.39847562703
2195.39847562703
2195.39847562703
2195.39847562703
2195.39847562703
2195.39847562703
2195.39847562703
2195.39847562703
2195.39847562703
2195.39847562703
2195.39847562703
2195.39847562703
2195.39847562703
2195.39847562703
2195.39847562703
2195.39847562703
2195.39847562703
2195.39847562703
2195.39847562703
2195.39847562703
2195.39847562703
2195.39847562703
2195.39847562703
2195.39847562703
2195.39847562703
2195.39847562703
2195.39847562703
2195.39847562703
2195.39847562703
2195.39847562703
2195.39847562703
2195.39847562703
2195.39847562703
2195.39847562703
2195.39847562703
2195.39847562703
2195.39847562703
2195.39847562703
2195.85201326363
2195.89013313027
2195.90638869568
2195.90638869568
2195.90638869568
2195.91425836444
2197.10924375923
2197.11155072765
2197.1178496088
2197.1178496088
2197.1178496088
2197.1178496088
2197.1178496088
2197.1289329019
2197.1289329019
2197.1289329019
2197.1289329019
2197.1289329019
2197.1289329019
2197.1289329019
2197.1289329019
2197.1289329019
2197.1289329019
2197.1289329019
2197.1289329019
2197.1289329019
2197.1289329019
2197.1289329019
2197.1289329019
2197.1289329019
2197.1289329019
2197.1289329019
2197.1289329019
2197.1289329019
2197.1289329019
2197.1289329019
2197.1289329019
2197.1289329019
2197.1289329019
2197.1289329019
2197.13085800654
2197.13085800654
2197.14434134215
2197.14434134215
2197.14434134215
2197.14434134215
2197.14434134215
2197.14434134215
2197.14434134215
2197.14434134215
2197.14434134215
2197.14434134215
2197.14434134215
2197.14434134215
2197.14434134215
2197.14434134215
2197.14434134215
2197.14434134215
2197.14434134215
2197.14434134215
2197.14434134215
2197.14434134215
2197.14434134215
2197.14434134215
2197.14434134215
2198.08543170327
2198.08543170327
2198.08543170327
2198.09857023736
2198.10520251334
2198.10520251334
2198.10520251334
2198.10520251334
2198.10520251334
2198.10520251334
2198.10520251334
2198.10520251334
2198.10520251334
2198.10520251334
2198.10520251334
2198.10520251334
2198.10520251334
2198.10520251334
2198.10520251334
2198.10520251334
2198.10520251334
2198.10520251334
2198.10520251334
2198.10520251334
2198.10520251334
2198.10520251334
2198.10520251334
2198.10520251334
2198.10520251334
2198.10520251334
2198.10520251334
2198.10520251334
2198.10520251334
2198.10520251334
2198.10520251334
2198.10520251334
2198.10520251334
2198.10520251334
2198.10520251334
2198.10520251334
2198.10520251334
2198.10520251334
2198.10520251334
2198.10520251334
2198.10520251334
2198.10520251334
2198.10520251334
2198.10520251334
2198.10520251334
2198.10520251334
2198.10520251334
2198.10520251334
2198.10520251334
2198.10520251334
2198.10520251334
2198.10520251334
2198.10520251334
2198.10520251334
2198.10520251334
2198.10520251334
2198.10520251334
2198.10520251334
2198.10520251334
2198.10520251334
2198.10520251334
2198.10520251334
2198.10520251334
2198.10520251334
2198.10520251334
2198.10520251334
2198.10520251334
2198.10520251334
2198.10520251334
2198.10520251334
2198.10520251334
2198.10520251334
2198.10520251334
2198.10520251334
2198.10520251334
2198.10520251334
2198.10520251334
2198.10520251334
2198.10520251334
2198.10520251334
2198.10520251334
2198.10520251334
2198.10520251334
2198.10520251334
2198.10520251334
2198.10520251334
2198.10520251334
2198.10520251334
2198.10520251334
2198.10520251334
2198.10520251334
2198.10520251334
2198.10520251334
2198.10520251334
2198.10520251334
2198.10520251334
2198.10520251334
2198.10520251334
2198.10520251334
2198.10520251334
2198.10520251334
2198.10520251334
2198.10520251334
2198.10520251334
2198.10520251334
2198.10520251334
2198.10520251334
2198.10520251334
2198.10520251334
2198.10520251334
2198.10520251334
2198.10520251334
2198.10520251334
2198.10520251334
2198.10520251334
2198.10520251334
2198.10520251334
2198.10520251334
2198.10520251334
2198.10520251334
2198.10520251334
2198.10520251334
2198.10520251334
2198.10520251334
2199.07553194983
2199.10203357041
2199.10203357041
2199.10203357041
2199.10203357041
2199.10203357041
2199.10203357041
2199.10203357041
2199.10203357041
2199.10203357041
2199.10203357041
2199.10203357041
2199.10203357041
2199.10203357041
2199.10203357041
2199.10203357041
2199.10203357041
2199.10203357041
2199.10203357041
2199.10203357041
2199.10203357041
2199.10203357041
2199.10203357041
2199.10203357041
2199.10203357041
2199.10203357041
2199.10203357041
2199.10203357041
2199.10203357041
2199.11158427954
2199.11158427954
2199.11158427954
2199.11158427954
2199.11158427954
2199.11158427954
2199.11158427954
2199.11158427954
2199.11158427954
2199.11158427954
2199.11158427954
2199.11158427954
2199.11158427954
2199.11158427954
2199.11158427954
2199.11158427954
2199.11158427954
2199.11158427954
2199.11158427954
2199.11158427954
2199.11158427954
2199.11158427954
2199.11158427954
2199.11158427954
2199.11158427954
2199.11158427954
2199.11158427954
2199.11158427954
2199.11158427954
2199.11158427954
2199.11158427954
2199.11158427954
2202.82704047316
2205.77666137078
2205.7801883046
2205.79871185652
2205.79871185652
2205.79871185652
2205.8115478424
2205.8115478424
2205.8115478424
2205.8115478424
2205.8115478424
2205.8115478424
2205.8115478424
2205.81593408692
2205.81593408692
2205.81593408692
2205.81593408692
2205.81593408692
2205.8237392764
2205.8237392764
2205.8237392764
2205.8237392764
2205.8237392764
2205.8237392764
2205.8237392764
2205.8237392764
2205.8237392764
2205.83330923656
2205.83330923656
2205.83330923656
2205.83330923656
2205.83330923656
2205.83330923656
2205.83330923656
2205.85682875944
2205.85682875944
2205.85682875944
2205.85682875944
2205.85682875944
2205.85682875944
2205.85682875944
2205.85682875944
2205.85682875944
2205.85682875944
2205.85682875944
2205.85682875944
2205.85682875944
2205.85682875944
2205.85682875944
2205.85682875944
2205.85682875944
2205.85682875944
2205.85682875944
2205.85682875944
2205.85682875944
2205.85682875944
2205.85682875944
2205.85682875944
2205.85682875944
2205.85682875944
2205.85682875944
2205.85682875944
2205.85682875944
2205.85682875944
2205.85682875944
2205.85682875944
2205.85682875944
2205.85682875944
2205.85682875944
2205.85682875944
2205.85682875944
2205.85682875944
2205.85682875944
2205.85682875944
2205.85682875944
2205.85682875944
2205.85682875944
2205.85682875944
2205.85682875944
2205.85682875944
2205.85682875944
2205.85682875944
2205.85682875944
2205.85682875944
2205.85682875944
2205.85682875944
2205.85682875944
2205.85682875944
2205.85682875944
2205.85682875944
2206.4061516246
2206.43581049568
2206.43581049568
2206.43581049568
2206.44149081751
2206.44149081751
2206.44149081751
2206.44149081751
2206.44607307573
2206.44607307573
2206.44607307573
2206.44607307573
2206.44607307573
2206.4473250068
2206.4473250068
2206.4473250068
2206.45695975239
2206.45695975239
2206.45695975239
2206.45695975239
2206.45695975239
2206.45695975239
2206.45695975239
2206.45695975239
2206.45695975239
2206.45695975239
2206.45695975239
2206.45695975239
2206.45695975239
2206.45695975239
2206.45695975239
2206.45695975239
2206.45695975239
2206.45695975239
2206.45695975239
2206.45695975239
2206.45695975239
2206.45695975239
2206.45695975239
2206.45695975239
2206.45695975239
2206.45695975239
2206.45695975239
2206.45695975239
2206.45695975239
2206.45695975239
2206.45695975239
2206.45695975239
2206.45695975239
2206.45695975239
2206.45695975239
2206.45695975239
2206.45695975239
2206.45695975239
2206.45695975239
2206.45695975239
2206.45695975239
2206.45695975239
2206.45695975239
2206.45695975239
2207.92799675134
2207.92799675134
2207.92799675134
2207.92799675134
2207.92799675134
2207.92799675134
2207.92799675134
2207.92799675134
2207.92799675134
2207.92799675134
2207.92799675134
2207.92799675134
2207.92799675134
2207.92799675134
2207.92799675134
2207.92799675134
2207.92799675134
2207.92799675134
2207.92799675134
2207.92799675134
2207.92799675134
2207.92799675134
2207.92799675134
2207.92799675134
2207.92799675134
2207.92799675134
2207.92799675134
2207.92799675134
2207.92799675134
2207.92799675134
2207.92799675134
2207.92799675134
2207.92799675134
2207.92799675134
2207.92799675134
2207.92799675134
2207.92799675134
2207.92799675134
2207.92799675134
2207.92799675134
2207.92799675134
2207.92799675134
2207.92799675134
2207.92799675134
2207.92799675134
2207.92799675134
2207.92799675134
2207.92799675134
2207.92799675134
2207.92799675134
2207.92799675134
2207.92799675134
2207.92799675134
2207.92799675134
2207.92799675134
2207.92799675134
2207.92799675134
2207.92799675134
2207.92799675134
2207.92799675134
2207.92799675134
2207.92799675134
2207.92799675134
2207.92799675134
2208.55929143551
2208.57880900033
2208.57880900033
2208.57880900033
2208.57880900033
2208.57880900033
2208.57880900033
2208.57880900033
2208.57880900033
2208.59075965055
2208.59075965055
2208.59075965055
2208.59075965055
2208.59075965055
2208.59075965055
2208.59075965055
2208.59075965055
2208.59075965055
2208.59075965055
2208.59075965055
2208.59075965055
2208.59075965055
2208.59075965055
2208.59075965055
2208.59075965055
2208.59075965055
2208.59075965055
2208.59075965055
2213.15009958643
2213.16438522007
2213.16438522007
2213.16438522007
2213.16928062398
2213.16928062398
2213.16928062398
2213.1738359756
2213.1738359756
2213.1738359756
2213.1738359756
2213.1738359756
2213.1738359756
2213.1738359756
2213.1738359756
2213.1738359756
2213.1738359756
2213.1738359756
2213.1738359756
2213.1738359756
2213.1738359756
2213.1738359756
2213.1738359756
2213.1738359756
2213.1738359756
2213.1738359756
2213.1738359756
2213.1738359756
2213.1738359756
2213.1738359756
2213.1738359756
2213.1738359756
2213.1738359756
2213.1738359756
2213.1738359756
2213.1738359756
2213.1738359756
2213.1738359756
2213.1738359756
2213.1738359756
2213.1738359756
2213.1738359756
2213.1738359756
2213.1738359756
2213.1738359756
2213.1738359756
2213.1738359756
2213.1738359756
2213.1738359756
2213.1738359756
2213.1738359756
2213.1738359756
2213.1738359756
2213.1738359756
2213.1738359756
2213.1738359756
2213.1738359756
2213.1738359756
2213.1738359756
2213.1738359756
2213.1738359756
2213.1738359756
2213.1738359756
2213.1738359756
2213.1738359756
2213.1738359756
2213.1738359756
2213.1738359756
2213.1738359756
2213.1738359756
2213.1738359756
2213.1738359756
2213.1738359756
2213.1738359756
2213.1738359756
2213.1738359756
2213.1738359756
2213.1738359756
2213.1738359756
2213.1738359756
2213.1738359756
2213.1738359756
2213.1738359756
2213.1738359756
2213.1738359756
2213.1738359756
2213.1738359756
2213.1738359756
2213.1738359756
2213.1738359756
2213.1738359756

