2796.90152854237
3168.46162632829
3379.52854723572
3497.82512017715
3611.09878583595
3678.23918930974
3737.34994375984
3779.18768589878
3798.12257900172
3819.04906203555
3848.73625628275
3878.12295821774
3929.4583142714
3977.16031436217
4038.55665098014
4043.10976927001
4052.13123905988
4072.29542429364
4075.39165359232
4092.35548518732
4125.94745628369
4145.70843075653
4159.70997232945
4176.15056932859
4180.90263980689
4188.62589868672
4199.05910457813
4202.98829579808
4204.51610080041
4218.97136902188
4224.74558023231
4245.33334200598
4251.76046312
4277.58349869101
4289.41085786261
4298.9497748938
4298.9497748938
4299.22663506988
4311.08024879669
4319.35612624443
4329.13036457378
4330.53922262879
4343.72790098364
4352.94936964476
4372.72360508833
4384.53168082955
4397.52092951793
4415.12925696362
4428.21118138353
4428.21118138353
4428.21118138353
4439.81564052876
4447.95308254381
4448.55902531999
4448.55902531999
4448.55902531999
4454.88328046646
4456.14776758415
4456.14776758415
4456.7980078049
4473.66546141813
4473.66546141813
4476.59529397433
4476.67321290888
4481.09408613159
4482.11003992003
4482.11003992003
4482.11003992003
4491.32330359396
4496.80886705113
4497.38445859654
4500.50393932467
4503.21299956545
4520.46795268069
4522.16721153357
4522.16721153357
4522.16721153357
4523.49394862029
4531.9374070083
4538.56980481019
4539.18127713499
4540.38781169344
4543.9898614058
4543.9898614058
4543.9898614058
4551.09787405208
4551.09787405208
4551.09787405208
4560.77925089736
4566.01042628992
4566.01042628992
4576.19838137397
4576.19838137397
4576.19838137397
4589.80052980159
4597.34190696632
4597.34190696632
4597.34190696632
4597.34190696632
4597.34190696632
4600.64453635766
4600.64453635766
4600.64453635766
4600.64453635766
4601.08130839901
4601.83712933203
4601.83712933203
4601.83712933203
4604.36125253932
4608.74615934109
4614.00267584161
4620.02050969319
4628.52115765889
4628.52115765889
4634.47774873135
4634.47774873135
4634.69213626326
4634.69213626326
4634.69213626326
4638.95427724887
4638.95427724887
4644.52658705917
4644.52658705917
4646.89556295418
4653.00414422039
4657.40453593439
4658.45411441491
4658.45411441491
4658.45411441491
4662.31511125063
4671.64866669201
4672.36081381543
4672.36081381543
4672.36081381543
4672.36081381543
4672.36081381543
4674.25867076638
4678.34062942845
4679.05879634628
4685.47224505835
4685.47224505835
4685.47224505835
4685.47224505835
4694.00219600872
4698.5699293288
4698.5699293288
4698.5699293288
4698.5699293288
4698.5699293288
4706.51513649646
4706.51513649646
4706.51513649646
4716.42423837619
4716.42423837619
4716.42423837619
4716.42423837619
4724.81785391547
4729.32756981959
4734.87833576975
4734.87833576975
4734.87833576975
4736.41595798842
4736.41595798842
4740.33774685498
4743.71517083622
4743.71517083622
4751.76377736011
4752.72344971639
4761.84126773694
4761.84126773694
4761.84126773694
4761.84126773694
4761.84126773694
4765.54513019082
4765.54513019082
4765.54513019082
4765.54513019082
4769.5581862572
4771.51600865246
4771.51600865246
4771.51600865246
4774.98260648696
4774.98260648696
4778.08454701798
4778.16522206773
4778.16522206773
4778.16522206773
4786.68315820485
4788.97854371615
4801.01565751046
4801.01565751046
4807.40519344056
4807.40519344056
4807.40519344056
4807.40519344056
4807.90905552076
4807.90905552076
4807.90905552076
4809.67707673333
4809.67707673333
4809.67707673333
4809.67707673333
4812.27933983871
4816.16297644034
4816.16297644034
4816.16297644034
4819.44269955787
4819.44269955787
4823.53957726036
4823.95484900583
4827.06566333753
4827.06566333753
4827.06566333753
4827.06566333753
4827.06566333753
4827.06566333753
4827.06566333753
4827.06566333753
4827.06566333753
4827.06566333753
4827.06566333753
4828.46601776363
4828.46601776363
4835.07155062156
4835.07155062156
4835.07155062156
4835.07155062156
4837.38292274186
4837.38292274186
4837.38292274186
4846.63808718117
4846.63808718117
4855.05186859081
4855.05186859081
4860.83392028949
4860.83392028949
4860.84257798994
4861.72458140696
4861.72458140696
4861.72458140696
4861.72458140696
4871.7068998326
4873.94780043046
4873.94780043046
4873.94780043046
4873.94780043046
4876.56937862185
4879.12819419179
4879.12819419179
4879.12819419179
4879.12819419179
4879.12819419179
4879.12819419179
4879.68631946221
4879.68631946221
4879.68631946221
4879.68631946221
4879.68631946221
4883.82158217026
4883.82158217026
4886.68542927738
4889.2579042406
4889.2579042406
4893.08044116649
4894.02115375853
4894.02115375853
4894.70565991899
4895.31274695594
4895.31274695594
4895.31274695594
4895.31274695594
4895.31274695594
4896.74532113404
4896.74532113404
4896.74532113404
4898.3656126629
4898.3656126629
4898.3656126629
4898.63337772027
4898.63337772027
4904.02979866589
4904.02979866589
4904.02979866589
4904.02979866589
4906.04368180567
4906.04368180567
4906.92817297328
4906.92817297328
4906.92817297328
4906.92817297328
4906.92817297328
4909.08132208966
4909.83238291808
4910.53612227362
4910.53612227362
4921.04539799055
4921.04539799055
4921.04539799055
4921.04539799055
4921.04539799055
4921.04539799055
4921.04539799055
4923.91460571954
4923.91460571954
4923.91460571954
4923.91460571954
4923.91460571954
4923.91460571954
4931.41559870253
4931.41559870253
4931.79185411894
4939.46853255111
4951.18953913664
4951.18953913664
4951.18953913664
4962.05128903793
4962.05128903793
4962.05128903793
4965.85941086652
4970.71228267772
4973.75869406802
4980.86145474271
4980.86145474271
4980.86145474271
4980.86145474271
4980.86145474271
4980.86145474271
4980.86145474271
4980.86145474271
4980.86145474271
4981.17906949354
4981.17906949354
4981.17906949354
4981.17906949354
4981.17906949354
4981.17906949354
4981.17906949354
4981.17906949354
4981.17906949354
4981.17906949354
4981.17906949354
4981.17906949354
4981.17906949354
4983.4336068405
4983.4336068405
4983.4336068405
4983.4336068405
4983.4336068405
4983.4336068405
4983.4336068405
4983.4336068405
4990.49897534668
4990.49897534668
4990.49897534668
4990.49897534668
4990.49897534668
4990.49897534668
4991.43361638025
4991.43361638025
4991.43361638025
4991.43361638025
4993.50936475716
4999.5968596754
5008.85903749302
5008.85903749302
5009.45398151721
5015.16580182295
5015.16580182295
5015.16580182295
5015.16580182295
5015.16580182295
5015.16580182295
5015.49742956486
5015.49742956486
5015.49742956486
5016.70458822024
5016.70458822024
5016.70458822024
5016.70458822024
5020.61209451027
5020.61209451027
5020.61209451027
5020.61209451027
5020.61209451027
5024.14725526746
5024.14725526746
5024.14725526746
5027.44090636396
5027.44090636396
5030.353159452
5030.353159452
5032.95954175246
5032.95954175246
5032.95954175246
5032.95954175246
5032.95954175246
5035.93197361043
5035.93197361043
5035.93197361043
5035.93197361043
5035.93197361043
5035.93197361043
5035.93197361043
5035.93197361043
5035.93197361043
5035.93197361043
5035.93197361043
5035.93197361043
5035.93197361043
5035.93197361043
5035.93197361043
5035.93197361043
5039.7188608432
5039.7188608432
5039.7188608432
5039.7188608432
5039.7188608432
5039.7188608432
5039.7188608432
5039.7188608432
5039.7188608432
5039.7188608432
5039.7188608432
5040.31204690176
5049.47074385788
5049.47074385788
5049.47074385788
5049.47074385788
5049.47074385788
5049.47074385788
5049.47074385788
5049.47074385788
5049.47074385788
5049.47074385788
5050.6911279994
5050.6911279994
5050.6911279994
5051.1022503409
5051.1022503409
5051.1022503409
5051.1022503409
5051.1022503409
5051.1022503409
5051.1022503409
5051.21277882085
5051.21277882085
5051.21277882085
5051.21277882085
5051.21277882085
5051.21277882085
5051.21277882085
5051.21277882085
5051.21277882085
5051.21277882085
5051.21277882085
5055.77488258307
5055.77488258307
5055.77488258307
5060.65565286202
5060.65565286202
5061.2121437254
5061.2121437254
5061.2121437254
5068.20207417802
5068.78452179733
5068.78452179733
5068.78452179733
5068.78452179733
5072.61084640881
5072.61084640881
5072.61084640881
5072.61084640881
5072.61084640881
5072.61084640881
5072.61084640881
5078.17079008464
5081.66065478637
5081.66065478637
5081.66065478637
5081.66065478637
5081.66065478637
5081.66065478637
5082.29684728789
5082.29684728789
5083.57939670152
5086.73906404767
5089.9958504767
5089.9958504767
5089.9958504767
5091.31702386941
5091.31702386941
5091.31702386941
5091.31702386941
5091.31702386941
5091.31702386941
5091.31702386941
5098.97108048445
5098.97108048445
5098.97108048445
5104.01266999384
5104.01266999384
5104.01266999384
5104.01266999384
5104.01266999384
5104.01266999384
5104.01266999384
5104.01266999384
5105.10618763733
5105.10618763733
5105.10618763733
5106.70838606991
5106.70838606991
5107.0239887945
5107.0239887945
5107.0239887945
5107.0239887945
5107.0239887945
5107.0239887945
5107.0239887945
5107.0239887945
5109.38328859333
5109.38328859333
5109.38328859333
5109.38328859333
5109.38328859333
5110.18990358266
5110.18990358266
5111.25008705462
5111.25008705462
5111.25008705462
5111.25008705462
5111.4437783389
5111.4437783389
5111.4437783389
5111.4437783389
5111.4437783389
5113.39582436675
5113.39582436675
5113.39582436675
5113.39582436675
5113.39582436675
5113.39582436675
5113.39582436675
5113.39582436675
5113.39582436675
5113.39582436675
5113.39582436675
5116.29240739944
5116.29240739944
5116.29240739944
5116.29240739944
5116.29240739944
5116.29240739944
5116.29240739944
5116.29240739944
5116.29240739944
5116.29240739944
5118.36669473886
5118.36669473886
5122.61424450964
5122.61424450964
5122.61424450964
5122.61424450964
5122.61424450964
5122.61424450964
5122.61424450964
5122.61424450964
5122.61424450964
5122.61424450964
5122.61424450964
5122.61424450964
5122.61424450964
5122.61424450964
5124.28528157056
5124.28528157056
5134.58922693169
5134.58922693169
5134.58922693169
5137.6583071113
5137.6583071113
5137.6583071113
5137.6583071113
5137.6583071113
5137.6583071113
5137.6583071113
5137.6583071113
5137.6583071113
5137.6583071113
5137.6583071113
5137.6583071113
5145.43303388193
5145.43303388193
5145.43303388193
5145.43303388193
5145.43303388193
5145.43303388193
5145.43303388193
5145.43303388193
5145.43303388193
5147.96521016539
5147.96521016539
5147.96521016539
5147.96521016539
5150.27245515697
5150.27245515697
5150.27245515697
5153.25878894434
5153.25878894434
5153.25878894434
5153.25878894434
5153.25878894434
5153.25878894434
5153.25878894434
5153.25878894434
5153.25878894434
5153.25878894434
5153.25878894434
5153.25878894434
5153.25878894434
5153.25878894434
5153.25878894434
5153.25878894434
5154.36885790913
5154.36885790913
5154.36885790913
5154.36885790913
5159.55924843881
5159.55924843881
5159.55924843881
5159.55924843881
5159.55924843881
5163.0570306728
5163.505756498
5163.505756498
5163.505756498
5173.92334591081
5177.53285022055
5180.63824925134
5180.63824925134
5180.63824925134
5180.63824925134
5180.63824925134
5180.63824925134
5180.63824925134
5180.63824925134
5180.88534988405
5180.88534988405
5180.88534988405
5180.88534988405
5180.88534988405
5180.88534988405
5180.88534988405
5180.88534988405
5180.88534988405
5180.88534988405
5180.88534988405
5180.88534988405
5180.88534988405
5180.88534988405
5180.88534988405
5180.88534988405
5180.88534988405
5183.27714965455
5183.27714965455
5183.27714965455
5183.27714965455
5183.27714965455
5183.27714965455
5183.27714965455
5183.27714965455
5183.27714965455
5193.19868779865
5193.19868779865
5193.19868779865
5193.19868779865
5193.19868779865
5193.19868779865
5193.19868779865
5193.19868779865
5193.19868779865
5193.19868779865
5193.19868779865
5193.19868779865
5193.19868779865
5193.19868779865
5207.49635438596
5207.49635438596
5207.49635438596
5207.49635438596
5212.6704159471
5212.6704159471
5212.6704159471
5212.6704159471
5212.6704159471
5212.6704159471
5212.6704159471
5213.27195039831
5213.27195039831
5213.27195039831
5213.27195039831
5213.27195039831
5213.27195039831
5213.27195039831
5213.27195039831
5213.27195039831
5220.34683105256
5220.34683105256
5220.34683105256
5220.34683105256
5220.34683105256
5220.34683105256
5220.34683105256
5222.14728684553
5222.14728684553
5222.14728684553
5222.14728684553
5222.14728684553
5222.14728684553
5222.15968619846
5222.15968619846
5222.15968619846
5222.15968619846
5222.15968619846
5222.15968619846
5222.15968619846
5226.5209611308
5226.5209611308
5226.5209611308
5226.5209611308
5226.5209611308
5226.5209611308
5229.77843944681
5229.77843944681
5229.77843944681
5229.77843944681
5240.29028013854
5240.29028013854
5240.29028013854
5240.29028013854
5240.29028013854
5245.8411117436
5245.8411117436
5245.8411117436
5245.8411117436
5245.8411117436
5245.8411117436
5245.8411117436
5245.8411117436
5245.8411117436
5245.8411117436
5245.8411117436
5245.8411117436
5245.8411117436
5245.8411117436
5246.55546481056
5246.55546481056
5246.55546481056
5246.55546481056
5246.55546481056
5246.55546481056
5246.55546481056
5246.55546481056
5246.55546481056
5246.55546481056
5246.55546481056
5246.55546481056
5246.55546481056
5246.55546481056
5246.55546481056
5246.55546481056
5246.55546481056
5246.55546481056
5252.40619255583
5253.79828562021
5253.79828562021
5253.79828562021
5253.79828562021
5253.79828562021
5253.79828562021
5253.79828562021
5253.79828562021
5253.79828562021
5253.79828562021
5253.79828562021
5253.79828562021
5253.79828562021
5253.79828562021
5256.86870064995
5257.79603119488
5257.79603119488
5257.79603119488
5259.36124877534
5259.36124877534
5259.36124877534
5259.36124877534
5260.61161024647
5260.61161024647
5260.61161024647
5260.61161024647
5262.53811103925
5262.53811103925
5262.53811103925
5262.95630418943
5263.6770946672
5263.6770946672
5265.81777231149
5265.81777231149
5265.81777231149
5265.81777231149
5265.81777231149
5265.81777231149
5265.81777231149
5265.81777231149
5265.81777231149
5265.81777231149
5265.81777231149
5265.81777231149
5265.81777231149
5265.81777231149
5265.81777231149
5265.81777231149
5265.81777231149
5265.81777231149
5265.81777231149
5265.81777231149
5265.81777231149
5265.81777231149
5265.81777231149
5265.81777231149
5265.81777231149
5265.81777231149
5265.81777231149
5265.81777231149
5269.81369970252
5269.81369970252
5269.81369970252
5269.81369970252
5269.81369970252
5269.81369970252
5269.81369970252
5269.81369970252
5269.81369970252
5269.81369970252
5270.76680237366
5270.76680237366
5270.76680237366
5272.44780623017
5272.44780623017
5272.44780623017
5273.29232301066
5277.58146185914
5277.80367065485
5277.80367065485
5277.80367065485
5277.80367065485
5277.80367065485
5277.80367065485
5277.80367065485
5282.97310843696
5282.97310843696
5282.97310843696
5282.97310843696
5282.97310843696
5282.97310843696
5283.50088467881
5283.50088467881
5283.50088467881
5283.50088467881
5283.50088467881
5288.30779013451
5288.30779013451
5288.30779013451
5288.30779013451
5288.30779013451
5289.77205373498
5289.77205373498
5289.77205373498
5289.77205373498
5289.77205373498
5289.77205373498
5289.77205373498
5297.52273450456
5297.52273450456
5297.52273450456
5297.52273450456
5300.35322924398
5300.35322924398
5300.35322924398
5300.35322924398
5300.35322924398
5300.76280751692
5300.76280751692
5300.76280751692
5313.63480341481
5314.47735886886
5314.47735886886
5314.47735886886
5314.47735886886
5314.47735886886
5314.47735886886
5314.47735886886
5314.47735886886
5318.57605466031
5318.57605466031
5318.99915904623
5318.99915904623
5318.99915904623
5318.99915904623
5318.99915904623
5318.99915904623
5324.27323567755
5324.27323567755
5324.27323567755
5324.27323567755
5324.27323567755
5324.27323567755
5324.27323567755
5324.27323567755
5324.27323567755
5324.27323567755
5324.27323567755
5324.27323567755
5324.27323567755
5324.27323567755
5326.88527330472
5326.88527330472
5326.88527330472
5327.51668286632
5327.70354792504
5327.70354792504
5327.70354792504
5327.70354792504
5330.41052155895
5330.41052155895
5330.41052155895
5330.41052155895
5330.41052155895
5330.41052155895
5333.52084412847
5333.52084412847
5333.52084412847
5333.52084412847
5337.98445161973
5337.98445161973
5337.98445161973
5337.98445161973
5337.98445161973
5337.98445161973
5337.98445161973
5337.98445161973
5337.98445161973
5337.98445161973
5338.52466174638
5338.52466174638
5338.52466174638
5338.52466174638
5338.52466174638
5338.52466174638
5338.52466174638
5338.52466174638
5339.66473194038
5339.66473194038
5339.66473194038
5340.26632183808
5340.26632183808
5340.26632183808
5340.26632183808
5340.26632183808
5340.26632183808
5340.26632183808
5340.26632183808
5340.26632183808
5341.25013200118
5341.25013200118
5343.653201566
5343.68236387068
5343.68236387068
5343.68236387068
5343.68236387068
5343.68236387068
5343.68236387068
5343.68236387068
5347.15655269493
5347.15655269493
5347.15655269493
5347.15655269493
5347.15655269493
5347.15655269493
5347.15655269493
5347.15655269493
5347.15655269493
5348.87213773866
5349.25213971847
5349.25213971847
5349.25213971847
5349.41065666469
5349.41065666469
5349.41065666469
5349.41065666469
5349.41065666469
5350.18149053284
5352.10898948138
5352.10898948138
5352.10898948138
5352.10898948138
5352.10898948138
5352.10898948138
5352.10898948138
5352.10898948138
5352.10898948138
5352.10898948138
5352.10898948138
5352.10898948138
5353.139475519
5353.139475519
5353.139475519
5353.139475519
5356.15985583029
5356.15985583029
5356.15985583029
5359.16169567072
5359.16169567072
5361.88011398279
5361.88011398279
5361.88011398279
5361.88011398279
5361.88011398279
5361.88011398279
5361.88011398279
5362.77487968383
5362.77487968383
5362.77487968383
5362.77487968383
5362.77487968383
5362.77487968383
5362.77487968383
5362.77487968383
5371.08075494808
5371.08075494808
5371.08075494808
5371.08075494808
5371.08075494808
5371.08075494808
5371.08075494808
5371.08075494808
5371.08075494808
5372.67180590277
5372.90760086757
5372.90760086757
5372.90760086757
5372.90760086757
5377.53957186688
5377.53957186688
5377.53957186688
5377.53957186688
5377.53957186688
5377.53957186688
5377.53957186688
5377.53957186688
5377.53957186688
5377.53957186688
5377.53957186688
5377.53957186688
5377.53957186688
5378.30511809649
5378.30511809649
5378.30511809649
5378.30511809649
5378.30511809649
5378.30511809649
5378.30511809649
5378.30511809649
5378.30511809649
5380.90948787607
5380.90948787607
5381.78125155381
5381.78125155381
5386.57484067413
5386.57484067413
5386.57484067413
5386.57484067413
5386.57484067413
5386.57484067413
5387.52650920896
5387.52650920896
5387.52650920896
5387.52650920896
5387.52650920896
5387.52650920896
5387.52650920896
5387.52650920896
5387.52650920896
5387.52650920896
5387.52650920896
5387.52650920896
5387.52650920896
5387.52650920896
5387.52650920896
5387.52650920896
5387.52650920896
5387.52650920896
5387.52650920896
5387.52650920896
5387.52650920896
5387.52650920896
5387.5879003857
5387.5879003857
5388.74141736839
5391.47878855474
5397.05331733949
5397.05331733949
5400.01343836723
5400.01343836723
5401.14235779549
5401.14235779549
5401.85403498683
5401.85403498683
5401.85403498683
5401.85403498683
5401.85403498683
5401.85403498683
5401.85403498683
5404.83603525968
5411.3120960357
5411.3120960357
5411.3120960357
5411.3120960357
5411.3120960357
5411.3120960357
5411.3120960357
5411.3120960357
5411.3120960357
5411.3120960357
5411.3120960357
5411.3120960357
5411.3120960357
5411.3120960357
5411.3120960357
5414.90403160917
5417.06221568337
5417.06221568337
5417.85195929291
5417.85195929291
5417.85195929291
5417.85195929291
5417.85195929291
5417.85195929291
5417.85195929291
5417.85195929291
5417.85195929291
5417.85195929291
5418.3993795973
5418.3993795973
5418.3993795973
5418.3993795973
5418.3993795973
5418.3993795973
5418.3993795973
5418.3993795973
5418.3993795973
5418.3993795973
5418.3993795973
5419.5090409165
5419.5090409165
5419.5090409165
5420.94203020351
5420.94203020351
5420.94203020351
5420.94203020351
5420.94203020351
5420.94203020351
5423.02245074175
5424.1938126628
5424.1938126628
5424.1938126628
5424.1938126628
5424.1938126628
5424.1938126628
5424.1938126628
5425.61191601309
5433.19821932265
5433.19821932265
5433.19821932265
5433.19821932265
5433.19821932265
5433.19821932265
5443.70309354019
5443.70309354019
5450.12442701581
5450.12442701581
5450.12442701581
5450.12442701581
5450.12442701581
5450.12442701581
5450.12442701581
5455.12905095935
5455.12905095935
5455.12905095935
5455.23509978094
5455.23509978094
5455.23509978094
5455.23509978094
5457.0606976066
5457.0606976066
5457.0606976066
5457.0606976066
5460.99224228512
5460.99224228512
5461.10298653063
5461.10298653063
5461.10298653063
5461.10298653063
5461.10298653063
5461.10298653063
5461.10298653063
5461.10298653063
5461.10298653063
5461.10298653063
5461.10298653063
5461.10298653063
5461.10298653063
5470.1266665462
5470.1266665462
5470.1266665462
5473.73187003135
5473.73187003135
5473.73187003135
5473.73187003135
5474.37569376966
5474.37569376966
5474.37569376966
5474.37569376966
5474.37569376966
5474.37569376966
5474.37569376966
5474.37569376966
5474.37569376966
5474.37569376966
5474.37569376966
5474.37569376966
5474.37569376966
5474.37569376966
5474.37569376966
5481.26571222853
5481.26571222853
5481.26571222853
5481.26571222853
5481.26571222853
5481.26571222853
5481.26571222853
5481.26571222853
5481.26571222853
5481.26571222853
5481.26571222853
5486.05252474655
5486.05252474655
5486.05252474655
5486.05252474655
5486.05252474655
5486.05252474655
5486.05252474655
5486.56594505035
5486.56594505035
5486.56594505035
5486.56594505035
5486.56594505035
5487.02549317008
5487.02549317008
5487.02549317008
5493.32678867676
5493.32678867676
5493.62320657721
5493.62320657721
5493.62320657721
5494.83093174595
5494.83093174595
5494.83093174595
5494.83093174595
5494.83093174595
5494.83093174595
5494.83093174595
5494.83093174595
5494.83093174595
5495.06393540044
5495.06393540044
5495.06393540044
5495.06393540044
5495.06393540044
5496.32491710529
5496.32491710529
5496.32491710529
5496.32491710529
5496.32491710529
5496.32491710529
5496.32491710529
5496.32491710529
5496.32491710529
5496.32491710529
5496.32491710529
5496.32491710529
5496.32491710529
5496.32491710529
5496.74143468768
5496.74143468768
5499.24745301781
5499.24745301781
5499.41558007796
5499.41558007796
5499.41558007796
5499.41558007796
5499.41558007796
5499.41558007796
5499.41558007796
5501.37815677584
5501.37815677584
5502.06104135932
5502.06104135932
5502.06104135932
5502.06104135932
5503.56824674765
5503.80978379894
5503.80978379894
5503.80978379894
5503.80978379894
5503.80978379894
5503.80978379894
5503.80978379894
5503.80978379894
5503.80978379894
5503.80978379894
5503.80978379894
5503.80978379894
5503.80978379894
5503.80978379894
5503.80978379894
5504.38832205625
5504.38832205625
5504.38832205625
5504.38832205625
5504.38832205625
5504.38832205625
5504.38832205625
5509.03187215403
5509.03187215403
5519.02054916413
5519.02054916413
5519.71329044407
5519.71329044407
5519.71329044407
5519.71329044407
5519.71329044407
5519.71329044407
5519.71329044407
5519.71329044407
5519.71329044407
5520.63370283509
5520.63370283509
5520.63370283509
5520.63370283509
5520.63370283509
5522.09109446303
5522.09109446303
5522.09109446303
5522.09109446303
5522.4864572297
5522.4864572297
5522.4864572297
5526.17771470494
5526.17771470494
5529.06492985941
5529.06492985941
5529.06492985941
5529.06492985941
5529.06492985941
5530.75475063319
5530.75475063319
5530.75475063319
5530.75475063319
5530.75475063319
5532.24128555009
5532.24128555009
5532.24128555009
5532.24128555009
5532.24128555009
5534.17129868064
5534.17129868064
5534.17129868064
5535.23716507718
5538.80849730797
5538.80849730797
5538.80849730797
5538.80849730797
5541.60882644243
5541.60882644243
5541.60882644243
5541.60882644243
5541.95744861396
5541.95744861396
5541.95744861396
5541.95744861396
5541.95744861396
5541.95744861396
5541.95744861396
5541.95744861396
5541.95744861396
5541.95744861396
5541.95744861396
5542.78575284882
5542.78575284882
5542.78575284882
5546.11251961728
5546.62300073873
5546.62300073873
5546.62300073873
5546.62300073873
5551.8265900529
5551.8265900529
5553.24616145114
5553.24616145114
5553.35299018432
5553.35299018432
5553.35299018432
5553.35299018432
5553.35299018432
5553.35299018432
5553.35299018432
5553.35299018432
5553.35299018432
5553.35299018432
5553.35299018432
5553.35299018432
5558.94791540445
5558.94791540445
5558.94791540445
5558.94791540445
5558.94791540445
5558.94791540445
5561.73533436625
5566.71593448994
5566.71593448994
5566.71593448994
5566.71593448994
5566.71593448994
5566.71593448994
5566.71593448994
5566.71593448994
5570.52018254559
5570.52018254559
5570.52018254559
5570.52018254559
5570.52018254559
5570.52018254559
5570.52018254559
5570.52018254559
5570.52018254559
5570.52018254559
5570.52018254559
5570.52018254559
5570.52018254559
5570.52018254559
5570.52018254559
5570.52018254559
5570.52018254559
5570.52018254559
5570.52018254559
5571.17987928734
5571.17987928734
5571.17987928734
5571.17987928734
5571.17987928734
5571.17987928734
5573.32806385622
5577.53660242295
5577.53660242295
5577.53660242295
5577.53660242295
5578.01046727619
5578.01046727619
5578.01046727619
5579.95475513723
5584.96937377882
5584.96937377882
5587.87183520722
5588.09721539622
5588.09721539622
5588.09721539622
5588.09721539622
5588.09721539622
5588.09721539622
5588.09721539622
5589.4703239795
5589.4703239795
5589.77740540716
5591.11153073768
5591.11153073768
5591.11153073768
5592.88388057479
5600.78938932402
5600.82464849247
5601.84886645948
5601.84886645948
5604.3666153175
5606.9568733276
5608.21730593596
5608.21730593596
5608.21730593596
5608.43478405802
5608.43478405802
5608.43478405802
5608.43478405802
5609.22793835112
5609.22793835112
5611.28404767743
5611.28404767743
5612.24192144652
5612.24192144652
5612.24192144652
5612.24192144652
5612.24192144652
5614.72028715917
5614.72028715917
5614.72028715917
5614.72028715917
5623.17369170824
5623.17369170824
5627.00902067975
5627.00902067975
5627.00902067975
5628.88521479639
5628.88521479639
5628.88521479639
5628.88521479639
5628.88521479639
5628.88521479639
5628.88521479639
5628.88521479639
5635.3883870958
5635.3883870958
5635.3883870958
5635.3883870958
5635.3883870958
5635.3883870958
5635.3883870958
5635.3883870958
5635.3883870958
5635.95185169985
5635.95185169985
5635.95185169985
5635.95185169985
5635.95185169985
5635.95185169985
5637.9589479623
5637.9589479623
5638.11854179733
5641.99147466277
5641.99147466277
5641.99147466277
5641.99147466277
5641.99147466277
5642.21496315127
5642.21496315127
5642.21496315127
5642.21496315127
5642.21496315127
5642.21496315127
5642.21496315127
5642.21496315127
5642.21496315127
5643.2236238122
5643.2236238122
5643.2236238122
5643.2236238122
5651.4026128728
5653.91358961396
5653.91358961396
5658.25258264264
5658.25258264264
5666.93955061912
5671.67541508669
5671.67541508669
5671.67541508669
5673.20851262803
5673.20851262803
5673.20851262803
5673.20851262803
5673.20851262803
5673.20851262803
5673.20851262803
5675.22325909355
5675.22325909355
5678.48684945329
5678.48684945329
5683.36228153124
5684.77607211805
5684.77607211805
5685.06613466609
5685.06613466609
5685.06613466609
5686.34229582642
5686.34229582642
5686.34229582642
5686.34229582642
5686.34229582642
5692.68306172757
5695.6313813696
5695.6313813696
5695.6313813696
5695.6313813696
5696.83145127537
5696.83145127537
5696.83145127537
5696.83145127537
5696.83145127537
5696.83145127537
5696.83145127537
5696.83145127537
5696.83145127537
5696.84532524118
5697.33594352358
5697.33594352358
5697.33594352358
5697.33594352358
5697.33594352358
5697.33594352358
5697.33594352358
5697.33594352358
5697.33594352358
5697.33594352358
5697.86505039068
5697.86505039068
5697.86505039068
5700.77023307777
5700.77023307777
5700.77023307777
5700.77023307777
5709.09793953895
5709.09793953895
5709.09793953895
5713.41032140932
5716.72968656721
5716.72968656721
5717.73169783832
5718.57739781858
5720.53212767668
5720.53212767668
5720.53212767668
5723.11022820604
5723.11022820604
5723.11022820604
5723.11022820604
5723.11022820604
5723.11022820604
5723.11022820604
5723.11022820604
5725.88391289167
5726.62600800586
5726.62600800586
5726.62600800586
5726.62600800586
5726.62600800586
5729.51888589396
5729.51888589396
5729.51888589396
5729.51888589396
5729.51888589396
5729.51888589396
5731.37639909859
5731.37639909859
5731.37639909859
5731.37639909859
5733.06202304254
5733.06202304254
5733.06202304254
5733.06202304254
5737.62385842461
5737.62385842461
5737.62385842461
5737.62385842461
5737.62385842461
5742.78329878255
5742.78329878255
5742.78329878255
5742.78329878255
5742.87470000844
5742.87470000844
5742.87470000844
5742.9269145133
5742.9269145133
5752.70139923873
5752.70139923873
5752.70139923873
5753.22854711852
5753.22854711852
5753.22854711852
5753.22854711852
5753.22854711852
5753.22854711852
5753.22854711852
5753.22854711852
5754.80375032736
5757.36965577355
5757.36965577355
5757.36965577355
5757.36965577355
5757.36965577355
5757.36965577355
5757.36965577355
5757.36965577355
5757.74905229078
5757.74905229078
5757.74905229078
5757.74905229078
5757.74905229078
5759.62562391552
5766.32868750509
5766.32868750509
5769.50008216094
5769.50008216094
5769.76726350456
5775.02682852945
5775.02682852945
5775.02682852945
5775.02682852945
5775.02682852945
5775.98829226512
5775.98829226512
5780.76102501928
5783.68503103447
5790.2767758662
5790.2767758662
5795.12415365227
5799.8382142239
5799.8382142239
5806.22361383138
5806.22361383138
5806.22361383138
5806.22361383138
5806.22361383138
5810.36432173303
5810.36432173303
5811.0586020332
5811.0586020332
5811.0586020332
5811.0586020332
5811.0586020332
5811.0586020332
5811.0586020332
5811.0586020332
5811.50752867564
5816.3204653171
5816.3204653171
5822.70927992771
5822.70927992771
5822.70927992771
5822.70927992771
5822.70927992771
5822.70927992771
5822.70927992771
5822.70927992771
5824.42220626461
5825.63353456951
5825.63353456951
5825.63353456951
5831.38152166617
5831.38152166617
5834.88726365319
5834.88726365319
5834.88726365319
5834.88726365319
5835.01837092937
5837.06913292054
5837.36028568134
5837.36028568134
5837.36028568134
5838.84994981
5838.84994981
5838.84994981
5838.84994981
5838.84994981
5838.84994981
5838.84994981
5839.40346053597
5839.40346053597
5839.40346053597
5839.40346053597
5839.40346053597
5842.13067446205
5842.13067446205
5842.13067446205
5842.13067446205
5842.13067446205
5842.13067446205
5842.13067446205
5842.13067446205
5842.13067446205
5843.85176625612
5843.85176625612
5843.94518024127
5843.94518024127
5843.94518024127
5846.16144392821
5846.16144392821
5846.16144392821
5849.23097093418
5849.23097093418
5849.23097093418
5849.23097093418
5849.23097093418
5849.23097093418
5853.01451150549
5855.71068052593
5855.71068052593
5855.71068052593
5855.71068052593
5855.71068052593
5855.71068052593
5855.71068052593
5855.71068052593
5855.71068052593
5855.71068052593
5855.71068052593
5855.71068052593
5855.71068052593
5855.71068052593
5855.71068052593
5855.71068052593
5855.71068052593
5861.57382223524
5878.10522873944
5878.10522873944
5878.10522873944
5878.10522873944
5881.41876453515
5881.41876453515
5888.33562574673
5888.33562574673
5888.33562574673
5888.33562574673
5888.33562574673
5888.33562574673
5888.33562574673
5888.33562574673
5888.33562574673
5888.33562574673
5889.05868743819
5889.05868743819
5889.05868743819
5889.05868743819
5889.05868743819
5889.05868743819
5889.05868743819
5889.05868743819
5889.05868743819
5889.05868743819
5889.05868743819
5889.05868743819
5890.54825842774
5891.73094190966
5891.73094190966
5891.73094190966
5891.73094190966
5896.33454051464
5896.33454051464
5896.33454051464
5896.33454051464
5896.33454051464
5896.33454051464
5903.28421604022
5903.28421604022
5903.28421604022
5903.28421604022
5903.28421604022
5903.28421604022
5903.28421604022
5903.28421604022
5904.34076738763
5904.34076738763
5906.35930825977
5906.35930825977
5906.35930825977
5906.35930825977
5906.35930825977
5906.35930825977
5906.35930825977
5906.44369999013
5909.00072526015
5909.00072526015
5914.83808569628
5914.83808569628
5914.83808569628
5916.06275288667
5916.06275288667
5916.43677614058
5916.43677614058
5916.43677614058
5924.9338567858
5925.11612487834
5925.92267542303
5928.61857115196
5928.61857115196
5928.61857115196
5932.66626551894
5932.66626551894
5942.60168230222
5942.60168230222
5948.68715625814
5948.68715625814
5948.68715625814
5948.68715625814
5948.68715625814
5948.68715625814
5948.68715625814
5948.68715625814
5948.68715625814
5948.68715625814
5948.68715625814
5948.68715625814
5948.68715625814
5948.68715625814
5948.68715625814
5948.68715625814
5948.68715625814
5948.68715625814
5948.68715625814
5948.68715625814
5948.68715625814
5948.68715625814
5948.68715625814
5950.99870821217
5952.81161336212
5952.81161336212
5952.81161336212
5955.87428425614
5955.87428425614
5958.84490277043
5958.84490277043
5958.84490277043
5958.84490277043
5958.84490277043
5958.84490277043
5959.09129866164
5959.09129866164
5960.5284370741
5960.5284370741
5961.94565908357
5961.94565908357
5961.94565908357
5964.15536977694
5964.15536977694
5964.15536977694
5964.15536977694
5964.42524866074
5964.42524866074
5964.42524866074
5966.93146136623
5971.20437096162
5971.20437096162
5971.91370595843
5971.91370595843
5971.91370595843
5971.91370595843
5971.91370595843
5977.25927934363
5977.25927934363
5977.25927934363
5977.25927934363
5977.25927934363
5977.25927934363
5978.6202486654
5983.19353277578
5983.19353277578
5983.19353277578
5983.19353277578
5984.64803341348
5984.64803341348
5984.64803341348
5984.64803341348
5984.64803341348
5990.47268379045
5991.65689784061
5991.65689784061
5991.65689784061
5991.65689784061
5991.65689784061
5991.65689784061
5991.65689784061
5991.65689784061
5991.65689784061
5991.65689784061
5991.65689784061
5991.65689784061
5991.65689784061
5994.15719714797
5995.00377983065
5995.29527592375
5995.29527592375
5995.29527592375
5995.29527592375
5995.29527592375
5998.03853347051
5999.25403763466
5999.25403763466
6000.78305849194
6000.78305849194
6000.78305849194
6003.67023685956
6003.67023685956
6003.67023685956
6003.67023685956
6003.67023685956
6003.67023685956
6003.67023685956
6003.67023685956
6003.67023685956
6003.72258483734
6003.72258483734
6004.10018632854
6009.44722660758
6009.44722660758
6011.4821869736
6014.64228209386
6014.64228209386
6014.64228209386
6014.64228209386
6014.64228209386
6014.64228209386
6014.64228209386
6014.64228209386
6014.64228209386
6017.36267308697
6017.75911565015
6017.75911565015
6017.75911565015
6017.75911565015
6017.75911565015
6017.75911565015
6017.75911565015
6017.75911565015
6017.75911565015
6017.75911565015
6017.75911565015
6017.75911565015
6017.75911565015
6021.9234902187
6021.9234902187
6021.9234902187
6021.9234902187
6021.9234902187
6021.9234902187
6023.17492732894
6026.39496815384
6026.39496815384
6026.39496815384
6027.49711323325
6027.49711323325
6027.49711323325
6028.65442938465
6028.65442938465
6028.65442938465
6033.54095150553
6033.54095150553
6033.54095150553
6034.06609920968
6034.06609920968
6034.06609920968
6046.65874854205
6046.65874854205
6048.40655301861
6050.42537953347
6050.42537953347
6052.60034385196
6055.14235159605
6056.29607268396
6056.29607268396
6056.29607268396
6059.1547886225
6059.1547886225
6059.1547886225
6059.1547886225
6059.1547886225
6059.1547886225
6059.1547886225
6059.1547886225
6061.78247299599
6061.78247299599
6061.78247299599
6061.78247299599
6062.09466729028
6063.50755061952
6063.50755061952
6063.50755061952
6063.50755061952
6068.87748759606
6069.95210461799
6069.95210461799
6069.95210461799
6072.39722268277
6072.39722268277
6072.39722268277
6072.39722268277
6073.16514609464
6073.16514609464
6073.16514609464
6073.16514609464
6073.16514609464
6073.16514609464
6080.03833346738
6080.03833346738
6080.69566272823
6080.69566272823
6086.04137779441
6086.04137779441
6086.04137779441
6086.04137779441
6086.04137779441
6086.04137779441
6086.04137779441
6086.04137779441
6086.04137779441
6086.04137779441
6086.04137779441
6086.04137779441
6086.04137779441
6086.04137779441
6086.04137779441
6086.04137779441
6086.04137779441
6086.04137779441
6090.00335172752
6090.00335172752
6090.00335172752
6090.00335172752
6091.8964102468
6093.37558182058
6093.37558182058
6095.14295405102
6095.14295405102
6098.95744967108
6098.95744967108
6098.95744967108
6100.53802618782
6100.53802618782
6100.99127018705
6100.99127018705
6100.99127018705
6100.99127018705
6105.13965783447
6105.13965783447
6105.13965783447
6105.13965783447
6105.27825962225
6105.27825962225
6105.27825962225
6105.27825962225
6105.27825962225
6105.27825962225
6105.27825962225
6105.27825962225
6105.27825962225
6105.27825962225
6105.27825962225
6105.27825962225
6105.27825962225
6105.27825962225
6105.27825962225
6105.27825962225
6105.27825962225
6105.27825962225
6105.27825962225
6105.27825962225
6109.69321305925
6110.14997648356
6110.14997648356
6110.14997648356
6110.14997648356
6110.93585601519
6117.26834520483
6121.14621222627
6121.14621222627
6121.14621222627
6121.14621222627
6121.14621222627
6121.14621222627
6121.14621222627
6121.14621222627
6121.14621222627
6121.14621222627
6121.14621222627
6121.14621222627
6121.14621222627
6121.14621222627
6121.14621222627
6121.14621222627
6121.14621222627
6127.14113432196
6127.14113432196
6127.14113432196
6127.14113432196
6134.00309568217
6134.00309568217
6136.46165110061
6141.04976204481
6141.04976204481
6141.04976204481
6141.04976204481
6141.04976204481
6141.04976204481
6141.04976204481
6141.04976204481
6141.04976204481
6141.04976204481
6141.04976204481
6141.04976204481
6143.06516049818
6147.18077947748
6147.65852090842
6147.65852090842
6148.59542461819
6148.59542461819
6148.59542461819
6148.59542461819
6151.01233327387
6151.01233327387
6151.01233327387
6151.01233327387
6151.01233327387
6151.40569554945
6151.40569554945
6152.6154113386
6152.6154113386
6152.6154113386
6152.6154113386
6153.00989826566
6153.00989826566
6153.00989826566
6153.00989826566
6153.00989826566
6156.46698562097
6156.46698562097
6156.46698562097
6156.46698562097
6156.46698562097
6156.46698562097
6156.46698562097
6156.46698562097
6156.46698562097
6156.46698562097
6156.46698562097
6156.46698562097
6156.46698562097
6156.46698562097
6156.46698562097
6156.46698562097
6156.46698562097
6156.46698562097
6156.46698562097
6156.46698562097
6156.46698562097
6156.46698562097
6157.05714664887
6157.05714664887
6157.05714664887
6157.05714664887
6157.27357977179
6157.27357977179
6157.27357977179
6157.27357977179
6157.27357977179
6157.27357977179
6157.27357977179
6157.51788821234
6162.12832324927
6162.12832324927
6162.12832324927
6165.66012258716
6165.66012258716
6165.66012258716
6165.66012258716
6165.66012258716
6165.66012258716
6169.14007766557
6172.72331573778
6172.72331573778
6174.18773842419
6174.18773842419
6174.18773842419
6174.18773842419
6174.18773842419
6174.18773842419
6175.98287003403
6175.98287003403
6175.98287003403
6179.51720306456
6179.51720306456
6181.04680714778
6181.04680714778
6181.04680714778
6181.04680714778
6181.04680714778
6182.2231536124
6184.30811281081
6189.90776394329
6189.90776394329
6191.96859709506
6191.96859709506
6191.96859709506
6192.76390697569
6192.76390697569
6192.76390697569
6192.76390697569
6194.51027685231
6194.51027685231
6194.51027685231
6194.51027685231
6194.51027685231
6197.48227448792
6197.48227448792
6197.48227448792
6198.08233251438
6198.08233251438
6198.08233251438
6198.08233251438
6198.08233251438
6198.08233251438
6198.08233251438
6198.08233251438
6198.08233251438
6198.08233251438
6198.08233251438
6198.42740504401
6198.42740504401
6198.42740504401
6198.42740504401
6198.42740504401
6198.42740504401
6206.65225103002
6206.94829220736
6206.94829220736
6206.94829220736
6206.94829220736
6206.94829220736
6207.05243921426
6207.05243921426
6211.40895865753
6211.40895865753
6211.40895865753
6211.40895865753
6211.40895865753
6211.40895865753
6211.40895865753
6213.81614828117
6213.81614828117
6213.81614828117
6213.81614828117
6213.81614828117
6213.81614828117
6213.81614828117
6221.96061669741
6221.96061669741
6227.2216898654
6227.2216898654
6227.2216898654
6227.2216898654
6227.2216898654
6227.2216898654
6227.2216898654
6227.2216898654
6227.2216898654
6237.69479938106
6237.69479938106
6241.43101664382
6241.43101664382
6241.43101664382
6243.913088431
6243.913088431
6243.913088431
6243.913088431
6243.913088431
6243.913088431
6243.913088431
6243.913088431
6243.913088431
6243.913088431
6243.913088431
6243.913088431
6243.913088431
6247.66750924756
6250.11075435559
6250.11075435559
6250.11075435559
6255.8357851303
6255.8357851303
6255.8357851303
6255.8357851303
6255.8357851303
6255.8357851303
6255.8357851303
6255.8357851303
6258.86850571321
6260.17881491621
6260.17881491621
6260.17881491621
6260.17881491621
6260.17881491621
6260.17881491621
6260.17881491621
6260.17881491621
6260.17881491621
6260.17881491621
6260.17881491621
6260.17881491621
6260.17881491621
6260.17881491621
6266.77236135675
6266.77236135675
6266.77236135675
6266.77236135675
6266.77236135675
6266.77236135675
6266.77236135675
6267.73313956916
6267.73313956916
6267.73313956916
6267.73313956916
6267.73313956916
6267.73313956916
6267.73313956916
6267.73313956916
6267.73313956916
6267.73313956916
6267.73313956916
6267.73313956916
6267.73313956916
6267.73313956916
6267.73313956916
6267.84118838607
6267.84118838607
6267.84118838607
6267.84118838607
6269.31672465892
6269.31672465892
6269.31672465892
6270.38950375908
6270.38950375908
6273.50469700719
6273.50469700719
6273.50469700719
6274.30521665246
6274.30521665246
6274.30521665246
6274.30521665246
6274.30521665246
6274.30521665246
6274.30521665246
6274.30521665246
6274.30521665246
6274.30521665246
6274.30521665246
6274.30521665246
6274.30521665246
6274.30521665246
6276.75241710084
6276.75241710084
6276.75241710084
6276.75241710084
6277.91667221376
6277.91667221376
6277.91667221376
6277.91667221376
6277.91667221376
6277.91667221376
6277.91667221376
6280.28038020506
6282.47317202037
6282.47317202037
6282.47317202037
6282.47317202037
6282.47317202037
6283.82670119936
6285.39158606444
6291.43061689216
6291.43061689216
6291.43061689216
6291.43061689216
6291.43061689216
6291.43061689216
6291.43061689216
6291.43061689216
6291.43061689216
6294.37882567971
6294.58880790423
6294.58880790423
6296.07053531323
6304.7317396301
6304.7317396301
6304.89413141919
6304.89413141919
6304.89413141919
6304.89413141919
6304.89413141919
6310.77613741726
6310.77613741726
6310.77613741726
6310.77613741726
6310.77613741726
6310.77613741726
6310.77613741726
6310.77613741726
6314.45555841901
6314.45555841901
6314.45555841901
6314.45555841901
6314.45555841901
6314.45555841901
6314.45555841901
6315.54553446863
6315.80002697548
6315.80002697548
6315.80002697548
6318.24638595682
6318.24638595682
6323.18255246682
6323.18255246682
6323.18255246682
6323.18255246682
6323.18255246682
6323.18255246682
6323.18255246682
6323.19881956763
6329.21133598761
6329.21133598761
6329.21133598761
6329.21133598761
6329.21133598761
6329.21133598761
6329.21133598761
6329.21133598761
6329.21133598761
6329.21133598761
6329.21133598761
6329.21133598761
6329.21133598761
6329.21133598761
6330.78352880242
6330.78352880242
6330.78352880242
6332.60378514225
6332.60378514225
6332.60378514225
6332.60378514225
6332.60378514225
6332.60378514225
6337.13430973127
6337.13430973127
6339.52704082177
6339.52704082177
6339.52704082177
6339.52704082177
6339.52704082177
6339.52704082177
6344.9609489085
6346.92674223062
6349.68797776587
6349.68797776587
6349.68797776587
6349.68797776587
6351.98944082626
6351.98944082626
6351.98944082626
6356.45806636163
6356.45806636163
6356.45806636163
6356.45806636163
6361.27880578549
6361.27880578549
6361.27880578549
6361.27880578549
6361.27880578549
6361.27880578549
6361.27880578549
6361.27880578549
6361.27880578549
6361.27880578549
6361.27880578549
6361.27880578549
6361.27880578549
6361.27880578549
6365.31876419757
6365.72455076335
6365.72455076335
6366.65072142019
6366.65072142019
6366.65072142019
6366.65072142019
6373.69448827498
6373.69448827498
6373.69448827498
6373.78031384038
6373.78031384038
6375.84186641592
6375.84186641592
6375.84186641592
6375.84186641592
6375.84186641592
6375.84186641592
6375.84186641592
6375.84186641592
6375.84186641592
6375.84186641592
6375.84186641592
6375.84186641592
6375.84186641592
6376.26674251802
6376.26674251802
6376.26674251802
6376.26674251802
6376.26674251802
6376.26674251802
6376.26674251802
6377.02012366055
6377.02012366055
6377.02012366055
6377.02012366055
6377.02012366055
6377.02012366055
6377.02012366055
6378.74106369002
6378.74106369002
6378.74106369002
6378.74106369002
6378.74106369002
6378.74106369002
6378.74106369002
6380.91903916501
6380.91903916501
6380.91903916501
6380.91903916501
6380.91903916501
6380.91903916501
6380.91903916501
6380.91903916501
6383.20243016332
6389.50716294225
6389.50716294225
6390.91774288504
6390.91774288504
6390.91774288504
6393.6010764418
6393.6010764418
6393.6010764418
6396.56982804894
6396.56982804894
6396.56982804894
6398.12473093517
6398.12473093517
6398.12473093517
6398.12473093517
6398.12473093517
6398.12473093517
6398.12473093517
6398.12473093517
6398.12473093517
6398.12473093517
6398.12473093517
6400.2338621757
6400.2338621757
6400.2338621757
6400.2338621757
6400.2338621757
6400.2338621757
6400.53334455552
6400.53334455552
6400.53334455552
6400.69817088516
6400.69817088516
6400.8677762052
6400.8677762052
6400.8677762052
6400.8677762052
6400.8677762052
6400.8677762052
6400.8677762052
6400.8677762052
6400.8677762052
6401.15312109315
6401.15312109315
6401.15312109315
6401.15312109315
6401.36420067438
6401.36420067438
6401.41485970283
6401.41485970283
6405.35489518276
6405.35489518276
6405.35489518276
6405.35489518276
6405.35489518276
6405.35489518276
6405.35489518276
6410.85267924716
6416.01563894006
6416.01563894006
6416.01563894006
6416.01563894006
6416.01563894006
6416.01563894006
6416.01563894006
6416.01563894006
6416.01563894006
6416.01563894006
6416.01563894006
6416.01563894006
6416.01563894006
6416.01563894006
6416.01563894006
6417.43456237728
6420.34753601259
6420.34753601259
6420.34753601259
6420.34753601259
6420.34753601259
6420.34753601259
6420.34753601259
6420.34753601259
6420.34753601259
6422.68104280043
6422.68104280043
6422.68104280043
6422.68104280043
6422.68104280043
6422.68104280043
6422.68104280043
6422.68104280043
6422.68104280043
6422.68104280043
6422.68104280043
6430.689503161
6434.09097056806
6434.09097056806
6434.09097056806
6434.09097056806
6434.09097056806
6434.09097056806
6434.09097056806
6434.09097056806
6434.09097056806
6436.19082711778
6436.19082711778
6436.33925313186
6436.33925313186
6436.33925313186
6436.33925313186
6436.33925313186
6439.95039967111
6439.95039967111
6439.95039967111
6440.38983723909
6440.38983723909
6440.57449653632
6440.57449653632
6440.57449653632
6440.57449653632
6440.57449653632
6441.37567532717
6441.37567532717
6441.37567532717
6441.37567532717
6441.37567532717
6442.83663155523
6444.6094865129
6445.04034011306
6446.11814648006
6446.11814648006
6446.11814648006
6446.60826896372
6446.60826896372
6446.60826896372
6446.60826896372
6446.60826896372
6446.60826896372
6446.60826896372
6446.60826896372
6446.60826896372
6446.60826896372
6446.60826896372
6446.60826896372
6446.60826896372
6446.60826896372
6446.60826896372
6446.60826896372
6447.12739261389
6447.12739261389
6447.12739261389
6447.12739261389
6447.12739261389
6449.25372673326
6449.25372673326
6449.25372673326
6449.25372673326
6449.25372673326
6449.25372673326
6449.25372673326
6449.25372673326
6449.25372673326
6449.25372673326
6450.96765136586
6450.96765136586
6450.96765136586
6450.96765136586
6450.96765136586
6450.96765136586
6450.96765136586
6450.96765136586
6451.31753419681
6451.31753419681
6451.31753419681
6451.31753419681
6451.31753419681
6451.31753419681
6451.31753419681
6451.31753419681
6451.31753419681
6451.31753419681
6452.29098905924
6452.29098905924
6452.29098905924
6452.29098905924
6452.29098905924
6453.26322435964
6453.26322435964
6453.26322435964
6453.26322435964
6453.26322435964
6455.82471614664
6458.10074111367
6458.63384741957
6458.63384741957
6458.63384741957
6458.63384741957
6458.63384741957
6458.63384741957
6458.63384741957
6458.63384741957
6458.63384741957
6461.5505730498
6461.5505730498
6461.5505730498
6461.5505730498
6461.5505730498
6461.5505730498
6461.5505730498
6461.5505730498
6461.5505730498
6461.5505730498
6461.5505730498
6461.5505730498
6461.5505730498
6461.5505730498
6461.5505730498
6461.5505730498
6464.51989253191
6465.43775612734
6465.43775612734
6466.11400459222
6466.11400459222
6466.11400459222
6466.11400459222
6466.11400459222
6466.11400459222
6467.95212052777
6467.95212052777
6467.95212052777
6467.95212052777
6467.95212052777
6467.95212052777
6467.95212052777
6467.95212052777
6467.95212052777
6467.95212052777
6467.95212052777
6467.95212052777
6467.95212052777
6467.95212052777
6467.95212052777
6467.95212052777
6467.95212052777
6467.95212052777
6467.95212052777
6467.95212052777
6467.95212052777
6467.95212052777
6467.95212052777
6467.95212052777
6467.95212052777
6467.95212052777
6467.95212052777
6467.95212052777
6467.95212052777
6468.30757843879
6468.30757843879
6468.30757843879
6468.30757843879
6468.30757843879
6468.30757843879
6469.01258333097
6469.01258333097
6469.01258333097
6469.01258333097
6469.01258333097
6469.01258333097
6469.01258333097
6469.01258333097
6469.01258333097
6469.01258333097
6470.86331684433
6470.86331684433
6470.86331684433
6470.86331684433
6470.86331684433
6470.86331684433
6470.86331684433
6470.86331684433
6470.86331684433
6472.38877851524
6474.38027679904
6475.21054243419
6475.21054243419
6477.19824658107
6477.19824658107
6477.19824658107
6477.19824658107
6477.19824658107
6477.19824658107
6477.19824658107
6477.19824658107
6477.19824658107
6479.86130460821
6479.86130460821
6479.86130460821
6479.86130460821
6479.86130460821
6479.86130460821
6479.86130460821
6479.86130460821
6479.86130460821
6479.86130460821
6479.86130460821
6479.86130460821
6479.86130460821
6480.96682468432
6480.96682468432
6480.96682468432
6480.96682468432
6480.96682468432
6480.96682468432
6480.96682468432
6480.96682468432
6485.72821120904
6485.72821120904
6485.72821120904
6485.72821120904
6485.72821120904
6485.72821120904
6485.72821120904
6485.72821120904
6485.72821120904
6485.72821120904
6485.72821120904
6485.72821120904
6485.72821120904
6485.72821120904
6486.15863786929
6486.15863786929
6486.15863786929
6488.49008573801
6488.49008573801
6493.74851434482
6493.74851434482
6493.74851434482
6493.74851434482
6493.74851434482
6493.74851434482
6493.74851434482
6493.74851434482
6497.7337583806
6497.7337583806
6497.7337583806
6497.7337583806
6497.7337583806
6497.7337583806
6497.7337583806
6498.56237299827
6498.56237299827
6498.56237299827
6498.56237299827
6498.56237299827
6498.56237299827
6498.56237299827
6498.56237299827
6498.56237299827
6498.56237299827
6498.56237299827
6498.56237299827
6498.56237299827
6498.56237299827
6498.56237299827
6498.56237299827
6499.41143406882
6499.41143406882
6499.41143406882
6499.41143406882
6499.41143406882
6499.41143406882
6499.41143406882
6499.41143406882
6499.41143406882
6499.41143406882
6499.41143406882
6509.91896990273
6510.10847151949
6510.10847151949
6510.10847151949
6510.10847151949
6513.59991605723
6513.59991605723
6513.59991605723
6513.59991605723
6513.59991605723
6513.59991605723
6513.59991605723
6513.59991605723
6513.59991605723
6513.59991605723
6513.59991605723
6513.59991605723
6513.59991605723
6513.59991605723
6513.59991605723
6514.97064553385
6514.97064553385
6514.97064553385
6514.97064553385
6514.97064553385
6515.43502504379
6515.43502504379
6515.43502504379
6517.15028995749
6517.15028995749
6517.15028995749
6517.15028995749
6517.15028995749
6517.15028995749
6517.52282868566
6517.52282868566
6517.52282868566
6517.52282868566
6517.52282868566
6517.52282868566
6517.52282868566
6517.7688527448
6517.7688527448
6517.7688527448
6517.7688527448
6517.7688527448
6522.29843046725
6522.29843046725
6522.29843046725
6522.29843046725
6522.29843046725
6522.29843046725
6522.29843046725
6522.29843046725
6522.29843046725
6522.29843046725
6522.29843046725
6526.21597281193
6526.21597281193
6526.21597281193
6526.21597281193
6526.21597281193
6526.21597281193
6526.21597281193
6526.21597281193
6526.21597281193
6526.21597281193
6526.21597281193
6526.21597281193
6527.0055061286
6527.0055061286
6527.0055061286
6531.60639040466
6531.74980649812
6547.36347745513
6547.36347745513
6547.36347745513
6547.36347745513
6547.36347745513
6552.30144620106
6552.30144620106
6552.30144620106
6552.30144620106
6552.30144620106
6552.30144620106
6552.30144620106
6552.30144620106
6554.8414578331
6555.81030809094
6555.81030809094
6555.81030809094
6555.81030809094
6555.81030809094
6555.81030809094
6555.81030809094
6555.81030809094
6555.81030809094
6555.81030809094
6555.81030809094
6556.17512015514
6557.64149432139
6557.64149432139
6557.64149432139
6557.64149432139
6557.64149432139
6557.64149432139
6557.64149432139
6557.64149432139
6557.64149432139
6557.64149432139
6559.09111890821
6559.09111890821
6559.09111890821
6559.09111890821
6559.94004826499
6559.94004826499
6559.94004826499
6559.94004826499
6559.94004826499
6559.94004826499
6560.76234345862
6562.94743897
6562.94743897
6562.94743897
6562.94743897
6562.94743897
6562.94743897
6562.94743897
6562.94743897
6562.94743897
6562.94743897
6562.94743897
6569.79909819732
6570.36507422276
6570.36507422276
6570.36507422276
6570.36507422276
6570.36507422276
6570.36507422276
6570.36507422276
6570.36507422276
6572.56131007601
6572.56131007601
6572.56131007601
6572.56131007601
6572.56131007601
6572.56131007601
6572.56131007601
6572.56131007601
6572.56131007601
6572.56131007601
6572.56131007601
6572.56131007601
6572.56131007601
6572.56131007601
6572.56131007601
6572.56131007601
6572.56131007601
6572.56131007601
6572.56131007601
6572.56131007601
6572.56131007601
6574.4757770193
6574.4757770193
6574.53664691433
6574.53664691433
6574.53664691433
6575.1873580651
6575.1873580651
6575.79481064475
6575.79481064475
6575.79481064475
6575.79481064475
6575.79481064475
6575.79481064475
6575.79481064475
6577.54120750061
6577.54120750061
6577.54120750061
6577.54120750061
6577.54120750061
6583.02545632656
6583.02545632656
6583.02545632656
6583.02545632656
6583.02545632656
6583.02545632656
6583.02545632656
6583.02545632656
6583.02545632656
6583.02545632656
6583.02545632656
6583.02545632656
6583.02545632656
6583.02545632656
6585.21103149522
6585.21103149522
6585.48600653246
6585.48600653246
6585.60983307291
6586.40762752098
6589.62941765906
6589.62941765906
6589.62941765906
6590.42198293186
6590.53093825439
6590.53093825439
6590.53093825439
6590.53093825439
6590.53093825439
6590.53093825439
6590.53093825439
6590.53093825439
6590.53093825439
6590.53093825439
6590.53093825439
6590.53093825439
6590.53093825439
6592.58221992767
6592.58221992767
6592.58221992767
6592.58221992767
6592.58221992767
6592.59664767701
6599.7959888991
6599.7959888991
6599.7959888991
6599.7959888991
6599.7959888991
6599.7959888991
6599.7959888991
6599.7959888991
6599.7959888991
6601.89712274599
6605.1248234838
6605.1248234838
6605.1248234838
6605.1248234838
6605.1248234838
6605.1248234838
6605.1248234838
6605.1248234838
6605.1248234838
6605.1248234838
6605.1248234838
6605.1248234838
6605.1248234838
6605.1248234838
6605.1248234838
6605.1248234838
6605.1248234838
6605.1248234838
6606.4943529752
6606.4943529752
6606.4943529752
6606.4943529752
6606.4943529752
6606.4943529752
6612.5019093059
6612.51574786087
6613.67432672307
6613.67432672307
6613.67432672307
6613.67432672307
6613.67432672307
6613.67432672307
6613.67432672307
6613.67432672307
6613.67432672307
6613.67432672307
6613.67432672307
6613.67432672307
6613.67432672307
6613.67432672307
6613.67432672307
6620.7857642756
6620.7857642756
6620.7857642756
6620.7857642756
6620.7857642756
6620.7857642756
6622.29431723693
6622.29431723693
6622.29431723693
6622.29431723693
6622.29431723693
6622.29431723693
6622.29431723693
6622.29431723693
6622.29431723693
6623.43873470039
6623.94893103584
6628.05722361648
6628.05722361648
6628.05722361648
6631.44844441729
6631.44844441729
6632.51004648893
6632.51004648893
6632.51004648893
6632.51004648893
6632.51004648893
6632.51004648893
6634.68366774777
6634.68366774777
6634.68366774777
6640.09262246311
6640.09262246311
6640.09262246311
6640.09262246311
6640.09262246311
6640.09262246311
6640.09262246311
6640.09262246311
6640.09262246311
6640.09262246311
6640.09262246311
6640.09262246311
6640.09262246311
6640.09262246311
6640.09262246311
6642.05017638615
6642.05017638615
6642.05017638615
6642.05017638615
6642.05017638615
6646.08265139801
6646.08265139801
6646.08265139801
6646.08265139801
6646.08265139801
6646.08265139801
6646.08265139801
6646.08265139801
6646.08265139801
6646.08265139801
6646.08265139801
6646.08265139801
6646.08265139801
6646.08265139801
6646.08265139801
6646.08265139801
6646.08265139801
6646.08265139801
6646.08265139801
6646.08265139801
6646.08265139801
6646.08265139801
6646.08265139801
6646.08265139801
6646.08265139801
6646.08265139801
6646.08265139801
6646.08265139801
6646.08265139801
6646.08265139801
6647.53028394932
6647.53028394932
6648.34715462803
6648.34715462803
6648.34715462803
6648.34715462803
6648.34715462803
6648.34715462803
6648.34715462803
6648.34715462803
6648.34715462803
6648.34715462803
6648.34715462803
6648.34715462803
6648.34715462803
6648.34715462803
6648.34715462803
6648.34715462803
6648.34715462803
6648.34715462803
6648.34715462803
6648.34715462803
6654.67684926911
6654.67684926911
6654.67684926911
6654.67684926911
6654.67684926911
6654.67684926911
6654.67684926911
6654.96554852906
6654.96554852906
6654.96554852906
6654.96554852906
6654.96554852906
6654.96554852906
6654.96554852906
6654.96554852906
6654.96554852906
6654.96554852906
6654.96554852906
6654.96554852906
6654.96554852906
6654.96554852906
6654.96554852906
6654.96554852906
6655.40210679917
6655.40210679917
6655.40210679917
6655.40210679917
6659.39285431016
6659.66574619812
6659.66574619812
6659.66574619812
6659.66574619812
6659.66574619812
6659.66574619812
6659.66574619812
6659.66574619812
6659.66574619812
6659.66574619812
6659.66574619812
6659.66574619812
6659.66574619812
6659.66574619812
6659.66574619812
6659.66574619812
6659.66574619812
6659.66574619812
6659.66574619812
6659.66574619812
6659.66574619812
6659.66574619812
6659.66574619812
6659.66574619812
6659.66574619812
6659.66574619812
6659.66574619812
6660.19972379932
6660.19972379932
6660.19972379932
6660.30685920552
6660.30685920552
6660.30685920552
6660.30685920552
6660.30685920552
6665.60981180741
6665.60981180741
6665.60981180741
6665.60981180741
6665.60981180741
6665.60981180741
6665.60981180741
6665.60981180741
6665.60981180741
6665.60981180741
6665.60981180741
6665.60981180741
6665.60981180741
6665.60981180741
6665.60981180741
6665.60981180741
6665.60981180741
6665.60981180741
6667.69677623252
6667.69677623252
6667.69677623252
6667.69677623252
6667.69677623252
6667.69677623252
6667.69677623252
6667.69677623252
6667.69677623252
6667.69677623252
6669.97960422595
6670.41559048471
6670.41559048471
6671.93699496052
6671.93699496052
6672.62714966529
6672.62714966529
6672.62714966529
6672.62714966529
6672.62714966529
6672.62714966529
6672.62714966529
6672.62714966529
6672.62714966529
6672.62714966529
6672.62714966529
6672.62714966529
6672.62714966529
6674.727300007
6674.727300007
6674.727300007
6678.06300228271
6678.06300228271
6678.06300228271
6678.06300228271
6678.06300228271
6678.06300228271
6679.90810076321
6679.90810076321
6679.90810076321
6679.90810076321
6680.74383054674
6680.74383054674
6680.74383054674
6680.74383054674
6680.74383054674
6680.74383054674
6685.21913994606
6685.21913994606
6685.21913994606
6685.21913994606
6685.21913994606
6685.21913994606
6685.21913994606
6685.21913994606
6688.20986423844
6688.20986423844
6688.20986423844
6688.20986423844
6690.91224953282
6690.91224953282
6690.91224953282
6690.91224953282
6690.91224953282
6690.91224953282
6690.91224953282
6690.91224953282
6690.91224953282
6690.91224953282
6690.91224953282
6690.91224953282
6694.76068121464
6694.76068121464
6694.76068121464
6694.76068121464
6694.76068121464
6694.76068121464
6694.76068121464
6694.76068121464
6698.51680070336
6698.51680070336
6698.51680070336
6698.51680070336
6698.51680070336
6698.51680070336
6698.51680070336
6698.51680070336
6698.51680070336
6698.51680070336
6698.51680070336
6698.51680070336
6698.51680070336
6700.76311943414
6702.91327415596
6702.91327415596
6702.91327415596
6702.91327415596
6702.91327415596
6702.91327415596
6702.91327415596
6702.91327415596
6703.60182933574
6703.60182933574
6703.60182933574
6703.60182933574
6703.60182933574
6703.60182933574
6703.60182933574
6703.60182933574
6703.60182933574
6703.60182933574
6703.60182933574
6703.60182933574
6703.60182933574
6703.60182933574
6703.60182933574
6703.74726706958
6703.74726706958
6703.74726706958
6703.74726706958
6703.74726706958
6706.78152513698
6706.78152513698
6706.78152513698
6706.78152513698
6706.78152513698
6706.78152513698
6707.27066924409
6707.27066924409
6707.27066924409
6707.27066924409
6710.4695672798
6710.4695672798
6710.4695672798
6710.4695672798
6710.4695672798
6710.4695672798
6711.95806944673
6711.95806944673
6711.95806944673
6711.95806944673
6711.95806944673
6711.95806944673
6714.09393326301
6714.09393326301
6714.09393326301
6714.09393326301
6714.09393326301
6714.09393326301
6714.09393326301
6714.46329272166
6714.93779219048
6714.93779219048
6714.93779219048
6714.93779219048
6714.93779219048
6714.93779219048
6714.93779219048
6715.03470930309
6715.03470930309
6715.03470930309
6715.03470930309
6715.03470930309
6715.03470930309
6715.03470930309
6727.58723209275
6727.58723209275
6727.58723209275
6727.58723209275
6727.58723209275
6727.58723209275
6727.58723209275
6727.58723209275
6727.58723209275
6727.58723209275
6731.05642213918
6731.05642213918
6731.05642213918
6731.89513371841
6733.48303273521
6733.48303273521
6733.48303273521
6733.48303273521
6733.48303273521
6733.48303273521
6733.48303273521
6733.48303273521
6733.48303273521
6733.48303273521
6733.48303273521
6733.48303273521
6733.48303273521
6733.48303273521
6733.48303273521
6733.48303273521
6733.48303273521
6733.48303273521
6733.48303273521
6733.48303273521
6733.48303273521
6733.48303273521
6733.48303273521
6733.48303273521
6735.29322021459
6735.29322021459
6736.64074933991
6736.64074933991
6739.44597106245
6743.17910280235
6743.17910280235
6743.17910280235
6743.17910280235
6743.17910280235
6743.17910280235
6743.17910280235
6743.33011671106
6743.33011671106
6743.33011671106
6743.33011671106
6743.33011671106
6743.33011671106
6743.33011671106
6743.33011671106
6743.33011671106
6743.33011671106
6743.33011671106
6743.59582855957
6743.59582855957
6743.59582855957
6743.59582855957
6743.59582855957
6746.79325486537
6746.79325486537
6746.79325486537
6746.81329296331
6746.81329296331
6746.81329296331
6746.81329296331
6746.81329296331
6750.66447167342
6750.66447167342
6755.53487717315
6755.53487717315
6755.53487717315
6755.53487717315
6755.53487717315
6755.53487717315
6755.80659895091
6755.80659895091
6762.56498250786
6762.56498250786
6762.56498250786
6762.56498250786
6762.56498250786
6762.56498250786
6762.56498250786
6762.56498250786
6762.56498250786
6762.56498250786
6762.56498250786
6762.56498250786
6762.97964621536
6762.97964621536
6762.97964621536
6762.97964621536
6762.97964621536
6764.57005116911
6764.57005116911
6764.57005116911
6764.57005116911
6764.57005116911
6764.57005116911
6764.57005116911
6764.57005116911
6764.57005116911
6764.57005116911
6764.80933437787
6764.80933437787
6764.80933437787
6764.80933437787
6764.80933437787
6764.80933437787
6767.92983457318
6767.92983457318
6767.92983457318
6767.92983457318
6767.92983457318
6767.92983457318
6767.92983457318
6768.27368981031
6768.27368981031
6768.27368981031
6768.27368981031
6768.27368981031
6768.27368981031
6768.27368981031
6768.27368981031
6768.27368981031
6768.27368981031
6768.27368981031
6768.27368981031
6768.27368981031
6768.27368981031
6768.27368981031
6768.27368981031
6768.27368981031
6768.27368981031
6768.27368981031
6768.27368981031
6768.27368981031
6769.5575562501
6769.5575562501
6771.52237950626
6771.52237950626
6771.52237950626
6771.52237950626
6771.52237950626
6777.07983471409
6778.24901892011
6778.24901892011
6778.24901892011
6782.04511320597
6782.04511320597
6782.04511320597
6782.04511320597
6782.04511320597
6782.04511320597
6782.04511320597
6782.04511320597
6782.04511320597
6782.04511320597
6782.04511320597
6782.04511320597
6782.04511320597
6783.41803402477
6783.41803402477
6783.41803402477
6783.41803402477
6783.41803402477
6783.41803402477
6783.41803402477
6785.85711579577
6785.85711579577
6785.85711579577
6785.85711579577
6785.85711579577
6785.85711579577
6785.85711579577
6785.85711579577
6785.85711579577
6785.85711579577
6785.85711579577
6785.85711579577
6788.44576965948
6788.44576965948
6788.44576965948
6788.44576965948
6788.44576965948
6788.44576965948
6788.44576965948
6788.44576965948
6788.44576965948
6788.44576965948
6788.44576965948
6788.44576965948
6788.44576965948
6788.44576965948
6788.44576965948
6788.44576965948
6788.44576965948
6788.44576965948
6788.44576965948
6788.44576965948
6788.44576965948
6788.44576965948
6797.72334902472
6797.72334902472
6797.72334902472
6797.72334902472
6798.24088627983
6798.24088627983
6798.24088627983
6798.24088627983
6798.24088627983
6798.24088627983
6798.24088627983
6798.24088627983
6798.24088627983
6798.24088627983
6798.24088627983
6798.24088627983
6798.24088627983
6798.24088627983
6798.24088627983
6798.24088627983
6798.24088627983
6798.24088627983
6798.24088627983
6798.24088627983
6798.24088627983
6798.24088627983
6798.24088627983
6798.24088627983
6798.24088627983
6798.24088627983
6802.38455125745
6802.41374654339
6808.52984754855
6810.86559092018
6810.86559092018
6810.86559092018
6810.86559092018
6810.86559092018
6810.86559092018
6811.29973889718
6811.29973889718
6811.29973889718
6812.06244538685
6812.06244538685
6812.06244538685
6812.06244538685
6812.06244538685
6814.84426400425
6814.84426400425
6814.84426400425
6814.84426400425
6814.84426400425
6814.84426400425
6814.84426400425
6814.84426400425
6814.84426400425
6814.84426400425
6814.84426400425
6814.84426400425
6814.84426400425
6814.84426400425
6819.93368528664
6819.93368528664
6819.93368528664
6819.93368528664
6819.93368528664
6819.93368528664
6819.93368528664
6819.93368528664
6819.93368528664
6819.93368528664
6819.93368528664
6819.93368528664
6819.93368528664
6819.93368528664
6819.93368528664
6819.93368528664
6824.56014077653
6824.56014077653
6824.56014077653
6824.56014077653
6824.56014077653
6824.56014077653
6824.56014077653
6824.56014077653
6825.19498340865
6825.19498340865
6825.19498340865
6825.19498340865
6825.19498340865
6825.19498340865
6825.19498340865
6825.19498340865
6825.19498340865
6825.19498340865
6825.19498340865
6825.19498340865
6825.19498340865
6825.19498340865
6825.19498340865
6825.19498340865
6825.19498340865
6825.19498340865
6825.19498340865
6828.10208025175
6828.10208025175
6828.10208025175
6828.10208025175
6828.10208025175
6828.10208025175
6828.10208025175
6828.10208025175
6828.10208025175
6830.70036127464
6830.70036127464
6840.8280364541
6840.8280364541
6840.8280364541
6840.8280364541
6840.8280364541
6840.8280364541
6840.8280364541
6840.8280364541
6840.8280364541
6840.8280364541
6841.63549488356
6841.63549488356
6841.63549488356
6841.63549488356
6841.63549488356
6841.63549488356
6841.63549488356
6841.63549488356
6841.63549488356
6841.63549488356
6841.63549488356
6841.63549488356
6841.63549488356
6841.63549488356
6841.63549488356
6841.63549488356
6841.63549488356
6841.63549488356
6841.63549488356
6841.63549488356
6841.63549488356
6841.63549488356
6841.63549488356

