3129.24447658971
3435.58320667697
3604.05729093032
3687.9034647925
3738.82891245801
3783.54095466857
3814.33816391989
3835.08735969605
3858.1189513174
3873.97054651226
3898.24230945804
3956.55878470498
3969.52881295661
3990.34791602469
3990.67275812929
4012.02473951803
4023.32629453064
4038.67082016851
4045.96042658232
4056.45632885672
4071.76293027062
4079.52739464865
4090.14011905643
4092.23658000277
4097.95382966
4099.60131703512
4109.93931279172
4123.30751955118
4131.51531479336
4136.58174944118
4141.98470002705
4141.98470002705
4141.98470002705
4143.0020380411
4146.36445791178
4152.75891180337
4177.92948519542
4187.49740402841
4195.4161825387
4195.4161825387
4200.74487677388
4203.10761133067
4203.10761133067
4203.44609535296
4205.3111192132
4210.87023605533
4211.68330433032
4212.09978987289
4212.09978987289
4221.36835971335
4232.8924359603
4232.8924359603
4232.8924359603
4243.29266776926
4243.9648395978
4243.9648395978
4253.59939528553
4253.59939528553
4255.10106420238
4260.70685542729
4262.93098686266
4273.79033428968
4274.94179416189
4278.00723105192
4278.44320009678
4278.44320009678
4283.45524191763
4283.45524191763
4283.45524191763
4283.45524191763
4284.88290084155
4287.15560949359
4287.15560949359
4287.71982227716
4287.71982227716
4287.71982227716
4287.71982227716
4287.71982227716
4298.93171249292
4301.64672641446
4305.04258092863
4305.04258092863
4305.04258092863
4307.628592433
4312.0140514442
4312.0140514442
4312.58305581318
4326.92020399708
4330.44880467545
4330.44880467545
4330.44880467545
4330.44880467545
4330.44880467545
4330.44880467545
4330.44880467545
4330.44880467545
4340.47095322882
4340.47095322882
4340.47095322882
4342.29539199657
4342.29539199657
4343.09865876851
4352.53080038046
4352.53080038046
4352.53080038046
4352.53080038046
4354.08497050073
4359.27598921294
4359.27598921294
4359.42431555398
4365.68158448154
4365.68158448154
4365.68158448154
4366.61960575766
4366.61960575766
4366.61960575766
4367.01658090057
4367.01658090057
4370.89223512118
4373.15600146519
4373.15600146519
4375.73051053075
4375.73051053075
4375.73051053075
4375.73051053075
4375.73051053075
4376.34299452622
4376.34299452622
4376.34299452622
4381.90860292608
4381.90860292608
4383.44604680752
4384.26847987732
4384.26847987732
4384.26847987732
4384.4237505919
4384.4237505919
4384.4237505919
4384.4237505919
4390.25441993219
4390.4833319866
4390.4833319866
4393.24008052375
4393.24008052375
4393.24008052375
4393.24008052375
4393.24008052375
4396.48490499835
4397.17006660576
4397.17006660576
4397.58393489607
4397.58393489607
4397.58393489607
4397.58393489607
4400.08313669036
4405.14709119773
4407.35370106811
4407.35370106811
4407.35370106811
4407.35370106811
4407.35370106811
4407.35370106811
4407.816077739
4407.816077739
4407.816077739
4407.816077739
4408.20317722232
4408.20317722232
4408.20317722232
4408.20317722232
4408.20317722232
4410.50640487737
4410.50640487737
4410.50640487737
4415.98971891724
4418.21996245604
4418.26054534121
4418.26054534121
4420.82418332808
4426.7454367758
4426.7454367758
4428.11576924732
4428.11576924732
4428.11576924732
4430.05821698806
4430.05821698806
4430.3842086077
4431.63641209706
4431.63641209706
4433.28694728735
4433.28694728735
4433.28694728735
4435.59733956879
4439.35370510358
4442.46296956284
4442.46296956284
4442.46296956284
4442.46296956284
4442.46296956284
4448.25115196176
4448.38344429147
4448.38344429147
4458.91993733862
4458.91993733862
4458.91993733862
4460.42536898806
4460.42536898806
4460.42536898806
4460.42536898806
4460.42536898806
4460.42536898806
4460.42536898806
4460.42536898806
4461.01006352028
4461.01006352028
4461.01006352028
4461.01006352028
4461.01006352028
4461.01006352028
4461.01006352028
4461.01006352028
4465.94174205415
4465.94174205415
4465.94174205415
4465.94174205415
4465.94174205415
4465.94174205415
4465.94174205415
4466.34176911615
4466.34176911615
4466.34176911615
4466.34176911615
4466.34176911615
4466.34176911615
4466.34176911615
4466.34176911615
4466.34176911615
4466.34176911615
4466.34176911615
4466.34176911615
4466.34176911615
4466.34176911615
4468.52087285032
4468.52087285032
4468.52087285032
4472.90090388656
4472.90090388656
4474.06715025392
4474.06715025392
4474.06715025392
4474.06715025392
4481.45926067
4481.45926067
4481.45926067
4482.55076487189
4482.55076487189
4482.55076487189
4485.57993850745
4485.57993850745
4485.57993850745
4494.29329395344
4495.11540862941
4498.25427474877
4504.06255694273
4504.06255694273
4504.06255694273
4505.47276009728
4506.04831568493
4506.04831568493
4506.04831568493
4506.04831568493
4506.04831568493
4506.04831568493
4506.04831568493
4506.04831568493
4506.04831568493
4506.04831568493
4510.08796290152
4510.08796290152
4510.08796290152
4510.08796290152
4510.08796290152
4510.08796290152
4510.08796290152
4510.08796290152
4510.08796290152
4510.08796290152
4510.08796290152
4510.08796290152
4511.94266250447
4511.94266250447
4520.76957350174
4520.76957350174
4521.76669444585
4521.76669444585
4521.76669444585
4521.76669444585
4523.5015294651
4523.5015294651
4525.84561119165
4527.29560849079
4529.54439648403
4534.97709412078
4534.97709412078
4534.97709412078
4534.97709412078
4534.97709412078
4534.97709412078
4535.92413608512
4535.92413608512
4535.92413608512
4535.92413608512
4535.92413608512
4535.92413608512
4535.92413608512
4535.92413608512
4538.2905639073
4538.2905639073
4538.2905639073
4538.2905639073
4538.2905639073
4538.2905639073
4538.2905639073
4538.2905639073
4538.2905639073
4538.2905639073
4544.97482717067
4544.97482717067
4545.00562679302
4545.00562679302
4545.00562679302
4545.00562679302
4545.00562679302
4545.00562679302
4545.00562679302
4545.00562679302
4546.93041496458
4546.93041496458
4547.35929322057
4547.35929322057
4547.35929322057
4547.35929322057
4547.35929322057
4550.48009338148
4550.48009338148
4550.48009338148
4550.48009338148
4550.48009338148
4550.48009338148
4550.48009338148
4550.48009338148
4550.48009338148
4550.48009338148
4550.48009338148
4550.48009338148
4550.48009338148
4550.48009338148
4550.48009338148
4550.88812654895
4550.88812654895
4550.88812654895
4550.91085388642
4550.91085388642
4550.91085388642
4550.91085388642
4553.73588504458
4555.53883388583
4555.53883388583
4555.53883388583
4555.53883388583
4556.07711253238
4556.07711253238
4556.07711253238
4556.07711253238
4556.47843856971
4556.47843856971
4556.47843856971
4556.47843856971
4556.47843856971
4556.47843856971
4556.47843856971
4557.65491549859
4557.65491549859
4557.65491549859
4558.84307669416
4558.84307669416
4558.84307669416
4558.84307669416
4560.71066308524
4560.71066308524
4560.71066308524
4560.71066308524
4560.72167721247
4560.72167721247
4560.72167721247
4560.72167721247
4560.72167721247
4560.72167721247
4560.72167721247
4560.72167721247
4561.32555004417
4561.32555004417
4561.32555004417
4561.32555004417
4561.32555004417
4561.32555004417
4561.32555004417
4561.32555004417
4564.75530704537
4564.75530704537
4564.75530704537
4564.75530704537
4564.75530704537
4568.30824041606
4568.30824041606
4568.30824041606
4568.30824041606
4570.54289299914
4570.54289299914
4570.54289299914
4570.54289299914
4570.54289299914
4570.54289299914
4571.58589197924
4571.58589197924
4571.63012182169
4571.63012182169
4571.63012182169
4571.63012182169
4571.63012182169
4571.63012182169
4571.63012182169
4571.63012182169
4571.63012182169
4571.63012182169
4572.11830877783
4572.11830877783
4572.11830877783
4579.51861247682
4579.51861247682
4579.51861247682
4579.51861247682
4579.51861247682
4579.51861247682
4579.51861247682
4579.51861247682
4579.51861247682
4579.51861247682
4579.51861247682
4579.51861247682
4579.64225961718
4579.64225961718
4580.32810089564
4580.32810089564
4580.32810089564
4580.32810089564
4580.32810089564
4580.32810089564
4580.32810089564
4580.32810089564
4580.32810089564
4581.38539846766
4581.38539846766
4581.38539846766
4581.38539846766
4581.38539846766
4581.38539846766
4581.38539846766
4581.38539846766
4581.38539846766
4581.38539846766
4581.38539846766
4581.38539846766
4582.41258154246
4582.41258154246
4582.41258154246
4582.41258154246
4582.41258154246
4582.41258154246
4582.41258154246
4582.41258154246
4582.41258154246
4582.41258154246
4582.41258154246
4582.41258154246
4584.68557972543
4584.68557972543
4584.68557972543
4593.16627584107
4593.16627584107
4593.16627584107
4593.16627584107
4593.16627584107
4593.16627584107
4593.16627584107
4593.16627584107
4593.16627584107
4593.16627584107
4593.16627584107
4593.16627584107
4593.16627584107
4593.1841919322
4593.1841919322
4593.1841919322
4593.64756569393
4593.64756569393
4593.64756569393
4593.64756569393
4595.59526203633
4596.44010703699
4596.44010703699
4596.44010703699
4596.44010703699
4596.44010703699
4596.44010703699
4596.44010703699
4596.44010703699
4596.96970824865
4596.96970824865
4599.50852476605
4599.50852476605
4599.50852476605
4599.50852476605
4599.50852476605
4599.50852476605
4599.50852476605
4599.50852476605
4599.50852476605
4599.50852476605
4599.50852476605
4599.50852476605
4601.58994920793
4601.58994920793
4601.58994920793
4601.58994920793
4603.88702876697
4605.93590124906
4605.93590124906
4609.56470688661
4609.56470688661
4609.56470688661
4609.56470688661
4611.86106353521
4611.86106353521
4611.86106353521
4611.86106353521
4611.86106353521
4611.86106353521
4611.86106353521
4611.86106353521
4611.86106353521
4611.86106353521
4616.33712337856
4616.33712337856
4618.66723923388
4618.66723923388
4618.66723923388
4622.87148385645
4622.87148385645
4622.87148385645
4622.87148385645
4622.87148385645
4622.87148385645
4622.87148385645
4622.87148385645
4622.87148385645
4622.87148385645
4622.87148385645
4622.87148385645
4622.87148385645
4622.87148385645
4622.87148385645
4626.44067218392
4626.44067218392
4626.44067218392
4626.44067218392
4626.44067218392
4626.44067218392
4626.44067218392
4626.44067218392
4626.44067218392
4626.44067218392
4626.44067218392
4626.44067218392
4626.44067218392
4626.44067218392
4626.44067218392
4626.44067218392
4626.44067218392
4626.44067218392
4626.44067218392
4626.44067218392
4626.44067218392
4626.44067218392
4626.44067218392
4626.44067218392
4626.44067218392
4626.44067218392
4629.00341294663
4630.9154531058
4630.9154531058
4630.9154531058
4634.62440265694
4634.62440265694
4634.62440265694
4634.62440265694
4634.62440265694
4637.82728954507
4637.82728954507
4641.41123338673
4642.26825388518
4642.26825388518
4642.26825388518
4642.26825388518
4644.54135842018
4645.20277606314
4645.20277606314
4646.68233436341
4646.68233436341
4646.68233436341
4646.68233436341
4646.68233436341
4646.68233436341
4646.68233436341
4646.68233436341
4646.68233436341
4646.68233436341
4646.68233436341
4646.68233436341
4652.72720829542
4652.72720829542
4652.72720829542
4652.72720829542
4652.72720829542
4652.72720829542
4652.72720829542
4652.72720829542
4652.72720829542
4652.72720829542
4652.72720829542
4652.72720829542
4652.72720829542
4652.72720829542
4652.72720829542
4652.72720829542
4652.72720829542
4652.72720829542
4652.72720829542
4656.93247390706
4659.76218641569
4660.36476322698
4660.36476322698
4660.36476322698
4660.36476322698
4660.36476322698
4660.36476322698
4660.36476322698
4660.36476322698
4662.59621159354
4662.59621159354
4662.59621159354
4662.59621159354
4662.59621159354
4662.59621159354
4662.59621159354
4662.59621159354
4662.59621159354
4662.59621159354
4662.59621159354
4662.59621159354
4662.59621159354
4662.59621159354
4662.59621159354
4662.59621159354
4662.86389925622
4662.86389925622
4662.86389925622
4662.86389925622
4662.86389925622
4662.86389925622
4662.86389925622
4662.86389925622
4662.86389925622
4662.86389925622
4662.86389925622
4662.86389925622
4662.86389925622
4662.86389925622
4664.2621978396
4664.2621978396
4664.2621978396
4664.2621978396
4666.19586769946
4666.19586769946
4666.19586769946
4666.19586769946
4666.19586769946
4666.19586769946
4667.11930458279
4667.11930458279
4667.11930458279
4667.11930458279
4667.11930458279
4667.11930458279
4667.11930458279
4667.11930458279
4667.11930458279
4667.11930458279
4667.11930458279
4667.11930458279
4667.11930458279
4667.11930458279
4667.11930458279
4667.11930458279
4667.11930458279
4667.11930458279
4667.11930458279
4667.11930458279
4667.11930458279
4667.11930458279
4667.11930458279
4667.11930458279
4667.11930458279
4667.11930458279
4667.80178950705
4667.80178950705
4667.80178950705
4667.80178950705
4667.80178950705
4667.80178950705
4667.80178950705
4667.80178950705
4667.80178950705
4667.80178950705
4667.80178950705
4669.11022938437
4669.11022938437
4670.00505088666
4672.98383453355
4672.98383453355
4672.98383453355
4672.98383453355
4672.98383453355
4673.43431592523
4673.43431592523
4673.43431592523
4673.43431592523
4673.43431592523
4673.43431592523
4673.43431592523
4673.43431592523
4673.43431592523
4673.43431592523
4673.43431592523
4673.43431592523
4673.43431592523
4673.43431592523
4673.43431592523
4673.43431592523
4673.43431592523
4673.43431592523
4673.43431592523
4673.43431592523
4673.43431592523
4673.43431592523
4673.43431592523
4673.43431592523
4673.43431592523
4673.43431592523
4675.63315844993
4675.63315844993
4675.63315844993
4675.63315844993
4675.63315844993
4675.63315844993
4676.36740078992
4676.36740078992
4676.36740078992
4676.36740078992
4676.36740078992
4676.36740078992
4676.36740078992
4676.36740078992
4676.36740078992
4676.36740078992
4676.65828619918
4676.65828619918
4676.65828619918
4676.65828619918
4676.65828619918
4676.65828619918
4676.65828619918
4676.65828619918
4676.65828619918
4676.65828619918
4676.65828619918
4680.2766690041
4680.2766690041
4680.2766690041
4680.2766690041
4680.2766690041
4680.2766690041
4684.36707496548
4684.36707496548
4684.36707496548
4684.36707496548
4684.36707496548
4684.36707496548
4684.36707496548
4684.36707496548
4684.36707496548
4684.36707496548
4684.36707496548
4684.36707496548
4684.36707496548
4684.36707496548
4684.36707496548
4684.36707496548
4684.36707496548
4684.36707496548
4684.36707496548
4684.36707496548
4684.36707496548
4684.36707496548
4684.36707496548
4684.36707496548
4684.36707496548
4684.36707496548
4684.36707496548
4684.36707496548
4684.36707496548
4686.46817208691
4686.46817208691
4686.46817208691
4686.46817208691
4686.46817208691
4686.46817208691
4687.29903892947
4687.29903892947
4687.29903892947
4688.10459763006
4688.10459763006
4688.10459763006
4688.10459763006
4688.10459763006
4688.10459763006
4688.10459763006
4688.10459763006
4688.10459763006
4688.10459763006
4688.10459763006
4688.10459763006
4688.10459763006
4688.10459763006
4688.10459763006
4688.10459763006
4688.10459763006
4688.10459763006
4688.10459763006
4688.10459763006
4688.10459763006
4688.10459763006
4688.10459763006
4688.10459763006
4688.10459763006
4688.10459763006
4688.10459763006
4688.10459763006
4688.10459763006
4688.68622329181
4688.68622329181
4688.68622329181
4688.68622329181
4688.68622329181
4688.68622329181
4688.68622329181
4688.68622329181
4688.68622329181
4688.68622329181
4688.68622329181
4688.68622329181
4688.68622329181
4688.68622329181
4688.68622329181
4688.68622329181
4688.68622329181
4688.68622329181
4688.68622329181
4688.68622329181
4688.68622329181
4688.68622329181
4688.68622329181
4688.68622329181
4688.68622329181
4688.68622329181
4688.68622329181
4688.68622329181
4688.68622329181
4688.68622329181
4688.68622329181
4688.68622329181
4688.68622329181
4688.68622329181
4688.68622329181
4688.68622329181
4688.68622329181
4688.68622329181
4692.50905147924
4702.12072529993
4702.12072529993
4702.12072529993
4702.12072529993
4704.17706622234
4704.17706622234
4704.17706622234
4704.17706622234
4704.17706622234
4704.17706622234
4704.17706622234
4704.17706622234
4704.17706622234
4704.17706622234
4704.17706622234
4704.17706622234
4704.17706622234
4704.17706622234
4705.70084833633
4705.70084833633
4705.70084833633
4705.70084833633
4705.70084833633
4705.70084833633
4705.70084833633
4705.70084833633
4705.70084833633
4705.70084833633
4705.70084833633
4705.70084833633
4705.70084833633
4705.70084833633
4705.70084833633
4710.60798715154
4710.60798715154
4710.60798715154
4710.60798715154
4710.60798715154
4710.60798715154
4710.60798715154
4710.60798715154
4710.60798715154
4710.60798715154
4710.60798715154
4710.60798715154
4710.60798715154
4710.60798715154
4710.60798715154
4712.67632439471
4712.67632439471
4712.67632439471
4712.67632439471
4712.67632439471
4712.67632439471
4712.67632439471
4712.67632439471
4712.67632439471
4712.67632439471
4712.67632439471
4712.67632439471
4712.67632439471
4712.67632439471
4712.67632439471
4712.67632439471
4712.67632439471
4712.67632439471
4712.67632439471
4712.67632439471
4712.67632439471
4712.67632439471
4712.67632439471
4712.67632439471
4712.67632439471
4712.67632439471
4712.67632439471
4712.67632439471
4714.12728621643
4714.12728621643
4714.12728621643
4714.12728621643
4714.12728621643
4714.12728621643
4714.12728621643
4714.12728621643
4714.12728621643
4714.12728621643
4714.12728621643
4714.12728621643
4714.12728621643
4714.12728621643
4714.12728621643
4714.12728621643
4714.12728621643
4715.14377795488
4715.14377795488
4715.79931438786
4715.79931438786
4715.79931438786
4715.79931438786
4715.79931438786
4715.79931438786
4715.79931438786
4715.79931438786
4715.79931438786
4715.79931438786
4715.79931438786
4715.79931438786
4715.79931438786
4715.79931438786
4715.89175665885
4715.89175665885
4715.89175665885
4715.89175665885
4715.89175665885
4715.89175665885
4715.89175665885
4715.89175665885
4715.89175665885
4715.89175665885
4715.89175665885
4715.89175665885
4715.89175665885
4715.89175665885
4724.93221802943
4724.93221802943
4724.93221802943
4724.93221802943
4724.93221802943
4726.22335866686
4726.22335866686
4726.22335866686
4726.22335866686
4731.61488813315
4731.61488813315
4731.61488813315
4731.61488813315
4731.61488813315
4731.61488813315
4731.61488813315
4731.61488813315
4731.61488813315
4736.13100896031
4736.13100896031
4736.13100896031
4736.13100896031
4736.13100896031
4736.13100896031
4736.13100896031
4736.13100896031
4736.13100896031
4736.13100896031
4736.13100896031
4736.13100896031
4736.13100896031
4736.13100896031
4736.13100896031
4736.13100896031
4736.13100896031
4736.13100896031
4736.13100896031
4736.13100896031
4736.13100896031
4736.13100896031
4736.13100896031
4742.70298929106
4742.70298929106
4742.70298929106
4745.46360749415
4745.46360749415
4745.46360749415
4745.46360749415
4745.46360749415
4745.46360749415
4745.46360749415
4745.46360749415
4745.46360749415
4745.46360749415
4745.46360749415
4745.46360749415
4745.46360749415
4750.25634941146
4750.25634941146
4750.25634941146
4750.25634941146
4750.25634941146
4753.03110500181
4753.03110500181
4753.03110500181
4753.03110500181
4753.03110500181
4753.03110500181
4753.03110500181
4753.03110500181
4753.03110500181
4753.03110500181
4753.03110500181
4755.48679801134
4755.48679801134
4757.51446314814
4757.51446314814
4757.51446314814
4760.96669599375
4760.96669599375
4760.96669599375
4760.96669599375
4760.96669599375
4760.96669599375
4760.96669599375
4760.96669599375
4760.96669599375
4760.96669599375
4760.96669599375
4760.96669599375
4760.96669599375
4760.96669599375
4760.96669599375
4760.96669599375
4760.96669599375
4760.96669599375
4760.96669599375
4760.96669599375
4762.6122702916
4762.6122702916
4762.6122702916
4763.76145412315
4763.76145412315
4763.76145412315
4763.76145412315
4763.76145412315
4763.76145412315
4763.76145412315
4763.76145412315
4763.76145412315
4763.76145412315
4763.76145412315
4763.76145412315
4763.76145412315
4763.76145412315
4763.76145412315
4763.76145412315
4765.48559903011
4765.48559903011
4771.76370509385
4771.76370509385
4772.54600437482
4772.54600437482
4772.54600437482
4772.54600437482
4772.54600437482
4772.54600437482
4772.54600437482
4772.54600437482
4772.54600437482
4772.54600437482
4781.96532392242
4781.96532392242
4781.96532392242
4781.96532392242
4784.25821090437
4784.25821090437
4784.25821090437
4784.25821090437
4784.25821090437
4784.25821090437
4784.25821090437
4784.86222073236
4784.86222073236
4784.86222073236
4784.86222073236
4784.86222073236
4784.86222073236
4784.86222073236
4784.86222073236
4784.86222073236
4784.86222073236
4784.86222073236
4784.99331417171
4784.99331417171
4784.99331417171
4784.99331417171
4784.99331417171
4784.99331417171
4784.99331417171
4784.99331417171
4784.99331417171
4784.99331417171
4784.99331417171
4784.99331417171
4784.99331417171
4784.99331417171
4784.99331417171
4784.99331417171
4784.99331417171
4784.99331417171
4784.99331417171
4784.99331417171
4784.99331417171
4784.99331417171
4784.99331417171
4784.99331417171
4791.47825784063
4791.47825784063
4791.47825784063
4791.47825784063
4791.47825784063
4791.47825784063
4791.47825784063
4791.47825784063
4791.47825784063
4791.47825784063
4791.47825784063
4791.47825784063
4791.47825784063
4791.47825784063
4791.47825784063
4791.47825784063
4791.47825784063
4791.47825784063
4791.47825784063
4791.47825784063
4791.47825784063
4791.47825784063
4791.47825784063
4791.47825784063
4791.47825784063
4791.47825784063
4791.47825784063
4791.47825784063
4791.47825784063
4791.47825784063
4793.37822048118
4793.37822048118
4793.37822048118
4793.37822048118
4793.37822048118
4793.37822048118
4793.37822048118
4793.37822048118
4793.37822048118
4793.37822048118
4796.94234294099
4796.94234294099
4796.94234294099
4796.94234294099
4796.94234294099
4796.94234294099
4796.94234294099
4796.94234294099
4796.94234294099
4796.94234294099
4796.94234294099
4796.94234294099
4796.94234294099
4796.94234294099
4796.94234294099
4796.94234294099
4796.94234294099
4796.94234294099
4796.94234294099
4796.94234294099
4796.94234294099
4797.81730969247
4797.81730969247
4797.81730969247
4797.81730969247
4797.81730969247
4797.81730969247
4797.81730969247
4798.49686159535
4798.49686159535
4799.06052526725
4799.06052526725
4799.06052526725
4801.51866522785
4801.51866522785
4801.51866522785
4801.51866522785
4801.51866522785
4801.51866522785
4801.51866522785
4801.51866522785
4801.51866522785
4801.51866522785
4801.51866522785
4801.51866522785
4801.51866522785
4801.51866522785
4801.51866522785
4807.44035462128
4807.44035462128
4807.44035462128
4807.44035462128
4807.44035462128
4807.44035462128
4807.44035462128
4807.44035462128
4807.44035462128
4807.44035462128
4807.44035462128
4807.44035462128
4811.84769724293
4811.84769724293
4811.84769724293
4811.84769724293
4814.89256084947
4814.89256084947
4814.89256084947
4814.89256084947
4814.89256084947
4814.89256084947
4814.89256084947
4814.89256084947
4815.54420175675
4815.54420175675
4815.54420175675
4815.54420175675
4815.54420175675
4815.54420175675
4815.54420175675
4815.54420175675
4815.54420175675
4815.54420175675
4815.54420175675
4815.54420175675
4815.54420175675
4815.54420175675
4815.54420175675
4815.54420175675
4815.54420175675
4815.54420175675
4815.54420175675
4815.54420175675
4815.54420175675
4815.54420175675
4815.54420175675
4815.54420175675
4815.54420175675
4815.54420175675
4815.54420175675
4815.54420175675
4815.54420175675
4815.54420175675
4815.54420175675
4815.54420175675
4815.54420175675
4815.54420175675
4815.54420175675
4817.20672875817
4817.20672875817
4817.20672875817
4817.20672875817
4817.20672875817
4817.20672875817
4817.20672875817
4817.20672875817
4817.20672875817
4817.20672875817
4817.20672875817
4817.20672875817
4817.20672875817
4817.20672875817
4817.20672875817
4817.20672875817
4817.20672875817
4817.20672875817
4817.20672875817
4817.20672875817
4817.20672875817
4817.20672875817
4817.20672875817
4817.20672875817
4817.20672875817
4817.20672875817
4817.20672875817
4817.20672875817
4817.20672875817
4817.20672875817
4817.20672875817
4817.20672875817
4817.20672875817
4817.20672875817
4817.20672875817
4817.20672875817
4817.20672875817
4817.20672875817
4817.20672875817
4817.20672875817
4817.20672875817
4817.20672875817
4817.20672875817
4823.52040318095
4823.52040318095
4823.52040318095
4823.52040318095
4823.52040318095
4823.52040318095
4824.9293686538
4824.9293686538
4824.9293686538
4824.9293686538
4824.9293686538
4824.9293686538
4824.9293686538
4824.9293686538
4824.9293686538
4824.9293686538
4824.9293686538
4824.9293686538
4824.9293686538
4824.9293686538
4824.9293686538
4824.9293686538
4824.9293686538
4828.98761090802
4830.22892263624
4830.22892263624
4830.22892263624
4830.22892263624
4830.22892263624
4830.22892263624
4830.22892263624
4830.22892263624
4830.22892263624
4830.22892263624
4830.22892263624
4830.22892263624
4830.22892263624
4830.22892263624
4830.22892263624
4830.22892263624
4832.66206862873
4832.66206862873
4832.66206862873
4832.66206862873
4832.66206862873
4835.06782992806
4835.06782992806
4835.06782992806
4835.06782992806
4835.06782992806
4835.06782992806
4835.48801692444
4835.48801692444
4835.48801692444
4835.48801692444
4835.48801692444
4835.48801692444
4835.48801692444
4835.48801692444
4835.48801692444
4835.48801692444
4835.48801692444
4835.48801692444
4835.48801692444
4835.48801692444
4835.48801692444
4835.48801692444
4835.48801692444
4835.48801692444
4835.48801692444
4835.48801692444
4835.48801692444
4835.72675856782
4835.72675856782
4835.72675856782
4835.72675856782
4835.72675856782
4835.72675856782
4835.72675856782
4835.72675856782
4835.72675856782
4835.72675856782
4835.72675856782
4836.78089212478
4836.78089212478
4836.78089212478
4836.78089212478
4836.78089212478
4836.78089212478
4836.78089212478
4836.78089212478
4837.57146493078
4837.57146493078
4838.8235606553
4838.8235606553
4838.8235606553
4838.8235606553
4838.8235606553
4838.8235606553
4838.8235606553
4838.8235606553
4838.8235606553
4838.8235606553
4838.8235606553
4838.8235606553
4838.8235606553
4838.8235606553
4838.8235606553
4838.8235606553
4840.73214402586
4840.73214402586
4840.73214402586
4840.73214402586
4840.73214402586
4840.73214402586
4840.73214402586
4840.73214402586
4840.73214402586
4841.85526447216
4841.85526447216
4841.85526447216
4841.85526447216
4841.85526447216
4841.85526447216
4841.85526447216
4841.85526447216
4841.85526447216
4841.85526447216
4841.85526447216
4841.85526447216
4841.85526447216
4841.85526447216
4841.85526447216
4841.85526447216
4841.85526447216
4841.85526447216
4841.85526447216
4841.85526447216
4841.85526447216
4841.85526447216
4841.85526447216
4841.85526447216
4841.85526447216
4841.85526447216
4841.85526447216
4841.85526447216
4841.85526447216
4841.85526447216
4841.85526447216
4841.85526447216
4841.85526447216
4841.85526447216
4841.85526447216
4841.85526447216
4841.85526447216
4841.85526447216
4841.85526447216
4841.85526447216
4841.85526447216
4841.85526447216
4841.85526447216
4841.85526447216
4841.85526447216
4841.85526447216
4841.85526447216
4841.85526447216
4841.85526447216
4841.85526447216
4842.71572143133
4842.71572143133
4842.71572143133
4842.71572143133
4842.71572143133
4842.71572143133
4842.71572143133
4842.71572143133
4842.71572143133
4842.71572143133
4842.71572143133
4842.71572143133
4842.71572143133
4842.71572143133
4842.71572143133
4842.71572143133
4842.71572143133
4842.71572143133
4842.71572143133
4842.71572143133
4842.71572143133
4842.71572143133
4842.71572143133
4842.71572143133
4842.71572143133
4843.32983618019
4843.32983618019
4843.32983618019
4843.32983618019
4843.32983618019
4843.32983618019
4843.3898785848
4843.3898785848
4843.3898785848
4843.3898785848
4843.3898785848
4843.3898785848
4843.3898785848
4843.3898785848
4843.3898785848
4843.3898785848
4843.3898785848
4843.3898785848
4843.3898785848
4843.3898785848
4843.3898785848
4843.3898785848
4843.3898785848
4843.3898785848
4843.3898785848
4843.3898785848
4843.3898785848
4843.3898785848
4843.3898785848
4843.3898785848
4843.3898785848
4843.3898785848
4843.3898785848
4843.3898785848
4843.3898785848
4843.3898785848
4843.3898785848
4843.3898785848
4843.3898785848
4843.3898785848
4843.3898785848
4843.3898785848
4843.3898785848
4843.3898785848
4843.3898785848
4843.3898785848
4843.3898785848
4843.3898785848
4843.3898785848
4843.3898785848
4843.3898785848
4843.3898785848
4843.3898785848
4843.3898785848
4843.3898785848
4843.3898785848
4843.3898785848
4845.42432377127
4845.42432377127
4845.42432377127
4845.42432377127
4845.42432377127
4845.42432377127
4845.71455000219
4845.71455000219
4845.71455000219
4845.71455000219
4845.71455000219
4845.71455000219
4845.71455000219
4845.71455000219
4845.71455000219
4845.71455000219
4845.71455000219
4845.97672417086
4845.97672417086
4845.97672417086
4845.97672417086
4845.97672417086
4845.97672417086
4845.97672417086
4845.97672417086
4845.97672417086
4845.97672417086
4845.97672417086
4845.97672417086
4845.97672417086
4845.97672417086
4846.05125643906
4846.05125643906
4846.05125643906
4846.05125643906
4846.05125643906
4846.05125643906
4846.05125643906
4846.05125643906
4846.05125643906
4846.7190081946
4846.7190081946
4846.7190081946
4846.86248906679
4846.86248906679
4846.86248906679
4846.86248906679
4846.86248906679
4846.86248906679
4846.86248906679
4846.86248906679
4846.86248906679
4846.86248906679
4846.86248906679
4846.86248906679
4846.86248906679
4846.86248906679
4846.86248906679
4846.86248906679
4846.86248906679
4846.86248906679
4846.86248906679
4846.86248906679
4846.86248906679
4846.86248906679
4846.86248906679
4846.99279844416
4846.99279844416
4846.99279844416
4846.99279844416
4846.99279844416
4846.99279844416
4846.99279844416
4846.99279844416
4847.36414599181
4847.36414599181
4847.36414599181
4847.36414599181
4847.36414599181
4847.36414599181
4847.84874785996
4847.84874785996
4847.84874785996
4847.84874785996
4847.84874785996
4848.63254219146
4848.63254219146
4848.63254219146
4848.63254219146
4848.63254219146
4848.63254219146
4848.63254219146
4848.63254219146
4848.63254219146
4848.63254219146
4848.63254219146
4848.63254219146
4848.63254219146
4848.63254219146
4848.63254219146
4848.63254219146
4848.63254219146
4848.63254219146
4848.63254219146
4848.63254219146
4848.63254219146
4848.63254219146
4848.63254219146
4849.45873849967
4849.45873849967
4849.45873849967
4849.45873849967
4849.45873849967
4849.45873849967
4849.45873849967
4849.45873849967
4849.45873849967
4849.45873849967
4849.45873849967
4849.45873849967
4849.45873849967
4850.1123102709
4850.1123102709
4850.1123102709
4850.1123102709
4850.1123102709
4850.1123102709
4850.1123102709
4850.1123102709
4850.1123102709
4850.1123102709
4850.1123102709
4850.1123102709
4850.24324304283
4850.24324304283
4850.24324304283
4850.24324304283
4850.24324304283
4850.24324304283
4850.62135618575
4850.62135618575
4850.62135618575
4850.62135618575
4850.62135618575
4850.62135618575
4850.62135618575
4850.62135618575
4850.62135618575
4850.62135618575
4850.62135618575
4850.62135618575
4850.62135618575
4850.62135618575
4850.62135618575
4853.58962553284
4856.60740743036
4856.60740743036
4856.60740743036
4856.69001149067
4856.69001149067
4856.69001149067
4856.69001149067
4856.69001149067
4856.69001149067
4856.69001149067
4856.84874584558
4856.84874584558
4856.84874584558
4857.1202083343
4857.1202083343
4857.1202083343
4857.1202083343
4857.1202083343
4857.1202083343
4857.1202083343
4857.1202083343
4857.1202083343
4857.1202083343
4857.1202083343
4857.1202083343
4857.1202083343
4857.1202083343
4857.1202083343
4857.1202083343
4857.1202083343
4857.1202083343
4857.1202083343
4857.1202083343
4858.93908346447
4858.93908346447
4858.93908346447
4858.93908346447
4858.93908346447
4858.93908346447
4858.93908346447
4864.33344777948
4864.33344777948
4864.33344777948
4864.33344777948
4864.33344777948
4864.33344777948
4864.33344777948
4864.33344777948
4864.33344777948
4864.33344777948
4864.33344777948
4864.33344777948
4864.33344777948
4864.33344777948
4864.33344777948
4864.33344777948
4864.33344777948
4864.33344777948
4864.33344777948
4864.33344777948
4864.33344777948
4868.13959154241
4868.13959154241
4868.13959154241
4868.13959154241
4872.86847549439
4872.86847549439
4872.86847549439
4872.86847549439
4872.86847549439
4872.86847549439
4872.86847549439
4872.86847549439
4872.86847549439
4872.86847549439
4872.86847549439
4872.86847549439
4872.86847549439
4872.86847549439
4872.86847549439
4872.86847549439
4872.86847549439
4872.86847549439
4872.86847549439
4872.86847549439
4872.86847549439
4872.86847549439
4872.86847549439
4872.86847549439
4872.89624279478
4872.89624279478
4872.89624279478
4872.89624279478
4872.89624279478
4874.15822514195
4874.15822514195
4874.15822514195
4874.15822514195
4874.15822514195
4882.82896174362
4882.82896174362
4882.82896174362
4883.70294516262
4883.70294516262
4884.63540195858
4884.63540195858
4884.63540195858
4884.63540195858
4884.63540195858
4884.63540195858
4884.63540195858
4884.63540195858
4884.63540195858
4884.63540195858
4886.05893939595
4886.05893939595
4886.05893939595
4886.05893939595
4886.45370008812
4886.52046115486
4886.52046115486
4886.52046115486
4886.52046115486
4886.52046115486
4886.52046115486
4886.52046115486
4886.52046115486
4886.52046115486
4886.52046115486
4887.22162698562
4887.22162698562
4887.22162698562
4887.22162698562
4887.22162698562
4887.22162698562
4887.22162698562
4887.22162698562
4887.22162698562
4887.22162698562
4887.22162698562
4887.22162698562
4887.22162698562
4887.22162698562
4887.22162698562
4887.22162698562
4887.22162698562
4887.22162698562
4887.22162698562
4887.22162698562
4887.22162698562
4887.22162698562
4887.22162698562
4887.22162698562
4887.22162698562
4887.22162698562
4887.22162698562
4887.22162698562
4887.22162698562
4887.22162698562
4887.22162698562
4887.22162698562
4887.22162698562
4887.22162698562
4887.22162698562
4887.22162698562
4887.22162698562
4887.22162698562
4887.22162698562
4887.22162698562
4887.22162698562
4887.22162698562
4887.22162698562
4887.22162698562
4887.22162698562
4887.22162698562
4887.22162698562
4887.22162698562
4889.49627329276
4889.49627329276
4889.49627329276
4889.49627329276
4889.49627329276
4889.49627329276
4889.49627329276
4889.49627329276
4889.49627329276
4889.49627329276
4889.49627329276
4889.49627329276
4889.49627329276
4889.49627329276
4889.49627329276
4889.49627329276
4889.49627329276
4890.68191078054
4890.68191078054
4890.68191078054
4890.68191078054
4890.68191078054
4890.68191078054
4890.68191078054
4890.68191078054
4890.68191078054
4890.68191078054
4890.68191078054
4890.68191078054
4900.09663052653
4900.09663052653
4900.09663052653
4900.09663052653
4900.09663052653
4900.09663052653
4900.09663052653
4900.09663052653
4900.09663052653
4900.09663052653
4900.09663052653
4900.09663052653
4900.09663052653
4900.09663052653
4900.09663052653
4900.09663052653
4900.09663052653
4900.37163774242
4900.37163774242
4900.37163774242
4900.37163774242
4900.37163774242
4900.79216145593
4900.79216145593
4906.92188308753
4906.92188308753
4906.92188308753
4906.92188308753
4906.92188308753
4906.92188308753
4906.92188308753
4907.59041389936
4908.51966310626
4908.51966310626
4908.51966310626
4908.51966310626
4908.51966310626
4908.51966310626
4908.51966310626
4908.51966310626
4908.51966310626
4908.51966310626
4908.51966310626
4908.51966310626
4908.51966310626
4908.51966310626
4908.51966310626
4910.47809827218
4910.47809827218
4910.47809827218
4910.47809827218
4910.47809827218
4910.47809827218
4910.47809827218
4910.47809827218
4910.47809827218
4910.47809827218
4910.47809827218
4910.47809827218
4910.47809827218
4910.47809827218
4910.47809827218
4910.47809827218
4910.47809827218
4910.47809827218
4911.23798734853
4911.23798734853
4911.23798734853
4911.23798734853
4911.23798734853
4911.23798734853
4911.23798734853
4911.23798734853
4913.1540040462
4913.1540040462
4915.70291858948
4915.70291858948
4915.70291858948
4915.70291858948
4915.70291858948
4917.21326133517
4917.21326133517
4917.21326133517
4917.21326133517
4917.21326133517
4917.21326133517
4917.21326133517
4917.21326133517
4917.21326133517
4917.21326133517
4917.21326133517
4917.21326133517
4917.21326133517
4917.21326133517
4917.21326133517
4917.21326133517
4917.21326133517
4917.38552857445
4917.38552857445
4917.38552857445
4917.38552857445
4917.38552857445
4917.38552857445
4917.38552857445
4917.38552857445
4917.38552857445
4917.38552857445
4917.38552857445
4917.50250862578
4917.50250862578
4917.50250862578
4917.50250862578
4917.50250862578
4917.50250862578
4917.50250862578
4917.50250862578
4917.50250862578
4917.50250862578
4917.50250862578
4917.50250862578
4917.50250862578
4917.50250862578
4917.50250862578
4917.50250862578
4922.06379454261
4922.06379454261
4924.07571699201
4924.07571699201
4924.07571699201
4924.07571699201
4924.07571699201
4924.07571699201
4924.07571699201
4924.07571699201
4924.8148702938
4924.8148702938
4926.92309027425
4927.91295367931
4927.91295367931
4927.91295367931
4927.91295367931
4927.91295367931
4927.91295367931
4927.91295367931
4927.91295367931
4927.91295367931
4927.91295367931
4927.91295367931
4927.91295367931
4927.91295367931
4927.91295367931
4927.91295367931
4927.91295367931
4927.91295367931
4927.91295367931
4927.91295367931
4927.91295367931
4927.91295367931
4927.91295367931
4927.91295367931
4927.91295367931
4927.91295367931
4927.91295367931
4927.91295367931
4927.91295367931
4927.91295367931
4927.91295367931
4927.91295367931
4927.91295367931
4927.91295367931
4927.91295367931
4927.91295367931
4927.91295367931
4927.91295367931
4928.0826558736
4928.0826558736
4928.0826558736
4928.0826558736
4928.0826558736
4928.0826558736
4928.0826558736
4928.0826558736
4928.0826558736
4928.0826558736
4928.0826558736
4928.0826558736
4928.0826558736
4928.0826558736
4928.63113418993
4928.63113418993
4928.63113418993
4928.63113418993
4928.63113418993
4928.63113418993
4928.63113418993
4928.63113418993
4928.63113418993
4928.63113418993
4928.63113418993
4928.63113418993
4928.63113418993
4928.63113418993
4929.48440106621
4929.48440106621
4929.48440106621
4929.48440106621
4929.48440106621
4929.48440106621
4929.48440106621
4929.48440106621
4930.02225715394
4930.02225715394
4930.02225715394
4930.02225715394
4930.76708790173
4930.76708790173
4930.76708790173
4930.76708790173
4930.76708790173
4931.90191217615
4931.90191217615
4931.90191217615
4931.90191217615
4931.90191217615
4931.90191217615
4931.93983244952
4931.93983244952
4931.93983244952
4931.93983244952
4933.05270173228
4933.05270173228
4933.05270173228
4933.05270173228
4938.42554727016
4938.63874643624
4938.63874643624
4938.63874643624
4938.63874643624
4938.63874643624
4938.63874643624
4938.63874643624
4938.63874643624
4938.63874643624
4938.63874643624
4939.69354338156
4939.69354338156
4939.69354338156
4939.69354338156
4939.69354338156
4939.69354338156
4939.69354338156
4939.69354338156
4939.69354338156
4939.69354338156
4939.69354338156
4939.69354338156
4939.69354338156
4939.69354338156
4939.69354338156
4939.69354338156
4939.69354338156
4939.69354338156
4939.69354338156
4939.69354338156
4939.69354338156
4939.69354338156
4939.69354338156
4939.69354338156
4939.69354338156
4939.69354338156
4939.69354338156
4939.69354338156
4939.69354338156
4939.69354338156
4939.69354338156
4939.69354338156
4939.69354338156
4939.69354338156
4939.71380361693
4947.34449087893
4947.34449087893
4947.34449087893
4949.4776492873
4950.77604052744
4950.77604052744
4950.77604052744
4952.6190233358
4952.6190233358
4952.6190233358
4952.6190233358
4952.83716855267
4952.83716855267
4952.83716855267
4952.83716855267
4952.83716855267
4953.28818442229
4953.28818442229
4953.28818442229
4953.28818442229
4956.99828298249
4956.99828298249
4956.99828298249
4956.99828298249
4956.99828298249
4956.99828298249
4956.99828298249
4957.60830151227
4957.60830151227
4957.60830151227
4957.60830151227
4957.60830151227
4957.60830151227
4957.60830151227
4957.60830151227
4957.60830151227
4957.60830151227
4957.60830151227
4957.60830151227
4957.60830151227
4957.60830151227
4957.60830151227
4957.60830151227
4957.60830151227
4957.60830151227
4957.60830151227
4957.60830151227
4957.60830151227
4957.60830151227
4957.60830151227
4957.60830151227
4957.60830151227
4961.43672365601
4961.43672365601
4961.43672365601
4963.52297462993
4963.52297462993
4963.52297462993
4963.52297462993
4963.52297462993
4963.52297462993
4963.52297462993
4963.52297462993
4963.52297462993
4963.52297462993
4963.52297462993
4965.92507176819
4965.92507176819
4965.92507176819
4965.92507176819
4965.92507176819
4965.92507176819
4965.92507176819
4965.92507176819
4965.92507176819
4965.92507176819
4965.92507176819
4965.92507176819
4965.92507176819
4965.92507176819
4965.92507176819
4965.92507176819
4965.92507176819
4965.92507176819
4965.92507176819
4968.39337372933
4968.39337372933
4968.39337372933
4968.39337372933
4968.39337372933
4968.39337372933
4968.39337372933
4968.39337372933
4968.39337372933
4968.39337372933
4968.39337372933
4968.39337372933
4968.39337372933
4968.39337372933
4968.39337372933
4968.39337372933
4968.39337372933
4968.39337372933
4968.39337372933
4968.39337372933
4970.83601281453
4970.83601281453
4970.83601281453
4970.83601281453
4972.67006246013
4972.67006246013
4972.67006246013
4972.67006246013
4972.67006246013
4972.67006246013
4972.67006246013
4972.67006246013
4972.67006246013
4972.67006246013
4972.67006246013
4972.67006246013
4972.67006246013
4972.67006246013
4972.67006246013
4972.67006246013
4973.86171050226
4973.86171050226
4973.86171050226
4973.86171050226
4973.86171050226
4973.86171050226
4973.86171050226
4973.86171050226
4973.86171050226
4973.86171050226
4973.86171050226
4973.86171050226
4973.86171050226
4973.86171050226
4973.86171050226
4973.86171050226
4973.86171050226
4973.86171050226
4973.86171050226
4976.05293633132
4976.05293633132
4976.05293633132
4976.05293633132
4976.05293633132
4976.05293633132
4976.05293633132
4976.05293633132
4976.05293633132
4976.78383980777
4979.56288149031
4979.56288149031
4979.56288149031
4979.56288149031
4979.56288149031
4979.56288149031
4979.56288149031
4979.56288149031
4980.98421175993
4980.98421175993
4980.98421175993
4980.98421175993
4990.83955670671
4990.83955670671
4990.83955670671
4992.20427865766
4992.20427865766
4992.20427865766
4992.20427865766
4992.20427865766
4992.20427865766
4992.20427865766
4992.20427865766
4992.20427865766
4992.20427865766
4992.20427865766
4992.20427865766
4992.20427865766
4992.20427865766
4992.20427865766
4992.20427865766
4992.20427865766
4992.20427865766
4992.20427865766
4992.20427865766
4992.20427865766
4992.20427865766
4992.20427865766
4992.20427865766
4992.20427865766
4992.20427865766
4993.2923155847
4993.2923155847
4993.2923155847
4993.2923155847
4993.2923155847
4993.2923155847
4993.2923155847
4993.2923155847
4993.2923155847
4993.2923155847
4993.2923155847
4993.2923155847
4994.39731253483
4994.39731253483
4994.39731253483
4997.72164173889
4997.72164173889
4998.23948758476
4998.23948758476
4998.23948758476
4998.23948758476
4998.23948758476
4998.23948758476
4998.23948758476
4998.23948758476
4998.23948758476
4998.36677110641
4998.36677110641
4998.36677110641
4998.36677110641
4998.36677110641
4998.36677110641
4998.36677110641
4998.36677110641
4998.36677110641
4998.36677110641
4998.36677110641
4998.36677110641
4998.36677110641
4998.36677110641
4998.36677110641
4998.36677110641
4998.36677110641
4998.36677110641
4998.36677110641
4998.36677110641
4998.36677110641
4998.36677110641
4998.36677110641
4998.36677110641
4998.36677110641
4998.36677110641
4998.36677110641
4998.36677110641
4998.36677110641
4998.36677110641
4998.36677110641
4998.36677110641
4998.36677110641
4998.36677110641
4998.36677110641
4998.36677110641
4998.36677110641
4998.36677110641
4998.36677110641
5000.94724137261
5000.94724137261
5000.94724137261
5000.94724137261
5000.94724137261
5000.94724137261
5000.94724137261
5002.83939418273
5002.83939418273
5002.83939418273
5002.83939418273
5002.83939418273
5002.83939418273
5002.83939418273
5002.83939418273
5002.83939418273
5002.83939418273
5002.83939418273
5002.83939418273
5002.83939418273
5002.83939418273
5002.83939418273
5002.83939418273
5002.83939418273
5002.83939418273
5002.83939418273
5002.83939418273
5002.83939418273
5002.83939418273
5002.83939418273
5002.83939418273
5002.83939418273
5002.83939418273
5002.83939418273
5002.83939418273
5002.83939418273
5002.83939418273
5003.27012430932
5003.27012430932
5003.27012430932
5003.27012430932
5003.27012430932
5003.27012430932
5004.17940290588
5004.17940290588
5004.17940290588
5004.17940290588
5004.17940290588
5004.17940290588
5006.74405535175
5008.57674614851
5008.57674614851
5008.57674614851
5008.57674614851
5008.74785122046
5008.74785122046
5009.25090475283
5009.25090475283
5009.25090475283
5009.25090475283
5009.25090475283
5009.25090475283
5009.25090475283
5009.25090475283
5009.25090475283
5009.25090475283
5009.25090475283
5009.25090475283
5009.25090475283
5009.25090475283
5009.25090475283
5012.72782226772
5012.72782226772
5012.72782226772
5012.72782226772
5012.72782226772
5012.72782226772
5012.72782226772
5012.72782226772
5012.72782226772
5012.72782226772
5012.72782226772
5012.72782226772
5012.72782226772
5013.56361189301
5013.56361189301
5013.56361189301
5013.56361189301
5013.56361189301
5013.56361189301
5013.56361189301
5013.56361189301
5016.46683176763
5016.46683176763
5016.46683176763
5016.46683176763
5016.46683176763
5016.46683176763
5016.46683176763
5016.46683176763
5016.46683176763
5016.46683176763
5016.46683176763
5016.46683176763
5016.46683176763
5016.46683176763
5016.46683176763
5016.46683176763
5016.46683176763
5016.46683176763
5016.46683176763
5016.46683176763
5016.46683176763
5016.46683176763
5016.46683176763
5018.46314070497
5018.46314070497
5018.46314070497
5018.46314070497
5018.46314070497
5020.22889189657
5020.22889189657
5020.93619209128
5020.93619209128
5020.93619209128
5020.93619209128
5020.93619209128
5025.71188794925
5025.71188794925
5025.71188794925
5025.71188794925
5025.71188794925
5025.71188794925
5025.71188794925
5025.71188794925
5025.71188794925
5025.71188794925
5025.71188794925
5025.71188794925
5025.71188794925
5025.71188794925
5025.71188794925
5025.71188794925
5025.71188794925
5025.71188794925
5025.71188794925
5025.71188794925
5025.71188794925
5025.71188794925
5025.71188794925
5025.71188794925
5025.71188794925
5029.05037715756
5029.05037715756
5029.05037715756
5029.05037715756
5029.05037715756
5029.05037715756
5030.42783859293
5030.42783859293
5030.42783859293
5030.42783859293
5030.42783859293
5030.42783859293
5030.42783859293
5030.42783859293
5030.42783859293
5030.42783859293
5030.66020007991
5030.66020007991
5033.3365442616
5033.3365442616
5035.24092379198
5035.24092379198
5035.24092379198
5035.24092379198
5035.24092379198
5035.24092379198
5035.24092379198
5035.24092379198
5035.24092379198
5035.24092379198
5035.24092379198
5035.24092379198
5035.24092379198
5035.24092379198
5035.24092379198
5035.24092379198
5035.24092379198
5037.09159392068
5037.41157252908
5037.41157252908
5037.41157252908
5037.41157252908
5037.41157252908
5037.41157252908
5037.41157252908
5038.99400145306
5038.99400145306
5040.4177072976
5041.62582231631
5041.62582231631
5041.62582231631
5041.62582231631
5041.62582231631
5041.62582231631
5041.62582231631
5041.62582231631
5041.62582231631
5041.62582231631
5041.62582231631
5041.62582231631
5041.62582231631
5041.62582231631
5041.62582231631
5041.62582231631
5041.62582231631
5041.62582231631
5041.62582231631
5041.62582231631
5041.62582231631
5041.62582231631
5041.62582231631
5041.74619197958
5041.74619197958
5041.74619197958
5041.74619197958
5041.74619197958
5041.74619197958
5041.74619197958
5041.74619197958
5041.74619197958
5041.74619197958
5041.74619197958
5041.74619197958
5041.74619197958
5041.74619197958
5041.74619197958
5041.74619197958
5041.74619197958
5041.74619197958
5041.74619197958
5041.74619197958
5041.74619197958
5041.74619197958
5041.74619197958
5041.74619197958
5041.74619197958
5041.74619197958
5041.74619197958
5041.74619197958
5041.74619197958
5045.62297841691
5045.62297841691
5045.62297841691
5045.62297841691
5045.62297841691
5045.62297841691
5054.36291366496
5054.36291366496
5054.36291366496
5054.36291366496
5054.36291366496
5054.36291366496
5054.36291366496
5054.36291366496
5054.36291366496
5054.5018909368
5054.50300036573
5054.50300036573
5054.50300036573
5054.50300036573
5054.50300036573
5054.50300036573
5054.50300036573
5054.50300036573
5054.50300036573
5054.50300036573
5054.50300036573
5054.50300036573
5054.50300036573
5054.50300036573
5054.50300036573
5054.50300036573
5055.1735053805
5055.1735053805
5055.1735053805
5060.24815450724
5060.24815450724
5060.24815450724
5060.24815450724
5061.36087041127
5061.36087041127
5061.36087041127
5061.36087041127
5061.36087041127
5061.36087041127
5061.36087041127
5061.36087041127
5063.29207740224
5063.29207740224
5063.29207740224
5063.29207740224
5063.29207740224
5063.29207740224
5063.29207740224
5063.29207740224
5063.29207740224
5063.29207740224
5063.29207740224
5063.29207740224
5063.29207740224
5063.29207740224
5063.29207740224
5063.29207740224
5063.29207740224
5063.29207740224
5063.29207740224
5063.29207740224
5063.29207740224
5063.29207740224
5063.29207740224
5063.29207740224
5063.29207740224
5063.29207740224
5063.29207740224
5063.29207740224
5063.29207740224
5063.29207740224
5063.29207740224
5063.29207740224
5065.55914280693
5065.55914280693
5065.55914280693
5065.55914280693
5065.55914280693
5066.60161052399
5066.60161052399
5066.60161052399
5066.60161052399
5066.60161052399
5066.60161052399
5066.60161052399
5066.60161052399
5066.60161052399
5066.60161052399
5066.60161052399
5066.60161052399
5066.60161052399
5066.60161052399
5066.60161052399
5066.60161052399
5066.60161052399
5066.60161052399
5066.60161052399
5066.60161052399
5066.60161052399
5066.60161052399
5066.60161052399
5066.60161052399
5066.60161052399
5066.60161052399
5066.60161052399
5066.60161052399
5066.60161052399
5066.60161052399
5066.60161052399
5066.60161052399
5066.60161052399
5066.60161052399
5066.60161052399
5066.60161052399
5066.60161052399
5066.60161052399
5069.24270906183
5069.24270906183
5069.24270906183
5069.24270906183
5069.24270906183
5069.24270906183
5069.24270906183
5069.24270906183
5069.24270906183
5069.24270906183
5069.24270906183
5069.24270906183
5069.24270906183
5075.50528981359
5075.50528981359
5075.50528981359
5075.50528981359
5075.50528981359
5075.50528981359
5075.50528981359
5075.50528981359
5075.50528981359
5078.21707922654
5078.21707922654
5078.21707922654
5078.21707922654
5078.21707922654
5079.87217115978
5079.87217115978
5079.87217115978
5079.87217115978
5079.87217115978
5079.87217115978
5079.87217115978
5080.78840290672
5080.78840290672
5080.78840290672
5080.78840290672
5080.78840290672
5083.14913092037
5083.14913092037
5083.14913092037
5083.14913092037
5084.74736386573
5084.74736386573
5084.74736386573
5084.74736386573
5084.74736386573
5084.74736386573
5084.74736386573
5086.87712338792
5086.87712338792
5086.87712338792
5086.87712338792
5086.87712338792
5086.87712338792
5086.87712338792
5086.87712338792
5086.87712338792
5086.87712338792
5086.87712338792
5087.91398654175
5087.91398654175
5087.91398654175
5087.91398654175
5087.91398654175
5087.91398654175
5087.91398654175
5087.91398654175
5087.91398654175
5087.91398654175
5087.91398654175
5087.91398654175
5087.91398654175
5087.91398654175
5087.91398654175
5087.91398654175
5087.91398654175
5087.91398654175
5087.91398654175
5087.91398654175
5087.91398654175
5087.91398654175
5087.91398654175
5087.91398654175
5087.91398654175
5087.91398654175
5087.91398654175
5087.91398654175
5087.91398654175
5087.91398654175
5087.91398654175
5087.91398654175
5087.91398654175
5087.91398654175
5087.91398654175
5087.91398654175
5087.91398654175
5087.91398654175
5087.91398654175
5087.91398654175
5087.91398654175
5087.91398654175
5087.91398654175
5087.91398654175
5087.91398654175
5087.91398654175
5087.91398654175
5087.91398654175
5087.91398654175
5087.91398654175
5087.91398654175
5087.91398654175
5087.91398654175
5087.91398654175
5087.91398654175
5087.91398654175
5087.91398654175
5087.91398654175
5087.91398654175
5087.91398654175
5087.91398654175
5087.91398654175
5087.91398654175
5088.53406857011
5088.53406857011
5092.59645668016
5092.59645668016
5092.80729164571
5093.17949727552
5093.17949727552
5093.17949727552
5093.17949727552
5093.17949727552
5093.17949727552
5093.17949727552
5093.17949727552
5093.17949727552
5093.17949727552
5093.17949727552
5093.17949727552
5093.17949727552
5093.17949727552
5093.17949727552
5093.17949727552
5093.17949727552
5093.17949727552
5093.17949727552
5093.17949727552
5093.17949727552
5093.17949727552
5093.17949727552
5093.17949727552
5093.17949727552
5093.17949727552
5093.17949727552
5093.17949727552
5093.17949727552
5093.17949727552
5093.17949727552
5093.17949727552
5093.17949727552
5093.17949727552
5093.17949727552
5093.17949727552
5093.17949727552
5093.17949727552
5093.17949727552
5093.17949727552
5093.17949727552
5093.17949727552
5093.17949727552
5093.17949727552
5093.17949727552
5093.17949727552
5093.17949727552
5093.17949727552
5093.17949727552
5093.17949727552
5093.17949727552
5093.17949727552
5093.17949727552
5093.17949727552
5093.17949727552
5093.17949727552
5093.17949727552
5093.17949727552
5093.17949727552
5093.17949727552
5093.33588616393
5093.33588616393
5093.33588616393
5093.33588616393
5093.33588616393
5093.33588616393
5093.33588616393
5093.33588616393
5093.33588616393
5093.33588616393
5093.33588616393
5093.33588616393
5093.33588616393
5093.33588616393
5093.33588616393
5093.33588616393
5093.33588616393
5093.33588616393
5093.33588616393
5093.33588616393
5093.33588616393
5093.33588616393
5093.33588616393
5093.33588616393
5093.33588616393
5093.33588616393
5093.33588616393
5093.33588616393
5093.33588616393
5093.33588616393
5093.33588616393
5093.33588616393
5093.33588616393
5093.33588616393
5093.33588616393
5093.33588616393
5093.33588616393
5093.33588616393
5093.33588616393
5093.33588616393
5093.95823767092
5093.95823767092
5093.95823767092
5093.95823767092
5093.95823767092
5093.95823767092
5093.95823767092
5093.95823767092
5093.95823767092
5093.95823767092
5094.59205278471
5094.59205278471
5094.59205278471
5094.59205278471
5094.59205278471
5094.59205278471
5094.59205278471
5094.59205278471
5094.59205278471
5094.59205278471
5094.59205278471
5094.59205278471
5094.59205278471
5094.59205278471
5094.59205278471
5094.59205278471
5094.59205278471
5094.59205278471
5094.59205278471
5094.59205278471
5094.59205278471
5094.59205278471
5094.59205278471
5094.59205278471
5094.59205278471
5094.59205278471
5094.59205278471
5094.59205278471
5094.59205278471
5094.59205278471
5094.59205278471
5094.59205278471
5094.59205278471
5097.677610489
5097.76031800828
5097.76031800828
5098.41750839095
5098.41750839095
5098.41750839095
5098.41750839095
5098.41750839095
5098.41750839095
5098.41750839095
5098.41750839095
5098.41750839095
5098.41750839095
5098.41750839095
5098.41750839095
5098.41750839095
5101.0245558209
5101.0245558209
5101.0245558209
5101.0245558209
5101.0245558209
5101.0245558209
5101.0245558209
5101.0245558209
5101.0245558209
5101.0245558209
5101.0245558209
5101.0245558209
5101.0245558209
5101.0245558209
5101.0245558209
5101.0245558209
5101.0245558209
5101.0245558209
5101.0245558209
5101.0245558209
5101.70391123097
5101.70391123097
5101.70391123097
5101.70391123097
5101.70391123097
5101.70391123097
5101.70391123097
5101.70391123097
5101.70391123097
5101.70391123097
5101.70391123097
5104.09959755299
5104.09959755299
5104.09959755299
5104.09959755299
5104.70239036988
5104.70239036988
5104.70239036988
5104.70239036988
5104.70239036988
5104.70239036988
5104.70239036988
5104.70239036988
5104.70239036988
5104.70239036988
5105.73835451372
5106.89610526564
5106.89610526564
5106.89610526564
5106.89610526564
5106.89610526564
5106.89610526564
5106.89610526564
5106.89610526564
5106.89610526564
5106.89610526564
5106.89610526564
5106.89610526564
5106.89610526564
5106.89610526564
5106.89610526564
5106.89610526564
5106.89610526564
5106.89610526564
5106.89610526564
5106.89610526564
5106.89610526564
5106.89610526564
5106.89610526564
5106.89610526564
5106.89610526564
5106.89610526564
5106.89610526564
5106.89610526564
5106.89610526564
5106.89610526564
5106.89610526564
5106.89610526564
5106.89610526564
5106.89610526564
5106.89610526564
5107.24837164751
5107.24837164751
5107.24837164751
5107.24837164751
5107.24837164751
5107.24837164751
5107.24837164751
5107.24837164751
5107.24837164751
5107.24837164751
5107.24837164751
5107.24837164751
5107.24837164751
5107.24837164751
5107.24837164751
5107.24837164751
5107.24837164751
5107.24837164751
5107.24837164751
5107.24837164751
5107.24837164751
5107.24837164751
5107.24837164751
5108.66851477507
5108.66851477507
5111.99449599219
5111.99449599219
5111.99449599219
5111.99449599219
5111.99449599219
5111.99449599219
5111.99449599219
5113.2931251467
5113.39068426504
5113.39068426504
5113.39068426504
5113.39068426504
5113.39068426504
5113.39068426504
5113.39068426504
5113.39068426504
5113.39068426504
5113.39068426504
5113.39068426504
5113.39068426504
5113.39068426504
5113.39068426504
5113.39068426504
5113.39068426504
5113.39068426504
5115.48298170082
5115.48298170082
5115.48298170082
5115.48298170082
5115.48298170082
5115.48298170082
5115.48298170082
5115.48298170082
5115.48298170082
5115.48298170082
5118.80162549887
5118.80162549887
5118.80162549887
5118.80162549887
5118.80162549887
5118.80162549887
5118.80162549887
5118.80162549887
5118.80162549887
5118.80162549887
5118.80162549887
5118.80162549887
5118.80162549887
5118.80162549887
5118.80162549887
5119.89310676848
5119.89310676848
5119.89310676848
5119.89310676848
5119.89310676848
5119.89310676848
5119.89310676848
5119.89310676848
5119.89310676848
5119.89310676848
5119.89310676848
5120.05386837147
5120.05386837147
5120.05386837147
5120.05386837147
5120.05386837147
5120.05386837147
5120.18067959989
5121.67247069352
5121.67247069352
5121.67247069352
5121.84677269506
5121.84677269506
5121.84677269506
5121.84677269506
5121.84677269506
5121.84677269506
5121.84677269506
5121.84677269506
5122.09051940806
5122.09051940806
5122.09051940806
5122.09051940806
5122.09051940806
5122.09051940806
5122.09051940806
5122.09051940806
5122.09051940806
5122.09051940806
5122.09051940806
5122.09051940806
5122.09051940806
5122.09051940806
5122.09051940806
5122.09051940806
5122.09051940806
5122.09051940806
5122.09051940806
5122.09051940806
5122.09051940806
5122.09051940806
5122.09051940806
5122.09051940806
5123.97372072706
5123.97372072706
5123.97372072706
5123.97372072706
5123.97372072706
5123.97372072706
5123.97372072706
5123.97372072706
5123.97372072706
5123.97372072706
5123.97372072706
5123.97372072706
5123.97372072706
5123.97372072706
5123.97372072706
5123.97372072706
5123.97372072706
5123.97372072706
5123.97372072706
5123.97372072706
5123.97372072706
5123.97372072706
5123.97372072706
5123.97372072706
5123.97372072706
5123.97372072706
5123.97372072706
5126.14329505546
5126.14329505546
5126.14329505546
5126.79132504278
5126.79132504278
5126.79132504278
5126.79132504278
5126.79132504278
5126.79132504278
5126.79132504278
5126.79132504278
5126.79132504278
5126.79132504278
5126.79132504278
5126.79132504278
5126.79132504278
5126.79132504278
5126.79132504278
5126.79132504278
5126.79132504278
5126.79132504278
5126.79132504278
5126.79132504278
5126.79132504278
5126.79132504278
5128.28239562711
5128.28239562711
5128.28239562711
5128.28239562711
5128.28239562711
5128.28239562711
5128.28239562711
5128.28239562711
5128.28239562711
5128.28239562711
5131.25847052122
5131.25847052122
5131.25847052122
5131.25847052122
5131.25847052122
5132.07300613088
5132.07300613088
5132.07300613088
5132.07300613088
5133.13964806468
5133.13964806468
5133.13964806468
5133.13964806468
5133.13964806468
5133.13964806468
5133.13964806468
5133.13964806468
5133.13964806468
5133.13964806468
5133.13964806468
5133.13964806468
5133.13964806468
5133.13964806468
5133.13964806468
5133.13964806468
5133.13964806468
5133.13964806468
5133.13964806468
5133.13964806468
5133.13964806468
5133.13964806468
5133.13964806468
5133.13964806468
5133.13964806468
5133.13964806468
5133.13964806468
5133.13964806468
5133.13964806468
5133.13964806468
5133.13964806468
5133.13964806468
5133.13964806468
5133.13964806468
5133.13964806468
5133.13964806468
5133.13964806468
5133.13964806468
5133.13964806468
5133.13964806468
5133.13964806468
5133.13964806468
5133.13964806468
5133.13964806468
5133.13964806468
5133.13964806468
5133.13964806468
5133.13964806468
5133.13964806468
5133.13964806468
5133.13964806468
5133.13964806468
5133.13964806468
5133.13964806468
5133.13964806468
5133.13964806468
5133.13964806468
5133.55695932126
5133.55695932126
5133.55695932126
5133.55695932126
5133.55695932126
5133.55695932126
5133.74436614925
5133.74436614925
5133.74436614925
5135.75918532477
5137.12273906133
5137.12273906133
5137.12273906133
5137.12273906133
5137.12273906133
5137.12273906133
5137.12273906133
5137.12273906133
5137.12273906133
5137.12273906133
5137.12273906133
5137.12273906133
5137.12273906133
5137.12273906133
5137.12273906133
5137.12273906133
5137.12273906133
5137.12273906133
5137.12273906133
5137.12273906133
5137.12273906133
5137.12273906133
5137.12273906133
5137.12273906133
5137.12273906133
5137.12273906133
5138.77318821216
5138.77318821216
5138.77318821216
5138.77318821216
5138.77318821216
5138.77318821216
5138.77318821216
5138.77318821216
5138.77318821216
5138.77318821216
5138.77318821216
5138.77318821216
5138.77318821216
5138.77318821216
5138.77318821216
5138.77318821216
5138.77318821216
5138.77318821216
5138.77318821216
5138.77318821216
5138.77318821216
5138.77318821216
5138.77318821216
5138.77318821216
5138.77318821216
5138.77318821216
5138.77318821216
5138.77318821216
5138.77318821216
5138.77318821216
5140.03906891845
5140.59719084749
5140.59719084749
5140.59719084749
5140.59719084749
5140.59719084749
5140.59719084749
5140.59719084749
5140.59719084749
5140.59719084749
5140.59719084749
5140.59719084749
5140.59719084749
5140.59719084749
5140.59719084749
5140.59719084749
5140.59719084749
5140.59719084749
5140.59719084749
5140.59719084749
5140.59719084749
5140.59719084749
5140.59719084749
5140.59719084749
5140.59719084749
5140.59719084749
5140.59719084749
5140.59719084749
5140.59719084749
5140.59719084749
5140.59719084749
5140.59719084749
5140.59719084749
5140.59719084749
5140.59719084749
5140.59719084749
5140.59719084749
5140.59719084749
5140.59719084749
5142.68635978811
5142.68635978811
5142.68635978811
5142.68635978811
5142.68635978811
5145.15354301419
5145.15354301419
5145.15354301419
5145.15354301419
5145.15354301419
5145.15354301419
5145.15354301419
5145.15354301419
5148.5302466354
5148.5302466354
5148.5302466354
5148.5302466354
5148.5302466354
5148.5302466354
5148.5302466354
5148.5302466354
5148.5302466354
5148.5302466354
5148.5302466354
5148.5302466354
5148.5302466354
5148.5302466354
5148.5302466354
5148.5302466354
5148.5302466354
5148.5302466354
5148.5302466354
5148.5302466354
5148.5302466354
5148.5302466354
5148.5302466354
5148.5302466354
5148.5302466354
5149.38922698331
5149.38922698331
5149.38922698331
5149.38922698331
5149.38922698331
5149.38922698331
5149.38922698331
5149.38922698331
5149.38922698331
5149.38922698331
5149.38922698331
5149.38922698331
5149.38922698331
5149.38922698331
5149.38922698331
5149.38922698331
5149.38922698331
5149.38922698331
5149.38922698331
5149.38922698331
5149.38922698331
5149.38922698331
5149.38922698331
5149.38922698331
5149.38922698331
5149.38922698331
5149.38922698331
5149.38922698331
5149.38922698331
5149.38922698331
5149.38922698331
5149.38922698331
5149.38922698331
5149.38922698331
5149.38922698331
5149.38922698331
5149.38922698331
5149.38922698331
5151.75221553157
5151.75221553157
5151.75221553157
5151.75221553157
5151.75221553157
5151.75221553157
5151.75221553157
5151.75221553157
5151.75221553157
5151.75221553157
5151.75221553157
5152.38114923385
5152.38114923385
5152.38114923385
5152.38114923385
5152.38114923385
5153.69599453244
5153.69599453244
5153.69599453244
5153.69599453244
5153.69599453244
5153.69599453244
5153.69599453244
5153.69599453244
5153.69599453244
5153.69599453244
5156.18985332085
5156.18985332085
5157.41343540926
5157.41343540926
5157.41343540926
5157.75270686504
5157.75270686504
5157.75270686504
5162.04924118404
5162.04924118404
5162.04924118404
5162.04924118404
5162.04924118404
5162.04924118404
5162.04924118404
5162.04924118404
5162.04924118404
5162.04924118404
5163.37553715391
5163.37553715391
5163.37553715391
5163.37553715391
5166.6965268571
5166.6965268571
5166.6965268571
5166.6965268571
5166.6965268571
5168.66057664708
5168.66057664708
5168.66057664708
5168.66057664708
5168.66057664708
5168.66057664708
5168.66057664708
5168.66057664708
5168.66057664708
5168.66057664708
5168.66057664708
5168.66057664708
5168.66057664708
5168.66057664708
5168.66057664708
5168.66057664708
5168.66057664708
5168.66057664708
5168.66057664708
5168.66057664708
5168.66057664708
5168.66057664708
5168.66057664708
5168.66057664708
5168.66057664708
5168.66057664708
5168.66057664708
5168.66057664708
5168.66057664708
5168.66057664708
5168.66057664708
5168.66057664708
5168.66057664708
5168.66057664708
5168.66057664708
5168.66057664708
5168.66057664708
5168.66057664708
5169.08965095513
5169.08965095513
5169.08965095513
5169.08965095513
5169.08965095513
5169.08965095513
5169.08965095513
5169.08965095513
5169.08965095513
5169.08965095513
5169.08965095513
5169.08965095513
5169.08965095513
5169.08965095513
5169.08965095513
5169.30444732725
5169.30444732725
5169.30444732725
5169.30444732725
5169.30444732725
5169.30444732725
5169.30444732725
5169.30444732725
5169.30444732725
5169.30444732725
5170.10389220948
5170.10389220948
5170.10389220948
5170.34728128086
5170.34728128086
5170.34728128086
5170.34728128086
5170.34728128086
5170.34728128086
5170.34728128086
5170.34728128086
5170.34728128086
5170.34728128086
5170.34728128086
5170.34728128086
5170.34728128086
5170.34728128086
5170.34728128086
5170.34728128086
5170.34728128086
5170.34728128086
5177.73984552488
5177.73984552488
5177.73984552488
5177.73984552488
5177.73984552488
5177.73984552488
5177.73984552488
5177.73984552488
5177.92236604654
5178.60940977079
5178.60940977079
5178.60940977079
5178.60940977079
5178.60940977079
5178.60940977079
5178.60940977079
5178.60940977079
5178.60940977079
5178.60940977079
5178.60940977079
5178.60940977079
5178.60940977079
5178.60940977079
5178.60940977079
5178.60940977079
5178.60940977079
5178.60940977079
5178.60940977079
5178.60940977079
5178.60940977079
5178.60940977079
5178.60940977079
5178.60940977079
5179.70921086031
5179.70921086031
5179.70921086031
5179.70921086031
5179.70921086031
5179.70921086031
5179.70921086031
5179.70921086031
5179.70921086031
5179.70921086031
5179.70921086031
5179.70921086031
5179.70921086031
5179.70921086031
5179.70921086031
5179.70921086031
5179.70921086031
5179.70921086031
5179.70921086031
5180.9994826492
5180.9994826492
5183.70045641877
5183.70045641877
5183.70045641877
5183.70045641877
5183.70045641877
5183.70045641877
5183.70045641877
5183.70045641877
5183.70045641877
5183.70045641877
5183.70045641877
5183.70045641877
5183.70045641877
5183.70045641877
5183.70045641877
5183.70045641877
5183.70045641877
5183.70045641877
5183.70045641877
5183.70045641877
5183.70045641877
5183.70045641877
5183.70045641877
5183.70045641877
5183.70045641877
5183.70045641877
5183.70045641877
5183.70045641877
5183.70045641877
5183.70045641877
5183.70045641877
5183.70045641877
5183.70045641877
5183.70045641877
5183.70045641877
5183.70045641877
5183.70045641877
5183.70045641877
5183.70045641877
5183.70045641877
5183.70045641877
5183.70045641877
5183.70045641877
5183.70045641877
5183.70045641877
5183.70045641877
5183.70045641877
5183.70045641877
5183.70045641877
5183.70045641877
5183.70045641877
5183.70045641877
5183.70045641877
5183.70045641877
5183.70045641877
5183.70045641877
5183.70045641877
5183.70045641877
5183.70045641877
5183.70045641877
5183.70045641877
5183.70045641877
5183.70045641877
5183.70045641877
5183.70045641877
5185.16711163806
5185.16711163806
5185.16711163806
5185.16711163806
5185.16711163806
5185.16711163806
5185.16711163806
5185.16711163806
5185.16711163806
5185.54689344793
5185.54689344793
5185.54689344793
5185.54689344793
5185.54689344793
5185.54689344793
5185.54689344793

