1826.63532216238
1826.83634970781
1826.83634970781
1826.83634970781
1826.83634970781
1826.83634970781
1826.83634970781
1828.11445016126
1828.50710561058
1844.74560886164
1851.13660546676
1856.75598606135
1856.815819543
1856.815819543
1859.57393825836
1859.57393825836
1859.57393825836
1859.57393825836
1859.57393825836
1859.57393825836
1859.57393825836
1859.57393825836
1864.95937243585
1864.95937243585
1864.95937243585
1864.95937243585
1864.95937243585
1864.95937243585
1864.95937243585
1864.95937243585
1864.95937243585
1864.95937243585
1866.90702200784
1866.90702200784
1866.90702200784
1866.90702200784
1866.90702200784
1866.90702200784
1866.90702200784
1866.90702200784
1873.87204764947
1873.87204764947
1873.87204764947
1873.87204764947
1881.37819459075
1881.37819459075
1881.37819459075
1881.37819459075
1881.37819459075
1881.37819459075
1881.37819459075
1881.37819459075
1886.10583463502
1886.67703297425
1886.67703297425
1897.00756939028
1908.01671651721
1908.01671651721
1908.01671651721
1908.01671651721
1913.20770343225
1914.69023593649
1914.69023593649
1914.69023593649
1914.69023593649
1914.69023593649
1914.69023593649
1914.69023593649
1915.49209706659
1915.49209706659
1915.49209706659
1915.49209706659
1915.49209706659
1925.8254662239
1925.8254662239
1942.88044366649
1943.06265664046
1943.06265664046
1956.71337159007
1956.71337159007
1956.71337159007
1956.71337159007
1956.71337159007
1956.71337159007
1963.01660483681
1963.01660483681
1963.01660483681
1963.01660483681
1963.01660483681
1963.01660483681
1963.01660483681
1963.01660483681
1963.01660483681
1966.40646010392
1983.93627351718
1983.93627351718
1990.80800113506
1992.58467505541
1992.58467505541
1992.58467505541
1992.58467505541
1992.58467505541
1992.58467505541
1992.58467505541
1992.58467505541
1992.58467505541
1992.58467505541
1992.58467505541
1992.58467505541
1992.58467505541
1992.58467505541
1995.42645868561
1995.42645868561
1995.42645868561
2002.21465031163
2002.21465031163
2002.21465031163
2002.21465031163
2002.21465031163
2002.21465031163
2002.21465031163
2002.49890834993
2003.35265670427
2003.35265670427
2003.35265670427
2003.35265670427
2003.35265670427
2003.35265670427
2003.35265670427
2003.35265670427
2003.35265670427
2003.35265670427
2010.88173511633
2013.43903708766
2013.43903708766
2013.43903708766
2019.79078525224
2019.79078525224
2019.79078525224
2026.62751284888
2026.62751284888
2026.62751284888
2026.62751284888
2026.62751284888
2026.62751284888
2026.62751284888
2026.62751284888
2026.62751284888
2026.62751284888
2026.62751284888
2026.62751284888
2026.62751284888
2026.62751284888
2026.62751284888
2035.68396162681
2035.68396162681
2035.68396162681
2035.68396162681
2041.94160877712
2041.94160877712
2041.94160877712
2041.94160877712
2041.94160877712
2041.94160877712
2041.94160877712
2041.94160877712
2047.6563307748
2049.91290175651
2049.91290175651
2049.91290175651
2049.91290175651
2049.91290175651
2049.91290175651
2049.91290175651
2049.91290175651
2049.91290175651
2049.91290175651
2049.91290175651
2049.91290175651
2049.91290175651
2049.91290175651
2049.91290175651
2049.91290175651
2051.8319517486
2052.60103990947
2056.60689874376
2056.60689874376
2056.60689874376
2056.60689874376
2056.60689874376
2056.60689874376
2056.60689874376
2056.60689874376
2056.60689874376
2056.60689874376
2056.60689874376
2056.60689874376
2056.60689874376
2056.60689874376
2062.42679492759
2062.42902515299
2064.49447382128
2064.49447382128
2064.49447382128
2064.49447382128
2064.49447382128
2064.49447382128
2064.49447382128
2064.49447382128
2064.49447382128
2064.49447382128
2064.49447382128
2064.49447382128
2064.49447382128
2064.49447382128
2065.90452849127
2065.90452849127
2065.90452849127
2065.90452849127
2065.90452849127
2065.90452849127
2065.90452849127
2065.90452849127
2065.90452849127
2077.93014743339
2077.93014743339
2077.93014743339
2077.93014743339
2077.93014743339
2077.93014743339
2077.93014743339
2081.124287541
2081.124287541
2081.124287541
2081.124287541
2081.124287541
2081.124287541
2081.124287541
2081.124287541
2083.66165070709
2083.66165070709
2084.09592494007
2084.09592494007
2084.09592494007
2084.09592494007
2084.09592494007
2084.09592494007
2084.09592494007
2084.09592494007
2084.09592494007
2084.09592494007
2084.09592494007
2084.09592494007
2084.09592494007
2098.03816801924
2098.03816801924
2098.03816801924
2098.03816801924
2098.03816801924
2098.03816801924
2098.03816801924
2098.03816801924
2098.83260251951
2098.83260251951
2098.83260251951
2098.83260251951
2098.83260251951
2098.83260251951
2098.83260251951
2098.83260251951
2098.83260251951
2098.83260251951
2098.83260251951
2098.83260251951
2098.83260251951
2098.83260251951
2098.83260251951
2098.83260251951
2098.83260251951
2098.83260251951
2098.83260251951
2098.83260251951
2098.83260251951
2098.83260251951
2098.83260251951
2098.83260251951
2098.83260251951
2108.94540086729
2117.26932611518
2117.30305557539
2118.44924083941
2121.13875797065
2121.13875797065
2121.13875797065
2121.13875797065
2121.13875797065
2121.13875797065
2121.13875797065
2121.13875797065
2121.13875797065
2121.13875797065
2121.13875797065
2121.13875797065
2121.13875797065
2121.13875797065
2121.13875797065
2121.13875797065
2121.13875797065
2121.13875797065
2121.13875797065
2121.13875797065
2121.13875797065
2121.13875797065
2121.13875797065
2121.13875797065
2121.13875797065
2121.13875797065
2121.13875797065
2121.13875797065
2121.13875797065
2121.13875797065
2121.13875797065
2121.13875797065
2121.13875797065
2121.13875797065
2121.13875797065
2121.13875797065
2121.13875797065
2121.13875797065
2121.13875797065
2121.13875797065
2121.13875797065
2121.13875797065
2121.13875797065
2121.13875797065
2121.13875797065
2121.13875797065
2121.13875797065
2129.13704266307
2129.13704266307
2129.13704266307
2129.13704266307
2129.13704266307
2129.13704266307
2129.13704266307
2129.13704266307
2129.13704266307
2129.13704266307
2129.32784043406
2130.65595208905
2130.65595208905
2130.65595208905
2130.65595208905
2133.73696212326
2133.73696212326
2133.73696212326
2133.73696212326
2133.73696212326
2133.73696212326
2133.73696212326
2133.73696212326
2133.73696212326
2133.73696212326
2133.73696212326
2133.73696212326
2133.73696212326
2133.73696212326
2133.73696212326
2133.73696212326
2133.73696212326
2133.73696212326
2133.73696212326
2142.19509092545
2142.19509092545
2142.19509092545
2142.19509092545
2142.19509092545
2142.19509092545
2142.29104445931
2143.51159866768
2143.51159866768
2143.51159866768
2143.51159866768
2143.51159866768
2143.51159866768
2143.51159866768
2143.51159866768
2143.51159866768
2143.51159866768
2143.51159866768
2143.51159866768
2143.51159866768
2143.51159866768
2143.51159866768
2143.51159866768
2159.00990892042
2159.00990892042
2159.00990892042
2159.00990892042
2159.00990892042
2159.00990892042
2159.00990892042
2159.00990892042
2159.00990892042
2159.00990892042
2159.00990892042
2159.00990892042
2159.00990892042
2159.00990892042
2159.00990892042
2163.61479825225
2166.3364662175
2166.3364662175
2166.3364662175
2166.3364662175
2166.3364662175
2166.3364662175
2166.3364662175
2166.3364662175
2166.3364662175
2166.3364662175
2170.68625929216
2170.68625929216
2170.68625929216
2170.68625929216
2170.68625929216
2170.68625929216
2170.68625929216
2170.68625929216
2170.68625929216
2190.20428992304
2190.20428992304
2190.20428992304
2190.20428992304
2190.20428992304
2190.20428992304
2190.20428992304
2190.20428992304
2190.20428992304
2190.20428992304
2193.2761945329
2194.39223917815
2194.39223917815
2194.39223917815
2194.39223917815
2194.39223917815
2194.39223917815
2194.39223917815
2194.39223917815
2194.39223917815
2194.39223917815
2194.39223917815
2194.39223917815
2194.39223917815
2202.3800402257
2204.91838320354
2204.91838320354
2204.91838320354
2204.91838320354
2204.91838320354
2204.91838320354
2204.91838320354
2204.91838320354
2204.91838320354
2204.91838320354
2204.91838320354
2204.91838320354
2204.91838320354
2204.91838320354
2204.91838320354
2204.91838320354
2204.91838320354
2204.91838320354
2205.64942507683
2205.64942507683
2205.64942507683
2205.64942507683
2205.64942507683
2205.64942507683
2205.64942507683
2205.64942507683
2205.64942507683
2205.64942507683
2205.64942507683
2205.64942507683
2205.64942507683
2205.64942507683
2205.64942507683
2205.64942507683
2205.64942507683
2205.64942507683
2205.64942507683
2205.64942507683
2205.64942507683
2205.64942507683
2205.64942507683
2205.64942507683
2205.64942507683
2205.64942507683
2210.47510602537
2211.29425966879
2216.7822127164
2216.7822127164
2216.7822127164
2216.7822127164
2218.24262126021
2219.63094076756
2219.63094076756
2219.63094076756
2219.63094076756
2219.63094076756
2219.63094076756
2219.63094076756
2219.63094076756
2219.63094076756
2219.63094076756
2219.63094076756
2220.88042261001
2220.88042261001
2220.88042261001
2220.88042261001
2220.88042261001
2220.88042261001
2224.79738149249
2224.79738149249
2224.79738149249
2224.79738149249
2224.79738149249
2224.79738149249
2224.79738149249
2224.79738149249
2224.79738149249
2224.79738149249
2224.79738149249
2224.79738149249
2224.79738149249
2224.79738149249
2224.79738149249
2224.79738149249
2224.79738149249
2224.79738149249
2224.79738149249
2224.79738149249
2224.79738149249
2224.79738149249
2224.79738149249
2224.79738149249
2224.79738149249
2224.79738149249
2224.79738149249
2224.79738149249
2224.79738149249
2224.79738149249
2226.60583369127
2226.60583369127
2226.60583369127
2226.60583369127
2226.60583369127
2226.60583369127
2226.60583369127
2226.60583369127
2226.60583369127
2226.60583369127
2226.60583369127
2226.60583369127
2226.60583369127
2226.60583369127
2226.60583369127
2226.60583369127
2226.60583369127
2226.60583369127
2226.60583369127
2226.60583369127
2226.60583369127
2226.60583369127
2226.60583369127
2226.60583369127
2226.60583369127
2226.60583369127
2226.60583369127
2226.60583369127
2226.60583369127
2226.60583369127
2226.60583369127
2226.60583369127
2226.60583369127
2226.60583369127
2226.60583369127
2226.60583369127
2228.89233121316
2230.96496884889
2230.96496884889
2230.96496884889
2230.96496884889
2230.96496884889
2230.96496884889
2230.96496884889
2230.96496884889
2230.96496884889
2230.96496884889
2230.96496884889
2230.96496884889
2230.96496884889
2230.96496884889
2230.96496884889
2230.96496884889
2230.96496884889
2230.96496884889
2230.96496884889
2230.96496884889
2230.96496884889
2230.96496884889
2230.96496884889
2230.96496884889
2230.96496884889
2230.96496884889
2230.96496884889
2230.96496884889
2230.96496884889
2230.96496884889
2230.96496884889
2230.96496884889
2230.96496884889
2230.96496884889
2230.96496884889
2230.96496884889
2230.96496884889
2230.96496884889
2230.96496884889
2230.96496884889
2230.96496884889
2230.96496884889
2230.96496884889
2230.96496884889
2230.96496884889
2230.96496884889
2230.96496884889
2230.96496884889
2230.96496884889
2230.96496884889
2230.96496884889
2230.96496884889
2230.96496884889
2230.96496884889
2243.26085761744
2243.26085761744
2243.26085761744
2243.26085761744
2243.26085761744
2243.26085761744
2243.26085761744
2243.26085761744
2243.26085761744
2243.26085761744
2243.26085761744
2243.26085761744
2243.26085761744
2243.26085761744
2243.26085761744
2243.26085761744
2243.26085761744
2243.26085761744
2243.26085761744
2243.26085761744
2243.26085761744
2243.26085761744
2243.26085761744
2243.26085761744
2243.26085761744
2243.26085761744
2243.26085761744
2243.26085761744
2243.26085761744
2243.26085761744
2243.26085761744
2243.26085761744
2243.26085761744
2243.26085761744
2243.26085761744
2243.26085761744
2243.26085761744
2251.36741074875
2251.36741074875
2251.36741074875
2251.36741074875
2251.36741074875
2251.36741074875
2251.36741074875
2251.36741074875
2251.36741074875
2251.36741074875
2251.36741074875
2251.36741074875
2251.36741074875
2251.36741074875
2251.36741074875
2251.36741074875
2251.36741074875
2251.36741074875
2251.36741074875
2251.36741074875
2251.36741074875
2251.36741074875
2251.36741074875
2251.36741074875
2251.36741074875
2251.36741074875
2251.36741074875
2251.36741074875
2251.36741074875
2251.36741074875
2251.36741074875
2251.36741074875
2251.36741074875
2251.36741074875
2251.36741074875
2251.36741074875
2251.36741074875
2251.36741074875
2251.36741074875
2251.36741074875
2251.36741074875
2251.36741074875
2251.36741074875
2251.77893498389
2251.77893498389
2251.77893498389
2251.77893498389
2251.77893498389
2251.77893498389
2251.77893498389
2251.77893498389
2251.77893498389
2251.77893498389
2251.77893498389
2251.77893498389
2251.77893498389
2251.77893498389
2251.77893498389
2251.77893498389
2251.77893498389
2251.77893498389
2251.77893498389
2251.77893498389
2251.77893498389
2251.77893498389
2251.77893498389
2251.77893498389
2251.77893498389
2251.77893498389
2251.77893498389
2251.77893498389
2251.77893498389
2251.77893498389
2251.77893498389
2251.77893498389
2251.77893498389
2251.77893498389
2251.77893498389
2251.77893498389
2251.77893498389
2251.77893498389
2251.77893498389
2251.77893498389
2251.77893498389
2251.77893498389
2251.77893498389
2251.77893498389
2251.77893498389
2251.77893498389
2251.77893498389
2251.77893498389
2251.77893498389
2251.77893498389
2251.77893498389
2251.77893498389
2251.77893498389
2251.77893498389
2251.77893498389
2251.77893498389
2251.77893498389
2251.77893498389
2251.77893498389
2251.77893498389
2251.77893498389
2251.77893498389
2251.77893498389
2251.77893498389
2251.77893498389
2251.77893498389
2251.77893498389
2251.77893498389
2251.77893498389
2252.89265376539
2252.89265376539
2252.89265376539
2252.89265376539
2252.89265376539
2252.89265376539
2252.89265376539
2252.89265376539
2252.89265376539
2252.89265376539
2252.89265376539
2252.89265376539
2252.89265376539
2252.89265376539
2252.89265376539
2252.89265376539
2255.62050182816
2257.54305950296
2257.54305950296
2257.54305950296
2257.54305950296
2257.54305950296
2257.54305950296
2257.54305950296
2257.54305950296
2257.54305950296
2257.54305950296
2257.54305950296
2257.54305950296
2257.54305950296
2257.54305950296
2257.54305950296
2257.54305950296
2257.54305950296
2257.54305950296
2257.54305950296
2257.54305950296
2257.54305950296
2257.54305950296
2257.54305950296
2257.54305950296
2257.54305950296
2257.54305950296
2257.54305950296
2257.54305950296
2257.54305950296
2257.54305950296
2257.54305950296
2257.54305950296
2257.54305950296
2257.54305950296
2257.54305950296
2257.54305950296
2257.54305950296
2257.54305950296
2257.54305950296
2257.54305950296
2257.54305950296
2257.54305950296
2257.54305950296
2257.54305950296
2257.54305950296
2257.54305950296
2257.54305950296
2257.54305950296
2257.54305950296
2257.54305950296
2257.54305950296
2257.54305950296
2257.54305950296
2257.54305950296
2257.54305950296
2257.54305950296
2257.54305950296
2257.54305950296
2257.54305950296
2257.54305950296
2257.54305950296
2257.54305950296
2257.54305950296
2257.54305950296
2257.54305950296
2257.54305950296
2261.91892466542
2261.91892466542
2261.91892466542
2261.91892466542
2261.91892466542
2261.91892466542
2261.91892466542
2261.91892466542
2261.91892466542
2261.91892466542
2261.91892466542
2261.91892466542
2261.91892466542
2262.08268619716
2263.40917286468
2263.40917286468
2263.40917286468
2263.40917286468
2263.40917286468
2263.40917286468
2263.40917286468
2263.40917286468
2263.40917286468
2263.40917286468
2263.40917286468
2263.40917286468
2263.40917286468
2263.40917286468
2263.40917286468
2263.40917286468
2263.40917286468
2263.40917286468
2263.40917286468
2263.40917286468
2263.40917286468
2263.40917286468
2263.40917286468
2263.40917286468
2263.40917286468
2263.40917286468
2263.40917286468
2263.40917286468
2263.40917286468
2263.40917286468
2263.40917286468
2263.40917286468
2263.40917286468
2263.40917286468
2263.40917286468
2265.38387153101
2265.59245295825
2265.59245295825
2265.59245295825
2265.59245295825
2265.59245295825
2265.59245295825
2265.59245295825
2265.59245295825
2265.59245295825
2265.59245295825
2265.59245295825
2266.66471538651
2266.66471538651
2266.66471538651
2266.66471538651
2266.66471538651
2266.66471538651
2266.66471538651
2266.66471538651
2266.66471538651
2266.66471538651
2266.66471538651
2266.66471538651
2266.66471538651
2266.66471538651
2266.66471538651
2266.66471538651
2266.66471538651
2266.66471538651
2266.66471538651
2266.66471538651
2266.66471538651
2266.66471538651
2266.66471538651
2266.66471538651
2266.66471538651
2266.66471538651
2266.66471538651
2266.66471538651
2266.66471538651
2266.66471538651
2266.66471538651
2266.66471538651
2266.66471538651
2266.66471538651
2266.66471538651
2266.66471538651
2266.66471538651
2266.66471538651
2266.66471538651
2266.66471538651
2266.66471538651
2266.66471538651
2266.66471538651
2266.66471538651
2266.66471538651
2267.26595725842
2267.26595725842
2267.26595725842
2267.26595725842
2267.26595725842
2267.26595725842
2267.26595725842
2267.26595725842
2267.26595725842
2267.26595725842
2267.26595725842
2267.26595725842
2267.26595725842
2267.26595725842
2267.26595725842
2267.26595725842
2267.26595725842
2267.26595725842
2267.26595725842
2267.26595725842
2267.26595725842
2267.26595725842
2267.26595725842
2267.26595725842
2267.26595725842
2267.26595725842
2267.26595725842
2267.26595725842
2267.26595725842
2267.26595725842
2267.26595725842
2267.26595725842
2267.26595725842
2267.26595725842
2267.26595725842
2267.26595725842
2267.26595725842
2267.26595725842
2267.26595725842
2267.26595725842
2267.26595725842
2267.26595725842
2267.26595725842
2267.26595725842
2267.26595725842
2267.26595725842
2267.26595725842
2267.26595725842
2267.26595725842
2267.26595725842
2267.26595725842
2267.26595725842
2267.26595725842
2267.26595725842
2267.26595725842
2267.26595725842
2267.26595725842
2267.26595725842
2267.26595725842
2267.26595725842
2267.26595725842
2275.2648188187
2275.2648188187
2275.2648188187
2275.2648188187
2275.2648188187
2275.2648188187
2275.2648188187
2275.2648188187
2275.2648188187
2275.2648188187
2278.24057972633
2278.24057972633
2278.24057972633
2278.24057972633
2278.24057972633
2278.24057972633
2278.24057972633
2278.24057972633
2278.24057972633
2278.24057972633
2278.24057972633
2278.24057972633
2278.24057972633
2278.24057972633
2278.24057972633
2278.24057972633
2278.24057972633
2278.24057972633
2278.24057972633
2278.24057972633
2278.24057972633
2278.24057972633
2278.24057972633
2278.24057972633
2278.24057972633
2278.24057972633
2278.24057972633
2278.24057972633
2278.24057972633
2278.24057972633
2278.24057972633
2278.24057972633
2278.24057972633
2278.24057972633
2278.24057972633
2278.24057972633
2278.24057972633
2278.24057972633
2278.24057972633
2278.24057972633
2278.24057972633
2278.24057972633
2278.24057972633
2278.24057972633
2278.24057972633
2278.70200727033
2278.70200727033
2278.70200727033
2278.70200727033
2278.70200727033
2278.70200727033
2278.70200727033
2278.70200727033
2278.70200727033
2278.70200727033
2278.70200727033
2278.70200727033
2278.70200727033
2278.70200727033
2278.70200727033
2278.70200727033
2278.70200727033
2278.70200727033
2278.70200727033
2278.70200727033
2278.70200727033
2284.50752634923
2284.50752634923
2284.50752634923
2284.50752634923
2284.50752634923
2284.50752634923
2284.50752634923
2284.50752634923
2284.50752634923
2284.50752634923
2284.50752634923
2284.50752634923
2284.50752634923
2284.50752634923
2284.50752634923
2284.50752634923
2284.50752634923
2284.50752634923
2284.50752634923
2284.50752634923
2284.50752634923
2284.50752634923
2284.50752634923
2284.50752634923
2284.50752634923
2284.50752634923
2284.50752634923
2284.50752634923
2284.50752634923
2284.50752634923
2284.50752634923
2284.50752634923
2284.50752634923
2284.92158208839
2284.92158208839
2284.92158208839
2284.92158208839
2284.92158208839
2284.92158208839
2284.92158208839
2286.72893130221
2287.60012738581
2287.60012738581
2287.60012738581
2287.60012738581
2287.60012738581
2287.60012738581
2287.60012738581
2291.15032746052
2291.15032746052
2291.15032746052
2291.15032746052
2291.15032746052
2291.15032746052
2291.15032746052
2291.15032746052
2291.15032746052
2291.15032746052
2291.15032746052
2291.15032746052
2291.15032746052
2291.15032746052
2291.15032746052
2291.15032746052
2291.15032746052
2291.15032746052
2291.15032746052
2291.15032746052
2291.15032746052
2291.15032746052
2291.15032746052
2291.15032746052
2291.15032746052
2291.15032746052
2291.15032746052
2291.15032746052
2291.15032746052
2291.15032746052
2291.15032746052
2291.15032746052
2291.15032746052
2291.15032746052
2291.15032746052
2291.15032746052
2291.15032746052
2291.15032746052
2291.15032746052
2291.15032746052
2291.15032746052
2291.15032746052
2291.15032746052
2291.15032746052
2291.15032746052
2291.15032746052
2291.15032746052
2291.15032746052
2291.15032746052
2291.15032746052
2291.15032746052
2291.15032746052
2291.15032746052
2291.15032746052
2291.15032746052
2291.15032746052
2291.15032746052
2291.15032746052
2291.15032746052
2291.15032746052
2293.60413541484
2294.53697713937
2294.53697713937
2294.53697713937
2294.53697713937
2294.53697713937
2299.09169582361
2302.134313942
2302.134313942
2302.134313942
2305.54802611479
2308.19774211364
2308.19774211364
2308.19774211364
2308.19774211364
2308.19774211364
2308.19774211364
2308.19774211364
2308.19774211364
2308.19774211364
2308.19774211364
2308.19774211364
2308.19774211364
2308.19774211364
2308.19774211364
2308.19774211364
2308.19774211364
2308.19774211364
2308.19774211364
2308.19774211364
2308.19774211364
2308.19774211364
2308.19774211364
2308.19774211364
2308.19774211364
2308.19774211364
2308.19774211364
2308.19774211364
2308.19774211364
2308.19774211364
2308.19774211364
2311.24903672657
2312.41697052598
2312.41697052598
2312.41697052598
2312.41697052598
2312.41697052598
2312.41697052598
2312.41697052598
2312.41697052598
2312.41697052598
2312.41697052598
2312.41697052598
2312.41697052598
2312.41697052598
2312.41697052598
2312.41697052598
2312.41697052598
2312.41697052598
2312.41697052598
2312.41697052598
2312.41697052598
2312.41697052598
2312.41697052598
2312.41697052598
2312.41697052598
2312.41697052598
2312.41697052598
2312.41697052598
2312.41697052598
2312.41697052598
2312.41697052598
2312.41697052598
2312.41697052598
2312.41697052598
2312.41697052598
2312.41697052598
2312.41697052598
2312.41697052598
2312.41697052598
2312.41697052598
2312.41697052598
2312.41697052598
2312.41697052598
2312.41697052598
2312.41697052598
2320.85127797343
2321.372715975
2321.372715975
2321.372715975
2321.372715975
2321.372715975
2321.372715975
2321.372715975
2321.372715975
2321.372715975
2321.372715975
2321.372715975
2321.372715975
2321.372715975
2321.372715975
2321.372715975
2321.372715975
2321.372715975
2323.82488960984
2323.82488960984
2323.82488960984
2323.82488960984
2323.82488960984
2323.82488960984
2323.82488960984
2323.82488960984
2323.82488960984
2323.82488960984
2323.82488960984
2323.82488960984
2323.82488960984
2323.82488960984
2323.82488960984
2323.82488960984
2323.82488960984
2323.82488960984
2323.82488960984
2323.82488960984
2323.82488960984
2323.82488960984
2323.82488960984
2323.82488960984
2323.82488960984
2323.82488960984
2323.82488960984
2323.82488960984
2323.82488960984
2323.82488960984
2323.82488960984
2324.50244260021
2324.50244260021
2324.50244260021
2324.50244260021
2326.94199106782
2327.0457601886
2327.0457601886
2327.0457601886
2327.0457601886
2327.0457601886
2327.0457601886
2327.0457601886
2327.0457601886
2327.0457601886
2327.0457601886
2327.0457601886
2327.0457601886
2327.0457601886
2327.0457601886
2327.0457601886
2327.0457601886
2327.0457601886
2327.0457601886
2327.0457601886
2327.0457601886
2327.0457601886
2327.0457601886
2327.0457601886
2327.0457601886
2327.0457601886
2327.0457601886
2327.0457601886
2327.0457601886
2327.0457601886
2327.0457601886
2327.0457601886
2327.0457601886
2327.0457601886
2327.0457601886
2327.0457601886
2327.0457601886
2327.0457601886
2327.0457601886
2327.0457601886
2327.0457601886
2327.0457601886
2327.0457601886
2327.0457601886
2327.0457601886
2327.0457601886
2327.0457601886
2327.0457601886
2327.0457601886
2327.0457601886
2327.0457601886
2327.0457601886
2327.0457601886
2327.0457601886
2327.0457601886
2327.0457601886
2327.0457601886
2327.0457601886
2327.0457601886
2327.0457601886
2327.0457601886
2327.0457601886
2327.0457601886
2327.0457601886
2327.0457601886
2327.0457601886
2327.0457601886
2327.0457601886
2327.0457601886
2327.0457601886
2327.0457601886
2327.0457601886
2327.0457601886
2327.0457601886
2327.0457601886
2327.0457601886
2327.0457601886
2327.0457601886
2327.0457601886
2327.0457601886
2327.0457601886
2327.0457601886
2327.0457601886
2327.0457601886
2327.0457601886
2327.0457601886
2327.0457601886
2327.0457601886
2327.0457601886
2327.0457601886
2327.3555021383
2327.3555021383
2327.3555021383
2327.3555021383
2327.3555021383
2327.3555021383
2327.3555021383
2327.3555021383
2327.3555021383
2327.3555021383
2327.3555021383
2327.3555021383
2327.3555021383
2327.3555021383
2336.32426195014
2336.32426195014
2336.32426195014
2336.32426195014
2336.32426195014
2336.32426195014
2336.32426195014
2336.32426195014
2336.32426195014
2336.32426195014
2336.32426195014
2336.32426195014
2336.32426195014
2336.32426195014
2336.32426195014
2336.32426195014
2336.32426195014
2336.32426195014
2336.32426195014
2336.32426195014
2336.32426195014
2336.32426195014
2336.32426195014
2336.32426195014
2336.32426195014
2336.32426195014
2336.32426195014
2336.32426195014
2336.32426195014
2336.32426195014
2336.32426195014
2336.32426195014
2336.32426195014
2336.32426195014
2336.32426195014
2336.32426195014
2336.32426195014
2336.32426195014
2336.32426195014
2336.32426195014
2336.32426195014
2336.32426195014
2336.32426195014
2336.32426195014
2336.32426195014
2336.32426195014
2336.32426195014
2336.32426195014
2336.32426195014
2336.32426195014
2336.32426195014
2336.32426195014
2336.32426195014
2336.32426195014
2336.32426195014
2336.32426195014
2336.32426195014
2336.32426195014
2336.32426195014
2336.32426195014
2336.32426195014
2336.32426195014
2336.32426195014
2336.32426195014
2336.32426195014
2336.32426195014
2336.32426195014
2336.32426195014
2336.32426195014
2336.32426195014
2336.32426195014
2336.32426195014
2336.32426195014
2336.32426195014
2336.32426195014
2336.32426195014
2336.32426195014
2338.282965857
2338.282965857
2338.282965857
2338.282965857
2338.282965857
2338.282965857
2338.282965857
2338.282965857
2338.282965857
2338.282965857
2338.282965857
2338.282965857
2338.282965857
2338.282965857
2338.282965857
2338.282965857
2338.52764003814
2338.52764003814
2338.52764003814
2338.52764003814
2338.52764003814
2338.52764003814
2338.52764003814
2338.52764003814
2338.52764003814
2338.52764003814
2338.89368714947
2338.89368714947
2338.89368714947
2338.89368714947
2338.89368714947
2338.89368714947
2338.89368714947
2338.89368714947
2338.89368714947
2338.89368714947
2338.89368714947
2340.75189452679
2340.75189452679
2340.75189452679
2340.75189452679
2340.75189452679
2340.75189452679
2340.75189452679
2340.75189452679
2340.75189452679
2340.75189452679
2340.75189452679
2340.75189452679
2340.75189452679
2340.75189452679
2340.75189452679
2340.75189452679
2340.75189452679
2340.75189452679
2340.75189452679
2340.75189452679
2340.75189452679
2340.75189452679
2340.75189452679
2340.75189452679
2340.75189452679
2340.75189452679
2340.75189452679
2340.75189452679
2340.75189452679
2340.75189452679
2340.75189452679
2340.75189452679
2340.75189452679
2340.75189452679
2340.75189452679
2340.75189452679
2340.75189452679
2340.75189452679
2340.75189452679
2340.75189452679
2340.75189452679
2340.75189452679
2340.75189452679
2340.75189452679
2340.75189452679
2340.75189452679
2340.75189452679
2340.75189452679
2340.75189452679
2342.49396335619
2342.49396335619
2342.49396335619
2342.49396335619
2342.49396335619
2342.49396335619
2342.49396335619
2342.49396335619
2342.49396335619
2342.49396335619
2342.49396335619
2342.49396335619
2342.49396335619
2342.49396335619
2342.49396335619
2342.49396335619
2342.49396335619
2342.49396335619
2342.49396335619
2342.49396335619
2342.49396335619
2342.49396335619
2342.49396335619
2342.49396335619
2342.49396335619
2342.49396335619
2342.49396335619
2342.49396335619
2342.49396335619
2342.49396335619
2342.49396335619
2342.49396335619
2342.49396335619
2342.49396335619
2346.75029526046
2346.75029526046
2346.75029526046
2346.75029526046
2346.75029526046
2346.75029526046
2346.75029526046
2346.75029526046
2346.75029526046
2346.75029526046
2346.75029526046
2346.75029526046
2346.75029526046
2346.75029526046
2346.75029526046
2346.75029526046
2346.75029526046
2346.75029526046
2346.75029526046
2346.75029526046
2346.75029526046
2346.75029526046
2346.75029526046
2346.75029526046
2346.75029526046
2346.75029526046
2346.75029526046
2346.75029526046
2346.75029526046
2346.75029526046
2346.75029526046
2346.75029526046
2346.75029526046
2346.75029526046
2346.75029526046
2346.75029526046
2346.75029526046
2346.75029526046
2346.75029526046
2346.75029526046
2346.75029526046
2346.75029526046
2346.75029526046
2346.75029526046
2346.75029526046
2346.75029526046
2346.75029526046
2346.75029526046
2346.75029526046
2346.75029526046
2346.75029526046
2346.75029526046
2346.75029526046
2346.75029526046
2346.75029526046
2346.75029526046
2346.75029526046
2346.75029526046
2346.75029526046
2346.75029526046
2346.75029526046
2346.75029526046
2346.75029526046
2346.75029526046
2346.75029526046
2346.75029526046
2346.75029526046
2346.75029526046
2346.75029526046
2346.75029526046
2346.75029526046
2346.75029526046
2346.75029526046
2346.75029526046
2346.75029526046
2346.75029526046
2346.75029526046
2346.75029526046
2346.75029526046
2346.75029526046
2346.75029526046
2346.75029526046
2346.75029526046
2347.68923247532
2347.7849225871
2347.7849225871
2347.7849225871
2347.7849225871
2347.7849225871
2347.7849225871
2347.7849225871
2347.7849225871
2347.7849225871
2347.7849225871
2347.7849225871
2347.7849225871
2347.7849225871
2347.7849225871
2347.7849225871
2347.7849225871
2347.7849225871
2347.7849225871
2347.7849225871
2347.7849225871
2347.7849225871
2347.7849225871
2347.7849225871
2347.7849225871
2347.7849225871
2347.7849225871
2347.7849225871
2347.7849225871
2347.7849225871
2347.7849225871
2347.7849225871
2347.7849225871
2347.7849225871
2347.7849225871
2347.7849225871
2347.7849225871
2347.7849225871
2347.7849225871
2347.7849225871
2347.7849225871
2347.7849225871
2347.7849225871
2347.7849225871
2347.7849225871
2347.7849225871
2347.7849225871
2347.7849225871
2347.7849225871
2347.7849225871
2347.7849225871
2347.7849225871
2347.7849225871
2347.7849225871
2347.7849225871
2347.7849225871
2347.7849225871
2347.7849225871
2347.7849225871
2347.7849225871
2347.7849225871
2347.7849225871
2349.7217320593
2349.7217320593
2349.7217320593
2349.7217320593
2352.94353733895
2352.94353733895
2352.94353733895
2352.94353733895
2352.94353733895
2352.94353733895
2352.94353733895
2352.94353733895
2352.94353733895
2352.94353733895
2352.94353733895
2352.94353733895
2352.94353733895
2352.94353733895
2352.94353733895
2352.94353733895
2352.94353733895
2352.94353733895
2353.40069075258
2353.40069075258
2353.40069075258
2353.40069075258
2353.40069075258
2353.40069075258
2353.40069075258
2353.40069075258
2353.40069075258
2353.40069075258
2353.40069075258
2353.40069075258
2353.40069075258
2353.40069075258
2353.40069075258
2353.40069075258
2353.40069075258
2353.40069075258
2353.40069075258
2353.40069075258
2353.40069075258
2353.40069075258
2353.40069075258
2353.40069075258
2353.40069075258
2353.40069075258
2353.40069075258
2353.40069075258
2353.40069075258
2353.40069075258
2353.40069075258
2353.40069075258
2353.40069075258
2353.40069075258
2353.40069075258
2353.40069075258
2353.40069075258
2353.40069075258
2353.40069075258
2353.40069075258
2353.40069075258
2353.40069075258
2353.40069075258
2353.40069075258
2353.40069075258
2353.40069075258
2353.40069075258
2353.40069075258
2353.40069075258
2353.40069075258
2353.40069075258
2353.40069075258
2353.40069075258
2353.40069075258
2353.40069075258
2353.40069075258
2353.40069075258
2353.40069075258
2353.40069075258
2353.40069075258
2353.40069075258
2353.40069075258
2353.40069075258
2353.40069075258
2353.40069075258
2353.40069075258
2353.40069075258
2353.40069075258
2353.40069075258
2353.40069075258
2353.40069075258
2359.27741718821
2359.58916751798
2359.58916751798
2359.58916751798
2359.58916751798
2359.58916751798
2359.58916751798
2359.58916751798
2359.58916751798
2359.58916751798
2359.58916751798
2359.58916751798
2359.58916751798
2359.58916751798
2359.58916751798
2359.58916751798
2359.58916751798
2359.58916751798
2359.58916751798
2359.58916751798
2359.58916751798
2359.58916751798
2359.58916751798
2359.58916751798
2359.58916751798
2359.58916751798
2359.58916751798
2359.58916751798
2361.00335037773
2361.00335037773
2361.00335037773
2361.00335037773
2361.00335037773
2361.00335037773
2361.00335037773
2361.00335037773
2361.00335037773
2361.00335037773
2361.00335037773
2361.00335037773
2361.00335037773
2361.00335037773
2361.00335037773
2361.00335037773
2361.00335037773
2361.00335037773
2361.00335037773
2361.00335037773
2361.00335037773
2361.00335037773
2361.00335037773
2361.00335037773
2361.00335037773
2361.00335037773
2361.00335037773
2361.00335037773
2361.00335037773
2361.00335037773
2361.00335037773
2361.00335037773
2361.00335037773
2361.00335037773
2361.00335037773
2361.00335037773
2361.00335037773
2361.00335037773
2361.00335037773
2361.00335037773
2361.00335037773
2361.00335037773
2361.00335037773
2361.00335037773
2361.00335037773
2361.00335037773
2361.00335037773
2361.00335037773
2361.00335037773
2361.00335037773
2361.00335037773
2361.00335037773
2361.00335037773
2361.00335037773
2361.00335037773
2361.00335037773
2361.00335037773
2361.00335037773
2361.00335037773
2361.00335037773
2361.00335037773
2361.00335037773
2361.00335037773
2361.00335037773
2361.00335037773
2361.00335037773
2361.00335037773
2361.00335037773
2361.00335037773
2361.00335037773
2361.00335037773
2361.00335037773
2361.00335037773
2361.00335037773
2361.00335037773
2361.00335037773
2361.00335037773
2361.00335037773
2361.00335037773
2361.00335037773
2361.00335037773
2361.00335037773
2361.00335037773
2361.00335037773
2361.00335037773
2361.00335037773
2361.00335037773
2361.00335037773
2361.00335037773
2361.00335037773
2361.00335037773
2361.00335037773
2361.00335037773
2361.00335037773
2361.00335037773
2361.00335037773
2361.00335037773
2361.00335037773
2361.00335037773
2361.00335037773
2361.00335037773
2361.00335037773
2361.00335037773
2361.00335037773
2361.00335037773
2361.00335037773
2361.00335037773
2361.00335037773
2361.00335037773
2361.00335037773
2361.00335037773
2361.00335037773
2361.00335037773
2361.00335037773
2361.00335037773
2361.00335037773
2361.00335037773
2361.00335037773
2361.00335037773
2361.00335037773
2361.00335037773
2361.00335037773
2361.00335037773
2361.00335037773
2361.00335037773
2361.00335037773
2361.00335037773
2361.00335037773
2361.00335037773
2361.00335037773
2361.00335037773
2361.00335037773
2361.00335037773
2361.00335037773
2361.00335037773
2361.00335037773
2361.00335037773
2361.00335037773
2361.00335037773
2361.00335037773
2361.00335037773
2361.00335037773
2361.00335037773
2361.00335037773
2361.00335037773
2361.00335037773
2361.00335037773
2361.00335037773
2361.00335037773
2361.00335037773
2361.00335037773
2361.00335037773
2361.00335037773
2361.00335037773
2361.00335037773
2361.00335037773
2363.02449724774
2364.25524150185
2364.25524150185
2364.25524150185
2364.25524150185
2364.25524150185
2364.25524150185
2364.25524150185
2364.25524150185
2364.25524150185
2364.25524150185
2364.25524150185
2364.25524150185
2364.25524150185
2364.25524150185
2364.25524150185
2364.25524150185
2364.25524150185
2364.25524150185
2364.25524150185
2364.25524150185
2364.25524150185
2364.25524150185
2364.25524150185
2364.25524150185
2364.25524150185
2364.25524150185
2364.25524150185
2364.25524150185
2364.25524150185
2364.25524150185
2364.25524150185
2364.25524150185
2364.25524150185
2364.25524150185
2364.25524150185
2364.25524150185
2364.25524150185
2364.25524150185
2364.25524150185
2364.25524150185
2364.25524150185
2364.25524150185
2364.25524150185
2364.25524150185
2364.25524150185
2364.25524150185
2364.25524150185
2364.25524150185
2364.25524150185
2364.25524150185
2364.25524150185
2364.25524150185
2364.25524150185
2364.25524150185
2364.25524150185
2364.25524150185
2364.25524150185
2364.25524150185
2364.25524150185
2364.25524150185
2364.25524150185
2364.25524150185
2364.25524150185
2364.25524150185
2364.25524150185
2364.25524150185
2364.25524150185
2364.25524150185
2364.25524150185
2364.25524150185
2364.25524150185
2364.25524150185
2364.25524150185
2364.25524150185
2364.25524150185
2364.25524150185
2364.25524150185
2364.25524150185
2364.25524150185
2364.25524150185
2364.25524150185
2364.25524150185
2364.25524150185
2364.25524150185
2364.25524150185
2364.25524150185
2364.25524150185
2364.25524150185
2364.25524150185
2364.25524150185
2364.25524150185
2364.25524150185
2364.25524150185
2364.25524150185
2364.25524150185
2364.25524150185
2364.25524150185
2364.25524150185
2364.25524150185
2364.25524150185
2364.25524150185
2364.25524150185
2364.25524150185
2364.25524150185
2364.25524150185
2364.25524150185
2364.25524150185
2364.25524150185
2364.25524150185
2364.25524150185
2364.25524150185
2364.25524150185
2364.25524150185
2364.25524150185
2364.25524150185
2364.25524150185
2367.21964072581
2367.21964072581
2367.21964072581
2367.21964072581
2367.21964072581
2367.21964072581
2367.21964072581
2367.21964072581
2367.21964072581
2367.21964072581
2367.21964072581
2367.21964072581
2367.21964072581
2367.21964072581
2367.21964072581
2367.21964072581
2367.21964072581
2367.21964072581
2367.21964072581
2367.21964072581
2367.21964072581
2367.21964072581
2367.21964072581
2367.21964072581
2367.21964072581
2367.21964072581
2367.21964072581
2367.21964072581
2367.21964072581
2367.21964072581
2367.21964072581
2367.21964072581
2367.21964072581
2367.21964072581
2367.21964072581
2367.21964072581
2367.21964072581
2367.21964072581
2367.21964072581
2367.21964072581
2367.21964072581
2367.21964072581
2367.21964072581
2367.21964072581
2367.21964072581
2367.21964072581
2367.21964072581
2367.21964072581
2367.21964072581
2367.21964072581
2367.21964072581
2367.21964072581
2367.21964072581
2367.21964072581
2367.21964072581
2367.21964072581
2367.21964072581
2367.21964072581
2367.21964072581
2367.21964072581
2367.21964072581
2367.21964072581
2367.21964072581
2367.21964072581
2367.21964072581
2367.21964072581
2367.21964072581
2371.40339714429
2371.40339714429
2371.40339714429
2371.40339714429
2371.40339714429
2371.40339714429
2371.40339714429
2371.40339714429
2371.40339714429
2371.40339714429
2371.40339714429
2371.40339714429
2371.40339714429
2371.40339714429
2371.40339714429
2371.40339714429
2371.40339714429
2371.40339714429
2371.40339714429
2371.40339714429
2371.40339714429
2371.40339714429
2371.40339714429
2371.40339714429
2372.78463203219
2376.18666799616
2376.18666799616
2376.18666799616
2376.18666799616
2376.18666799616
2376.18666799616
2376.18666799616
2376.18666799616
2376.18666799616
2376.18666799616
2376.18666799616
2376.18666799616
2376.18666799616
2376.18666799616
2379.22632793719
2379.22632793719
2379.22632793719
2379.22632793719
2379.22632793719
2379.22632793719
2379.22632793719
2379.22632793719
2379.22632793719
2379.22632793719
2384.9612041901
2385.67466482541
2385.67466482541
2385.67466482541
2385.67466482541
2385.67466482541
2385.67466482541
2386.62901016074
2386.8250189583
2386.8250189583
2386.8250189583
2386.8250189583
2386.8250189583
2386.8250189583
2386.8250189583
2386.8250189583
2386.8250189583
2386.8250189583
2386.8250189583
2386.8250189583
2386.8250189583
2386.8250189583
2386.8250189583
2386.8250189583
2386.8250189583
2386.8250189583
2386.8250189583
2386.8250189583
2386.8250189583
2386.8250189583
2386.8250189583
2386.8250189583
2386.8250189583
2386.8250189583
2386.8250189583
2386.8250189583
2386.8250189583
2386.8250189583
2386.8250189583
2388.54156192581
2389.44162466484
2389.44162466484
2389.44162466484
2389.44162466484
2389.44162466484
2389.44162466484
2389.44162466484
2389.44162466484
2389.44162466484
2389.44162466484
2389.44162466484
2389.44162466484
2389.44162466484
2389.44162466484
2389.44162466484
2389.44162466484
2389.44162466484
2389.44162466484
2389.44162466484
2389.44162466484
2389.44162466484
2389.44162466484
2389.44162466484
2389.44162466484
2389.44162466484
2389.44162466484
2389.44162466484
2389.44162466484
2389.44162466484
2389.44162466484
2389.44162466484
2390.19168602719
2390.19168602719
2390.19168602719
2390.19168602719
2390.19168602719
2390.19168602719
2390.19168602719
2390.19168602719
2390.19168602719
2390.19168602719
2390.19168602719
2390.19168602719
2390.19168602719
2390.19168602719
2390.19168602719
2390.19168602719
2393.88977915805
2397.86221300636
2397.86221300636
2397.86221300636
2397.86221300636
2397.86221300636
2397.86221300636
2397.86221300636
2397.86221300636
2397.86221300636
2397.86221300636
2397.86221300636
2397.86221300636
2397.86221300636
2397.86221300636
2397.86221300636
2397.86221300636
2397.86221300636
2397.86221300636
2397.86221300636
2397.86221300636
2397.86221300636
2397.86221300636
2397.86221300636
2397.86221300636
2397.86221300636
2397.86221300636
2397.86221300636
2397.86221300636
2397.86221300636
2397.86221300636
2397.86221300636
2397.86221300636
2397.86221300636
2397.86221300636
2397.86221300636
2397.86221300636
2397.86221300636
2397.86221300636
2397.86221300636
2397.86221300636
2400.50874691892
2400.50874691892
2400.50874691892
2400.50874691892
2400.50874691892
2400.50874691892
2400.50874691892
2400.50874691892
2400.50874691892
2400.50874691892
2400.50874691892
2400.50874691892
2400.50874691892
2400.50874691892
2400.50874691892
2400.50874691892
2400.50874691892
2400.50874691892
2400.50874691892
2400.50874691892
2400.50874691892
2400.50874691892
2400.50874691892
2400.50874691892
2400.50874691892
2400.50874691892
2400.50874691892
2400.50874691892
2400.50874691892
2400.50874691892
2400.50874691892
2400.50874691892
2400.50874691892
2400.50874691892
2400.61333846303
2400.61333846303
2400.61333846303
2400.61333846303
2400.61333846303
2400.61333846303
2400.61333846303
2400.61333846303
2400.61333846303
2400.61333846303
2400.61333846303
2400.61333846303
2400.61333846303
2400.61333846303
2400.61333846303
2400.61333846303
2400.61333846303
2400.61333846303
2400.61333846303
2400.61333846303
2400.61333846303
2400.61333846303
2400.61333846303
2400.61333846303
2400.61333846303
2400.61333846303
2400.61333846303
2400.61333846303
2400.61333846303
2400.61333846303
2400.61333846303
2400.61333846303
2400.61333846303
2400.61333846303
2400.61333846303
2400.61333846303
2400.61333846303
2400.61333846303
2400.61333846303
2400.61333846303
2400.61333846303
2400.61333846303
2400.61333846303
2400.61333846303
2400.61333846303
2400.61333846303
2400.61333846303
2400.61333846303
2400.61333846303
2400.61333846303
2400.61333846303
2400.61333846303
2400.61333846303
2400.61333846303
2400.61333846303
2400.61333846303
2400.61333846303
2400.61333846303
2400.61333846303
2400.61333846303
2400.61333846303
2400.61333846303
2400.61333846303
2400.61333846303
2400.61333846303
2400.61333846303
2400.61333846303
2400.61333846303
2400.61333846303
2400.61333846303
2400.61333846303
2400.61333846303
2400.61333846303
2400.61333846303
2400.61333846303
2400.61333846303
2400.61333846303
2400.61333846303
2400.61333846303
2400.61333846303
2400.61333846303
2400.61333846303
2400.61333846303
2400.61333846303
2400.61333846303
2400.61333846303
2400.61333846303
2400.61333846303
2400.61333846303
2400.61333846303
2400.61333846303
2400.61333846303
2400.61333846303
2400.61333846303
2400.61333846303
2400.61333846303
2400.61333846303
2400.61333846303
2400.61333846303
2400.61333846303
2400.61333846303
2400.61333846303
2400.61333846303
2400.61333846303
2400.61333846303
2400.61333846303
2400.61333846303
2400.61333846303
2400.61333846303
2400.61333846303
2400.61333846303
2400.61333846303
2400.61333846303
2400.61333846303
2400.61333846303
2400.61333846303
2400.61333846303
2400.61333846303
2400.61333846303
2400.61333846303
2400.61333846303
2400.61333846303
2400.61333846303
2400.61333846303
2400.61333846303
2400.61333846303
2400.61333846303
2400.61333846303
2400.61333846303
2400.61333846303
2400.61333846303
2400.61333846303
2400.61333846303
2400.61333846303
2400.61333846303
2400.61333846303
2400.61333846303
2402.39901159404
2402.39901159404
2402.39901159404
2402.39901159404
2402.39901159404
2402.39901159404
2402.39901159404
2402.39901159404
2402.39901159404
2402.39901159404
2402.39901159404
2402.39901159404
2402.39901159404
2402.39901159404
2402.39901159404
2402.39901159404
2402.39901159404
2402.39901159404
2402.39901159404
2402.39901159404
2402.39901159404
2402.39901159404
2402.39901159404
2402.39901159404
2402.39901159404
2402.39901159404
2402.39901159404
2402.39901159404
2402.39901159404
2402.39901159404
2402.39901159404
2402.39901159404
2402.39901159404
2402.39901159404
2402.39901159404
2402.39901159404
2402.39901159404
2402.39901159404
2402.39901159404
2402.39901159404
2402.39901159404
2402.39901159404
2402.39901159404
2402.39901159404
2402.39901159404
2402.39901159404
2402.39901159404
2402.39901159404
2402.39901159404
2402.39901159404
2402.39901159404
2402.39901159404
2402.39901159404
2402.39901159404
2402.39901159404
2402.39901159404
2402.39901159404
2402.39901159404
2402.39901159404
2402.39901159404
2402.39901159404
2402.39901159404
2402.39901159404
2402.39901159404
2402.39901159404
2402.39901159404
2402.39901159404
2402.39901159404
2402.39901159404
2402.39901159404
2402.39901159404
2402.39901159404
2402.39901159404
2402.39901159404
2402.39901159404
2402.39901159404
2402.39901159404
2402.39901159404
2402.39901159404
2402.39901159404
2402.39901159404
2402.39901159404
2402.39901159404
2402.39901159404
2402.39901159404
2402.39901159404
2402.39901159404
2402.39901159404
2402.39901159404
2402.39901159404
2402.39901159404
2402.39901159404
2402.39901159404
2402.39901159404
2402.39901159404
2402.39901159404
2402.39901159404
2402.39901159404
2402.39901159404
2402.39901159404
2402.39901159404
2402.39901159404
2402.39901159404
2402.39901159404
2402.39901159404
2402.39901159404
2402.39901159404
2402.39901159404
2402.39901159404
2402.39901159404
2402.39901159404
2402.39901159404
2402.39901159404
2402.39901159404
2402.39901159404
2402.39901159404
2402.39901159404
2402.39901159404
2407.4455048394
2407.4455048394
2407.4455048394
2407.4455048394
2407.4455048394
2407.4455048394
2407.4455048394
2407.4455048394
2407.4455048394
2407.4455048394
2407.4455048394
2407.4455048394
2407.4455048394
2407.4455048394
2407.4455048394
2407.4455048394
2407.4455048394
2407.4455048394
2407.4455048394
2407.4455048394
2408.96951119356
2408.96951119356
2408.96951119356
2408.96951119356
2408.96951119356
2408.96951119356
2408.96951119356
2408.96951119356
2409.4543848454
2409.4543848454
2409.4543848454
2409.4543848454
2409.4543848454
2409.4543848454
2409.4543848454
2409.4543848454
2409.4543848454
2409.4543848454
2409.4543848454
2409.4543848454
2409.4543848454
2409.4543848454
2409.4543848454
2409.4543848454
2409.4543848454
2409.4543848454
2409.4543848454
2409.4543848454
2409.4543848454
2409.4543848454
2409.4543848454
2409.4543848454
2409.4543848454
2409.4543848454
2409.4543848454
2409.4543848454
2409.4543848454
2409.4543848454
2409.4543848454
2409.4543848454
2409.4543848454
2409.4543848454
2409.4543848454
2409.4543848454
2409.4543848454
2409.4543848454
2409.4543848454
2409.4543848454
2409.4543848454
2409.4543848454
2409.4543848454
2409.4543848454
2409.4543848454
2409.4543848454
2409.4543848454
2409.4543848454
2409.4543848454
2409.4543848454
2409.4543848454
2409.4543848454
2409.4543848454
2409.4543848454
2409.4543848454
2409.4543848454
2409.4543848454
2409.4543848454
2409.4543848454
2409.4543848454
2409.4543848454
2409.4543848454
2409.4543848454
2409.4543848454
2409.4543848454
2409.4543848454
2409.4543848454
2409.4543848454
2409.4543848454
2409.4543848454
2410.10033730352
2410.10033730352
2410.10033730352
2410.10033730352
2410.10033730352
2410.10033730352
2410.10033730352
2410.10033730352
2410.10033730352
2410.10033730352
2410.10033730352
2410.10033730352
2410.10033730352
2410.10033730352
2410.10033730352
2410.10033730352
2410.10033730352
2410.10033730352
2410.10033730352
2410.10033730352
2410.10033730352
2410.10033730352
2410.10033730352
2410.10033730352
2410.10033730352
2410.10033730352
2410.10033730352
2410.10033730352
2410.10033730352
2410.10033730352
2410.10033730352
2410.10033730352
2410.10033730352
2410.10033730352
2410.10033730352
2410.10033730352
2410.10033730352
2410.10033730352
2410.10033730352
2410.10033730352
2410.10033730352
2410.10033730352
2410.10033730352
2410.10033730352
2410.10033730352
2410.10033730352
2410.10033730352
2410.10033730352
2410.10033730352
2410.10033730352
2410.10033730352
2410.10033730352
2410.10033730352
2410.10033730352
2414.17290813619
2414.17290813619
2414.17290813619
2414.17290813619
2414.17290813619
2414.17290813619
2414.17290813619
2414.17290813619
2414.17290813619
2414.17290813619
2414.17290813619
2414.17290813619
2414.17290813619
2414.17290813619
2414.17290813619
2414.17290813619
2414.17290813619
2414.17290813619
2414.17290813619
2414.17290813619
2414.17290813619
2414.17290813619
2414.17290813619
2414.17290813619
2414.17290813619
2414.17290813619
2414.17290813619
2414.17290813619
2414.17290813619
2414.17290813619
2414.17290813619
2414.17290813619
2414.17290813619
2414.17290813619
2414.17290813619
2414.17290813619
2414.17290813619
2414.17290813619
2414.17290813619
2414.17290813619
2414.17290813619
2414.17290813619
2414.17290813619
2414.17290813619
2414.17290813619
2415.21380749013
2415.21380749013
2415.21380749013
2415.21380749013
2415.21380749013
2415.21380749013
2415.21380749013
2415.21380749013
2415.21380749013
2417.44917896631
2418.13121746524
2418.13121746524
2418.13121746524
2418.13121746524
2418.13121746524
2418.13121746524
2418.13121746524
2418.13121746524
2418.13121746524
2418.13121746524
2418.13121746524
2418.13121746524
2418.13121746524
2418.13121746524
2418.13121746524
2418.13121746524
2418.13121746524
2418.13121746524
2418.13121746524
2418.13121746524
2418.13121746524
2418.13121746524
2418.13121746524
2418.13121746524
2418.13121746524
2418.13121746524
2418.13121746524
2418.13121746524
2418.13121746524
2418.13121746524
2418.13121746524
2418.13121746524
2418.13121746524
2418.13121746524
2418.13121746524
2418.13121746524
2418.13121746524
2418.13121746524
2418.13121746524
2418.13121746524
2418.13121746524
2418.13121746524
2418.13121746524
2418.13121746524
2418.13121746524
2418.13121746524
2418.13121746524
2418.13121746524
2418.13121746524
2418.13121746524
2418.13121746524
2418.13121746524
2418.13121746524
2418.13121746524
2418.13121746524
2418.13121746524
2418.13121746524
2418.13121746524
2418.13121746524
2418.13121746524
2418.13121746524
2418.13121746524
2418.13121746524
2418.13121746524
2418.13121746524
2418.13121746524
2418.13121746524
2418.13121746524
2418.13121746524
2418.13121746524
2418.13121746524
2418.13121746524
2418.13121746524
2418.13121746524
2418.13121746524
2418.13121746524
2418.13121746524
2418.13121746524
2418.13121746524
2418.13121746524
2418.13121746524
2418.13121746524
2418.13121746524
2418.13121746524
2418.13121746524
2418.13121746524
2418.13121746524
2418.13121746524
2418.13121746524
2418.13121746524
2418.13121746524
2418.13121746524
2418.13121746524
2418.13121746524
2418.13121746524
2418.13121746524
2418.13121746524
2418.13121746524
2418.13121746524
2418.13121746524
2418.13121746524
2418.13121746524
2418.13121746524
2418.13121746524
2418.13121746524
2418.13121746524
2418.13121746524
2418.13121746524
2418.13121746524
2418.13121746524
2418.13121746524
2418.13121746524
2418.13121746524
2418.13121746524
2418.13121746524
2418.13121746524
2418.13121746524
2418.13121746524
2418.13121746524
2418.13121746524
2418.13121746524
2418.13121746524
2418.13121746524
2418.13121746524
2418.13121746524
2418.13121746524
2418.13121746524
2418.13121746524
2418.13121746524
2418.13121746524
2418.13121746524
2418.13121746524
2418.13121746524
2418.13121746524
2418.13121746524
2418.13121746524
2418.13121746524
2418.13121746524
2418.13121746524
2418.13121746524
2418.13121746524
2418.13121746524
2418.13121746524
2418.13121746524
2418.13121746524
2418.13121746524
2418.13121746524
2418.13121746524
2418.13121746524
2418.13121746524
2418.13121746524
2418.13121746524
2418.13121746524
2418.13121746524
2418.13121746524
2418.13121746524
2418.13121746524
2418.13121746524
2418.13121746524
2418.13121746524
2418.13121746524
2418.13121746524
2418.13121746524
2418.13121746524
2418.13121746524
2418.13121746524
2418.13121746524
2418.13121746524
2418.13121746524
2418.13121746524
2418.13121746524
2418.13121746524
2418.13121746524
2418.13121746524
2418.13121746524
2418.13121746524
2418.13121746524
2418.13121746524
2418.13121746524
2418.13121746524
2418.13121746524
2418.13121746524
2418.13121746524
2418.13121746524
2418.13121746524
2418.13121746524
2418.13121746524
2418.13121746524
2418.13121746524
2418.13121746524
2418.13121746524
2418.13121746524
2418.13121746524
2418.13121746524
2418.13121746524
2418.13121746524
2418.13121746524
2418.13121746524
2418.13121746524
2418.13121746524
2418.13121746524
2418.13121746524
2418.13121746524
2418.13121746524
2418.13121746524
2418.13121746524
2418.13121746524
2418.13121746524
2418.13121746524
2418.13121746524
2418.13121746524
2418.13121746524
2418.13121746524
2418.13121746524
2418.13121746524
2418.13121746524
2418.13121746524
2418.13121746524
2418.13121746524
2418.13121746524
2418.13121746524
2418.13121746524
2418.13121746524
2418.13121746524
2418.13121746524
2418.13121746524
2418.13121746524
2418.13121746524
2418.13121746524
2418.13121746524
2418.13121746524
2418.13121746524
2418.13121746524
2418.13121746524
2418.13121746524
2418.13121746524
2418.13121746524
2418.13121746524
2418.13121746524
2418.13121746524
2418.13121746524
2418.13121746524
2418.13121746524
2418.13121746524
2418.13121746524
2418.13121746524
2418.13121746524
2418.13121746524
2418.13121746524
2418.13121746524
2418.13121746524
2418.13121746524
2418.13121746524
2418.13121746524
2418.13121746524
2418.13121746524
2418.13121746524
2418.13121746524
2418.13121746524
2418.13121746524
2418.13121746524
2418.13121746524
2418.13121746524
2418.13121746524
2418.13121746524
2418.13121746524
2418.13121746524
2418.13121746524
2418.13121746524
2418.13121746524
2418.13121746524
2418.13121746524
2418.13121746524
2418.13121746524
2418.13121746524
2418.13121746524
2418.13121746524
2418.13121746524
2418.13121746524
2418.13121746524
2418.13121746524
2418.13121746524
2418.13121746524
2418.13121746524
2418.13121746524
2418.13121746524
2418.13121746524
2418.13121746524
2418.13121746524
2418.13121746524
2418.13121746524
2418.13121746524
2418.13121746524
2418.13121746524
2418.13121746524
2418.13121746524
2418.13121746524
2418.13121746524
2418.13121746524
2418.13121746524
2418.13121746524
2418.13121746524
2418.13121746524
2418.13121746524
2418.13121746524
2418.13121746524
2418.13121746524
2418.13121746524
2418.13121746524
2418.13121746524
2418.13121746524
2418.13121746524
2418.13121746524
2418.13121746524
2418.13121746524
2418.13121746524
2418.13121746524
2418.67686772995
2419.01772927375
2419.01772927375
2419.01772927375
2419.01772927375
2419.01772927375
2419.01772927375
2419.01772927375
2419.01772927375
2419.01772927375
2419.01772927375
2419.01772927375
2419.01772927375
2419.01772927375
2419.01772927375
2419.01772927375
2419.01772927375
2419.22515013053
2419.92954237141
2419.92954237141
2419.92954237141
2419.92954237141
2419.92954237141
2419.92954237141
2419.92954237141
2419.92954237141
2419.92954237141
2419.92954237141
2419.92954237141
2419.92954237141
2419.92954237141
2419.92954237141
2419.92954237141
2419.92954237141
2419.92954237141
2419.92954237141
2419.92954237141
2419.92954237141
2419.92954237141
2419.92954237141
2419.92954237141
2419.92954237141
2419.92954237141
2419.92954237141
2419.92954237141
2419.92954237141
2419.92954237141
2419.92954237141
2419.92954237141
2419.92954237141
2419.92954237141
2419.92954237141
2419.92954237141
2419.92954237141
2419.92954237141
2419.92954237141
2419.92954237141
2419.92954237141
2419.92954237141
2419.92954237141
2419.92954237141
2419.92954237141
2419.92954237141
2419.92954237141
2419.92954237141
2419.92954237141
2419.92954237141
2419.92954237141
2419.92954237141
2419.92954237141
2419.92954237141
2419.92954237141
2419.92954237141
2419.92954237141
2419.92954237141
2419.92954237141
2419.92954237141
2419.92954237141
2419.92954237141
2419.92954237141
2419.92954237141
2419.92954237141
2419.92954237141
2419.92954237141
2419.92954237141
2419.92954237141
2419.92954237141
2419.92954237141
2419.92954237141
2419.92954237141
2419.92954237141
2419.92954237141
2419.92954237141
2419.92954237141
2419.92954237141
2419.92954237141
2419.92954237141
2419.92954237141
2419.92954237141
2419.92954237141
2419.92954237141
2419.92954237141
2419.92954237141
2419.92954237141
2419.92954237141
2419.92954237141
2419.92954237141
2419.92954237141
2419.92954237141
2419.92954237141
2419.92954237141
2419.92954237141
2419.92954237141
2419.92954237141
2419.92954237141
2419.92954237141
2419.92954237141
2419.92954237141
2419.92954237141
2419.92954237141
2419.92954237141
2419.92954237141
2419.92954237141
2419.92954237141
2419.92954237141
2419.92954237141
2419.92954237141
2419.92954237141
2419.92954237141
2419.92954237141
2419.92954237141
2419.92954237141
2419.92954237141
2419.92954237141
2419.92954237141
2419.92954237141
2419.92954237141
2419.92954237141
2419.92954237141
2419.92954237141
2419.92954237141
2419.92954237141
2419.92954237141
2419.92954237141
2419.92954237141
2419.92954237141
2419.92954237141
2419.92954237141
2419.92954237141
2419.92954237141
2419.92954237141
2419.92954237141
2419.92954237141
2419.92954237141
2419.92954237141
2419.92954237141
2419.92954237141
2419.92954237141
2419.92954237141
2419.92954237141
2419.92954237141
2419.92954237141
2419.92954237141
2419.92954237141
2419.92954237141
2419.92954237141
2419.92954237141
2419.92954237141
2419.92954237141
2419.92954237141
2419.92954237141
2419.92954237141
2419.92954237141
2419.92954237141
2419.92954237141
2419.92954237141
2419.92954237141
2419.92954237141
2419.92954237141
2419.92954237141
2419.92954237141
2419.92954237141
2419.92954237141
2419.92954237141
2419.92954237141
2419.92954237141
2419.92954237141
2419.92954237141
2419.92954237141
2419.92954237141
2419.92954237141
2419.92954237141
2419.92954237141
2419.92954237141
2427.53437587619
2427.53437587619
2427.53437587619
2427.53437587619
2427.53437587619
2427.53437587619
2427.53437587619
2427.53437587619
2427.53437587619
2427.53437587619
2427.53437587619
2427.53437587619
2427.53437587619
2427.53437587619
2427.53437587619
2427.53437587619
2427.53437587619
2427.53437587619
2427.53437587619
2427.53437587619
2427.53437587619
2427.53437587619
2427.53437587619
2427.53437587619
2427.53437587619
2427.53437587619
2427.53437587619
2427.53437587619
2427.53437587619
2427.53437587619
2427.53437587619
2427.53437587619
2427.53437587619
2427.53437587619
2427.53437587619
2427.53437587619
2427.53437587619
2430.50367091045
2430.50367091045
2430.50367091045
2430.50367091045
2430.50367091045
2430.50367091045
2430.50367091045
2430.50367091045
2430.50367091045
2430.50367091045
2430.50367091045
2430.50367091045
2430.50367091045
2430.50367091045
2430.50367091045
2430.50367091045
2430.50367091045
2430.50367091045
2430.50367091045
2430.50367091045
2430.50367091045
2430.50367091045
2430.50367091045
2430.50367091045
2430.50367091045
2430.50367091045
2430.50367091045
2430.50367091045
2430.50367091045
2430.50367091045
2430.50367091045
2430.50367091045
2430.50367091045
2430.50367091045
2430.50367091045
2430.50367091045
2430.50367091045
2430.50367091045
2430.50367091045
2430.50367091045
2430.50367091045
2430.50367091045
2430.50367091045
2430.50367091045
2430.50367091045
2430.50367091045
2430.50367091045
2430.50367091045
2430.50367091045
2430.50367091045
2430.50367091045
2430.50367091045
2430.50367091045
2430.50367091045
2430.50367091045
2430.50367091045
2430.50367091045
2430.50367091045
2430.50367091045
2430.50367091045
2430.50367091045
2430.50367091045
2430.50367091045
2430.50367091045
2430.50367091045
2430.50367091045
2430.50367091045
2430.50367091045
2430.50367091045
2430.50367091045
2430.50367091045
2430.50367091045
2430.50367091045
2430.50367091045
2430.50367091045
2430.50367091045
2430.50367091045
2430.50367091045
2430.50367091045
2430.50367091045
2430.50367091045
2430.50367091045
2430.50367091045
2430.50367091045
2430.50367091045
2430.50367091045
2430.50367091045
2430.50367091045
2430.50367091045
2430.50367091045
2430.50367091045
2430.50367091045
2430.50367091045
2430.50367091045
2430.50367091045
2430.50367091045
2430.50367091045
2430.50367091045
2430.50367091045
2430.50367091045
2430.50367091045
2430.50367091045
2430.50367091045
2430.50367091045
2430.50367091045
2430.50367091045
2434.36186099339
2434.82182940475
2434.82182940475
2434.82182940475
2434.82182940475
2434.82182940475
2434.82182940475
2434.82182940475
2434.82182940475
2434.82182940475
2434.82182940475
2434.82182940475
2434.82182940475
2434.82182940475
2434.82182940475
2434.82182940475
2434.82182940475
2434.82182940475
2435.38992489794
2435.38992489794
2435.38992489794
2435.38992489794
2435.38992489794
2437.61029257423
2437.61029257423
2437.61029257423
2437.61029257423
2437.61029257423
2437.61029257423
2437.61029257423
2437.61029257423
2437.61029257423
2437.61029257423
2437.61029257423
2437.61029257423
2437.61029257423
2437.61029257423
2437.61029257423
2437.61029257423
2437.61029257423
2437.61029257423
2437.61029257423
2437.61029257423
2437.61029257423
2437.61029257423
2437.61029257423
2437.61029257423
2437.61029257423
2437.61029257423
2437.61029257423
2437.61029257423
2437.61029257423
2437.61029257423
2437.61029257423
2437.61029257423
2437.61029257423
2437.61029257423
2437.61029257423
2437.61029257423
2437.61029257423
2437.61029257423
2437.61029257423
2437.61029257423
2437.61029257423
2437.61029257423
2437.61029257423
2437.61029257423
2437.61029257423
2437.61029257423
2437.61029257423
2437.61029257423
2437.61029257423
2437.61029257423
2437.61029257423
2437.61029257423
2437.61029257423
2437.61029257423
2437.61029257423
2437.61029257423
2437.61029257423
2437.61029257423
2437.61029257423
2437.61029257423
2437.61029257423
2437.61029257423
2437.61029257423
2437.61029257423
2437.61029257423
2437.61029257423
2437.61029257423
2437.61029257423
2437.61029257423
2437.61029257423
2437.61029257423
2437.61029257423
2437.61029257423
2437.61029257423
2437.61029257423
2437.61029257423
2437.61029257423
2437.61029257423
2437.61029257423
2437.61029257423
2437.61029257423
2437.61029257423
2437.61029257423
2437.61029257423
2437.61029257423
2437.61029257423
2437.61029257423
2437.61029257423
2437.61029257423
2437.61029257423
2437.61029257423
2437.61029257423
2437.61029257423
2437.61029257423
2437.61029257423
2437.61029257423
2437.61029257423
2437.61029257423
2437.61029257423
2437.61029257423
2437.61029257423
2437.61029257423
2437.61029257423
2437.61029257423
2437.61029257423
2437.61029257423
2437.61029257423
2437.61029257423
2437.61029257423
2437.61029257423
2437.61029257423
2437.61029257423
2437.61029257423
2437.61029257423
2437.61029257423
2437.61029257423
2437.61029257423
2437.61029257423
2437.61029257423
2437.61029257423
2437.61029257423
2437.61029257423
2437.61029257423
2437.61029257423
2437.61029257423
2437.61029257423
2437.61029257423
2437.61029257423
2437.61029257423
2437.61029257423
2437.61029257423
2437.61029257423
2437.61029257423
2437.61029257423
2437.61029257423
2437.61029257423
2437.61029257423
2437.61029257423
2437.61029257423
2437.61029257423
2437.61029257423
2437.61029257423
2437.61029257423
2437.61029257423
2437.61029257423
2437.61029257423
2437.61029257423
2437.61029257423
2437.61029257423
2437.61029257423
2437.61029257423
2437.61029257423
2437.61029257423
2437.61029257423
2437.61029257423
2437.61029257423
2437.61029257423
2437.61029257423
2437.61029257423
2437.61029257423
2437.61029257423
2437.61029257423
2437.61029257423
2437.61029257423
2437.61029257423
2437.61029257423
2437.61029257423
2437.61029257423
2437.61029257423
2437.61029257423
2437.61029257423
2437.61029257423
2437.61029257423
2437.61029257423
2437.61029257423
2437.61029257423
2437.61029257423
2437.61029257423
2437.61029257423
2437.61029257423
2437.61029257423
2437.61029257423
2437.61029257423
2437.61029257423
2437.61029257423
2437.61029257423
2437.61029257423
2437.61029257423
2437.61029257423
2437.61029257423
2437.61029257423
2437.61029257423
2437.61029257423
2437.61029257423
2437.61029257423
2437.61029257423
2437.61029257423
2437.61029257423
2437.61029257423
2437.61029257423
2437.61029257423
2437.61029257423
2437.61029257423
2437.61029257423
2437.61029257423
2437.61029257423
2437.61029257423
2437.61029257423
2437.61029257423
2437.61029257423
2437.61029257423
2437.61029257423
2437.61029257423
2437.61029257423
2437.61029257423
2437.61029257423
2437.61029257423
2437.61029257423
2437.61029257423
2437.61029257423
2437.61029257423
2437.61029257423
2437.61029257423
2437.61029257423
2437.61029257423
2437.61029257423
2437.61029257423
2437.61029257423
2437.61029257423
2437.61029257423
2437.61029257423
2437.61029257423
2437.61029257423
2437.61029257423
2437.61029257423
2437.61029257423
2437.61029257423
2437.61029257423
2437.61029257423
2437.61029257423
2437.61029257423
2437.61029257423
2437.61029257423
2437.61029257423
2437.61029257423
2437.61029257423
2437.61029257423
2437.61029257423
2441.10238676982
2441.10238676982
2441.10238676982
2441.10238676982
2441.10238676982
2441.10238676982
2441.10238676982
2441.10238676982
2441.10238676982
2441.10238676982
2441.10238676982
2441.10238676982
2441.10238676982
2441.10238676982
2441.10238676982
2441.10238676982
2441.10238676982
2441.10238676982
2441.10238676982
2441.10238676982
2441.10238676982
2441.10238676982
2441.10238676982
2441.10238676982
2441.10238676982
2441.10238676982
2441.10238676982
2441.10238676982
2441.10238676982
2441.10238676982
2441.10238676982
2441.10238676982
2441.10238676982
2441.10238676982
2441.10238676982
2441.10238676982
2441.10238676982
2441.10238676982
2441.10238676982
2441.10238676982
2441.10238676982
2441.10238676982
2441.10238676982
2441.10238676982
2441.10238676982
2441.10238676982
2441.10238676982
2441.10238676982
2441.10238676982
2441.10238676982
2441.10238676982
2441.10238676982
2441.10238676982
2441.10238676982
2441.10238676982
2441.10238676982
2441.10238676982
2441.10238676982
2441.10238676982
2441.10238676982
2441.10238676982
2441.10238676982
2441.10238676982
2441.10238676982
2441.10238676982
2441.10238676982
2441.10238676982
2441.10238676982
2441.10238676982
2441.10238676982
2441.10238676982
2441.10238676982
2441.10238676982
2441.10238676982
2441.10238676982
2442.83868145862
2442.83868145862
2442.83868145862
2442.83868145862
2442.83868145862
2442.83868145862
2442.83868145862
2442.83868145862
2442.83868145862
2442.83868145862
2442.83868145862
2442.83868145862
2442.83868145862
2442.83868145862
2442.83868145862
2442.83868145862
2442.83868145862
2442.83868145862
2442.83868145862
2442.83868145862
2442.83868145862
2442.83868145862
2442.83868145862
2442.83868145862
2442.83868145862
2442.83868145862
2442.83868145862
2442.83868145862
2442.83868145862
2442.83868145862
2442.83868145862
2442.83868145862
2442.83868145862
2442.83868145862
2442.83868145862
2442.83868145862
2442.83868145862
2442.83868145862
2442.83868145862
2442.83868145862
2442.83868145862
2442.83868145862
2442.83868145862
2442.83868145862
2442.83868145862
2442.83868145862
2442.83868145862
2442.83868145862
2442.83868145862
2442.83868145862
2442.83868145862
2442.83868145862
2442.83868145862
2442.83868145862

