1710.88087378678
1926.42328653124
2054.61695995206
2131.74724895952
2196.11204236161
2220.95858825461
2246.55714732138
2276.70354278042
2301.41120014394
2317.95721641282
2348.10077886237
2350.96734777995
2375.41436741878
2380.3073916757
2385.92780475538
2394.7836490937
2399.26118634881
2399.49730983361
2410.63331283149
2429.42907008397
2437.23720270355
2441.58435733061
2444.0006792904
2447.30922739851
2453.4296476609
2454.74794048278
2454.74794048278
2456.13890364485
2465.21955874896
2466.22186938111
2471.62700382724
2474.68697626698
2474.68697626698
2481.3017912167
2494.20110245046
2494.20110245046
2494.20110245046
2498.91132837359
2500.8321141406
2500.8321141406
2500.8321141406
2506.44003502908
2510.08039479169
2510.31920577324
2510.31920577324
2510.31920577324
2514.31336565657
2517.54596574371
2522.52716471968
2528.11904179895
2530.78498613179
2535.88284996139
2535.88284996139
2539.04085927681
2539.76544179056
2541.71310784987
2541.71310784987
2542.44682574119
2542.44682574119
2544.62340727603
2545.91838210706
2547.95827893557
2550.0470810935
2550.94287701579
2553.27107035892
2556.60060811839
2559.52895260279
2559.52895260279
2562.67266235825
2569.33704692109
2580.25450648842
2580.25450648842
2580.25450648842
2588.91061432761
2593.98385275499
2596.28855664273
2596.28855664273
2601.21204664722
2601.51455027753
2603.32115829176
2604.65737021793
2604.65737021793
2604.65737021793
2604.65737021793
2604.65737021793
2604.65737021793
2604.65737021793
2608.44169332084
2609.65551105164
2609.65551105164
2610.96264280383
2612.93532274685
2612.93532274685
2618.71687385433
2619.317311478
2624.46330263586
2624.46330263586
2624.46330263586
2631.09734205973
2631.29573160921
2633.22561149148
2634.79888894772
2634.79888894772
2635.5407366227
2636.55640113377
2636.55640113377
2640.88832101426
2641.325631132
2645.19829671771
2645.19829671771
2645.19829671771
2645.19829671771
2645.19829671771
2645.19829671771
2647.99237357339
2648.26824248177
2648.26824248177
2649.22730709277
2649.22730709277
2649.22730709277
2651.33218550003
2651.33218550003
2651.33218550003
2656.14185697154
2656.14185697154
2656.14185697154
2657.58153824035
2657.58153824035
2657.58153824035
2657.58153824035
2657.58153824035
2657.58153824035
2657.58153824035
2657.58153824035
2657.58153824035
2658.01384241189
2658.01384241189
2658.01384241189
2658.01384241189
2658.01384241189
2658.01384241189
2658.07956699926
2664.62308859909
2664.62308859909
2664.62308859909
2671.56745925774
2675.98964837365
2675.98964837365
2675.98964837365
2675.98964837365
2675.98964837365
2675.98964837365
2675.98964837365
2678.32650432479
2684.27957248039
2684.27957248039
2686.91473573679
2686.91473573679
2686.91473573679
2686.91473573679
2686.91473573679
2689.03385340026
2691.37832835002
2691.37832835002
2696.74755612818
2697.11423159922
2697.11423159922
2697.74191076523
2697.74191076523
2697.74191076523
2699.13212604428
2699.13212604428
2699.13212604428
2699.13212604428
2699.13212604428
2699.13212604428
2701.31024470151
2701.31024470151
2701.31024470151
2702.01632725556
2702.01632725556
2702.01632725556
2704.35045226845
2704.35045226845
2704.35045226845
2707.5742525831
2707.5742525831
2708.53898546671
2708.53898546671
2708.53898546671
2708.53898546671
2708.53898546671
2708.53898546671
2708.53898546671
2710.03248537847
2715.25173565039
2715.25173565039
2715.25173565039
2715.26855982636
2715.48146621683
2715.48146621683
2715.48146621683
2715.48146621683
2715.48146621683
2715.48146621683
2715.48146621683
2715.48146621683
2715.48146621683
2715.48146621683
2716.69785887408
2719.03426506576
2719.03426506576
2719.03426506576
2719.03426506576
2719.03426506576
2719.03426506576
2719.03426506576
2719.03426506576
2719.03426506576
2719.03426506576
2720.92267030833
2720.92267030833
2722.66862589572
2722.66862589572
2722.66862589572
2722.66862589572
2723.2046813087
2723.2046813087
2723.2046813087
2731.06217181535
2731.06217181535
2731.06217181535
2731.06217181535
2731.06217181535
2731.06217181535
2731.06217181535
2732.354146181
2732.354146181
2734.24910881652
2734.24910881652
2734.24910881652
2736.87935399149
2736.87935399149
2740.13440336216
2740.13440336216
2740.13440336216
2740.13440336216
2740.13440336216
2740.13440336216
2740.13440336216
2740.13440336216
2740.13440336216
2740.13440336216
2740.13440336216
2740.13440336216
2740.13440336216
2740.13440336216
2740.90796612148
2740.90796612148
2740.90796612148
2740.90796612148
2743.2646189092
2743.2646189092
2744.45158666493
2744.45158666493
2745.16045691834
2746.6210940717
2747.12459047827
2747.12459047827
2747.12459047827
2747.12459047827
2747.12459047827
2747.12459047827
2747.12459047827
2747.35205001215
2747.35205001215
2747.35205001215
2747.35205001215
2747.35205001215
2747.35205001215
2747.35205001215
2747.35205001215
2747.35205001215
2747.35205001215
2747.35205001215
2747.35205001215
2747.35205001215
2747.35205001215
2747.35205001215
2747.35205001215
2747.35205001215
2747.35205001215
2747.35205001215
2747.35205001215
2747.35205001215
2747.35205001215
2747.61071989598
2747.61071989598
2747.61071989598
2747.61071989598
2747.61071989598
2747.61071989598
2747.61071989598
2749.72837793525
2749.72837793525
2749.72837793525
2749.72837793525
2749.72837793525
2749.72837793525
2752.77030132346
2754.86124188331
2754.86124188331
2754.86124188331
2754.86124188331
2754.86124188331
2754.86124188331
2754.86124188331
2754.86124188331
2754.86124188331
2754.86124188331
2754.86124188331
2756.54214822773
2756.54214822773
2756.54214822773
2756.54214822773
2757.45239431317
2757.45239431317
2757.45239431317
2757.45239431317
2757.45239431317
2757.45239431317
2758.24573570754
2758.24573570754
2760.22620593758
2760.22620593758
2760.22620593758
2760.22620593758
2760.22620593758
2760.22620593758
2762.4267617366
2762.4267617366
2762.4267617366
2762.4267617366
2762.4267617366
2762.4267617366
2762.91808433265
2762.91808433265
2762.91808433265
2762.91808433265
2762.91808433265
2763.50096513699
2763.50096513699
2763.50096513699
2763.50096513699
2763.50096513699
2763.50096513699
2763.50096513699
2763.50096513699
2763.50096513699
2763.50096513699
2763.50096513699
2763.50096513699
2763.50096513699
2765.16881230454
2765.66729767024
2765.66729767024
2771.45911360321
2771.45911360321
2771.45911360321
2777.73977063636
2777.73977063636
2777.73977063636
2777.73977063636
2777.73977063636
2777.73977063636
2777.73977063636
2777.73977063636
2777.73977063636
2777.73977063636
2777.73977063636
2777.73977063636
2777.73977063636
2777.73977063636
2777.73977063636
2777.73977063636
2777.73977063636
2777.73977063636
2780.55832890716
2780.55832890716
2780.55832890716
2780.55832890716
2780.55832890716
2780.55832890716
2782.25713149811
2783.67771348382
2783.67771348382
2783.67771348382
2783.67771348382
2783.67771348382
2783.67771348382
2783.69773211953
2784.71067951278
2784.71067951278
2784.71067951278
2784.71067951278
2784.71067951278
2784.71067951278
2784.71067951278
2784.71067951278
2784.71067951278
2784.71067951278
2784.71067951278
2784.71067951278
2784.71067951278
2784.71067951278
2784.71067951278
2784.71067951278
2784.71067951278
2784.71067951278
2784.71067951278
2784.71067951278
2784.71067951278
2784.71067951278
2784.71067951278
2785.55323276373
2785.55323276373
2785.55323276373
2785.55323276373
2788.03094414959
2788.03094414959
2790.92002300787
2790.92002300787
2792.29247887854
2792.29247887854
2792.29247887854
2793.29092023411
2793.29092023411
2793.29092023411
2793.29092023411
2793.29092023411
2793.29092023411
2793.29092023411
2793.29092023411
2793.29092023411
2793.29092023411
2793.29092023411
2793.29092023411
2793.29092023411
2793.29092023411
2793.29092023411
2793.29092023411
2793.29092023411
2793.29092023411
2793.29092023411
2793.29092023411
2793.29092023411
2793.29092023411
2793.29092023411
2793.29092023411
2793.29092023411
2793.29092023411
2793.29092023411
2793.29092023411
2793.29092023411
2793.29092023411
2793.29092023411
2793.29092023411
2793.29092023411
2793.29092023411
2793.29092023411
2793.29092023411
2793.29092023411
2793.29092023411
2793.29092023411
2793.29092023411
2793.29092023411
2793.29092023411
2793.29092023411
2793.29092023411
2793.29092023411
2793.29092023411
2793.29092023411
2793.29092023411
2793.29092023411
2793.29092023411
2793.29092023411
2793.29092023411
2793.29092023411
2793.29092023411
2793.29092023411
2793.29092023411
2793.29092023411
2793.29092023411
2794.15571739355
2796.71971877914
2796.71971877914
2796.71971877914
2796.71971877914
2796.71971877914
2796.71971877914
2796.71971877914
2796.71971877914
2796.71971877914
2796.71971877914
2796.71971877914
2796.71971877914
2796.71971877914
2796.71971877914
2796.71971877914
2796.71971877914
2796.71971877914
2796.71971877914
2796.71971877914
2796.71971877914
2796.71971877914
2796.71971877914
2796.71971877914
2796.71971877914
2796.8432163947
2796.8432163947
2796.8432163947
2796.8432163947
2796.8432163947
2796.8432163947
2796.8432163947
2796.8432163947
2796.8432163947
2796.8432163947
2800.97843930713
2800.97843930713
2800.97843930713
2800.97843930713
2800.97843930713
2800.97843930713
2800.97843930713
2800.97843930713
2800.97843930713
2800.97843930713
2801.38168873232
2801.38168873232
2801.38168873232
2801.38168873232
2801.38168873232
2801.38168873232
2801.38168873232
2801.38168873232
2801.38168873232
2801.38168873232
2801.38168873232
2801.38168873232
2801.38168873232
2801.38168873232
2801.56880602777
2801.56880602777
2801.56880602777
2801.56880602777
2801.56880602777
2801.56880602777
2801.56880602777
2801.79214191995
2801.79214191995
2801.79214191995
2801.79214191995
2801.79214191995
2802.57986790075
2802.57986790075
2802.57986790075
2802.57986790075
2802.57986790075
2802.57986790075
2802.57986790075
2802.57986790075
2802.57986790075
2802.57986790075
2802.57986790075
2802.57986790075
2802.57986790075
2802.57986790075
2802.57986790075
2802.57986790075
2802.57986790075
2802.57986790075
2802.57986790075
2802.57986790075
2802.57986790075
2802.57986790075
2802.57986790075
2802.57986790075
2802.57986790075
2802.57986790075
2802.57986790075
2802.57986790075
2802.57986790075
2802.57986790075
2802.57986790075
2802.57986790075
2805.04050439915
2805.04050439915
2805.04050439915
2805.04050439915
2805.04050439915
2805.04050439915
2805.04050439915
2805.04050439915
2805.04050439915
2805.04050439915
2805.04050439915
2805.04050439915
2805.04050439915
2805.04050439915
2805.04050439915
2805.04050439915
2805.04050439915
2806.39594966013
2806.39594966013
2806.39594966013
2806.39594966013
2806.39594966013
2806.39594966013
2806.39594966013
2806.39594966013
2806.39594966013
2806.39594966013
2806.39594966013
2806.39594966013
2806.39594966013
2806.39594966013
2806.39594966013
2806.39594966013
2806.39594966013
2806.56629586878
2806.56629586878
2806.56629586878
2811.2579221021
2811.2579221021
2811.2579221021
2811.2579221021
2811.2579221021
2811.2579221021
2811.2579221021
2812.80526870729
2814.31010924835
2814.31010924835
2814.31010924835
2814.31010924835
2814.31010924835
2814.31010924835
2814.31010924835
2814.31010924835
2816.45943819891
2816.56950260894
2816.56950260894
2819.92932999328
2821.69673463455
2823.3027698775
2823.3027698775
2823.3027698775
2824.25465812296
2825.82573241149
2825.82573241149
2825.82573241149
2825.82573241149
2825.82573241149
2825.82573241149
2825.82573241149
2825.82573241149
2825.82573241149
2825.82573241149
2825.82573241149
2825.82573241149
2825.82573241149
2825.82573241149
2825.82573241149
2825.82573241149
2825.82573241149
2825.82573241149
2825.82573241149
2825.82573241149
2825.82573241149
2825.82573241149
2825.82573241149
2825.82573241149
2825.82573241149
2825.82573241149
2825.82573241149
2825.82573241149
2825.82573241149
2825.82573241149
2825.82573241149
2825.82573241149
2825.82573241149
2825.82573241149
2825.82573241149
2825.82573241149
2825.82573241149
2825.82573241149
2825.82573241149
2825.82573241149
2825.82573241149
2825.82573241149
2825.82573241149
2825.82573241149
2825.82573241149
2826.36841604072
2826.7727776135
2826.7727776135
2828.74956303619
2828.74956303619
2828.74956303619
2828.74956303619
2828.74956303619
2828.74956303619
2828.74956303619
2828.74956303619
2828.74956303619
2828.74956303619
2828.74956303619
2828.74956303619
2828.74956303619
2828.74956303619
2828.74956303619
2828.74956303619
2828.74956303619
2828.74956303619
2828.74956303619
2828.74956303619
2828.74956303619
2828.74956303619
2828.74956303619
2828.74956303619
2828.74956303619
2828.74956303619
2828.74956303619
2828.74956303619
2828.74956303619
2828.74956303619
2828.74956303619
2828.74956303619
2828.74956303619
2828.74956303619
2828.74956303619
2828.74956303619
2828.74956303619
2828.74956303619
2828.74956303619
2828.74956303619
2830.27986613026
2830.27986613026
2830.27986613026
2830.27986613026
2830.27986613026
2830.27986613026
2830.27986613026
2830.27986613026
2830.27986613026
2830.27986613026
2830.27986613026
2830.27986613026
2830.27986613026
2830.27986613026
2830.75942227188
2830.75942227188
2830.75942227188
2830.75942227188
2830.75942227188
2830.75942227188
2830.75942227188
2830.75942227188
2830.75942227188
2830.75942227188
2830.75942227188
2830.75942227188
2830.75942227188
2830.75942227188
2830.75942227188
2830.75942227188
2830.75942227188
2830.75942227188
2830.75942227188
2830.75942227188
2830.75942227188
2830.75942227188
2830.75942227188
2830.75942227188
2830.75942227188
2830.75942227188
2832.64754405709
2832.64754405709
2832.64754405709
2832.64754405709
2832.64754405709
2832.64754405709
2832.64754405709
2832.64754405709
2832.64754405709
2832.64754405709
2832.64754405709
2832.64754405709
2832.64754405709
2832.64754405709
2832.64754405709
2832.64754405709
2833.79308332601
2833.79308332601
2833.79308332601
2833.79308332601
2833.79308332601
2833.79308332601
2833.79308332601
2833.79308332601
2833.79308332601
2833.79308332601
2833.79308332601
2833.79308332601
2833.79308332601
2833.79308332601
2833.79308332601
2833.79308332601
2834.05446690858
2834.05446690858
2834.05446690858
2834.14103255374
2834.14103255374
2834.14103255374
2834.14103255374
2834.14103255374
2834.14103255374
2834.14103255374
2834.14103255374
2834.14103255374
2834.14103255374
2834.14103255374
2834.14103255374
2834.14103255374
2834.14103255374
2834.14103255374
2834.14103255374
2834.14103255374
2834.14103255374
2834.14103255374
2834.14103255374
2834.14103255374
2834.14103255374
2834.14103255374
2834.14103255374
2834.14103255374
2834.14103255374
2834.14103255374
2834.14103255374
2834.14103255374
2834.14103255374
2834.14103255374
2834.14103255374
2834.48095166805
2834.66054594116
2834.66054594116
2834.79267377881
2834.79267377881
2834.79267377881
2834.79267377881
2834.79267377881
2834.79267377881
2834.79267377881
2834.79267377881
2834.79267377881
2834.79267377881
2834.79267377881
2840.75987306529
2840.94159131739
2841.60079228738
2841.60079228738
2841.60079228738
2841.60079228738
2841.60079228738
2841.60079228738
2841.60079228738
2841.60079228738
2841.60079228738
2842.02939563791
2844.40741265844
2844.40741265844
2844.40741265844
2844.40741265844
2844.40741265844
2844.40741265844
2844.40741265844
2844.40741265844
2844.40741265844
2844.40741265844
2844.40741265844
2844.40741265844
2844.40741265844
2844.40741265844
2844.40741265844
2844.40741265844
2848.43267061481
2848.43267061481
2848.43267061481
2848.43267061481
2848.43267061481
2848.43267061481
2848.43267061481
2848.43267061481
2848.43267061481
2848.43267061481
2848.43267061481
2848.43267061481
2848.43267061481
2848.43267061481
2848.43267061481
2848.7532292065
2848.7532292065
2848.7532292065
2848.7532292065
2848.7532292065
2851.44980954332
2851.44980954332
2851.44980954332
2851.44980954332
2851.44980954332
2851.44980954332
2851.44980954332
2851.44980954332
2851.44980954332
2851.44980954332
2851.44980954332
2851.44980954332
2851.44980954332
2851.44980954332
2851.44980954332
2851.44980954332
2851.44980954332
2851.44980954332
2853.7230013293
2853.7230013293
2853.7230013293
2853.7230013293
2853.7230013293
2854.27530328255
2854.27530328255
2854.27530328255
2854.27530328255
2854.27530328255
2854.27530328255
2855.66721967932
2855.66721967932
2855.66721967932
2855.69798267442
2855.69798267442
2855.69798267442
2858.0027708828
2858.0027708828
2858.0027708828
2858.0027708828
2858.0027708828
2858.0027708828
2858.0027708828
2858.0027708828
2858.0027708828
2858.0027708828
2858.0027708828
2858.06683053659
2858.06683053659
2858.06683053659
2858.06683053659
2858.06683053659
2858.3798876245
2858.3798876245
2858.3798876245
2858.3798876245
2858.3798876245
2858.3798876245
2858.3798876245
2858.3798876245
2858.3798876245
2858.3798876245
2858.3798876245
2859.10274132281
2859.10274132281
2859.10274132281
2859.10274132281
2859.10274132281
2859.10274132281
2859.10274132281
2859.10274132281
2859.10274132281
2859.10274132281
2859.10274132281
2859.10274132281
2859.10274132281
2859.10274132281
2859.10274132281
2859.10274132281
2859.10274132281
2859.10274132281
2859.10274132281
2859.10274132281
2859.10274132281
2859.10274132281
2859.10274132281
2859.10274132281
2859.10274132281
2859.10274132281
2862.94176227081
2862.94176227081
2862.94176227081
2862.94176227081
2862.94176227081
2862.94176227081
2862.94176227081
2862.94176227081
2862.94176227081
2862.94176227081
2862.94176227081
2862.94176227081
2862.94176227081
2862.94176227081
2862.94176227081
2862.94176227081
2862.94176227081
2862.94176227081
2864.80449606933
2864.80449606933
2864.80449606933
2864.80449606933
2864.80449606933
2864.8881803008
2864.8881803008
2864.8881803008
2864.8881803008
2864.8881803008
2864.8881803008
2864.8881803008
2864.8881803008
2864.8881803008
2864.8881803008
2864.8881803008
2864.8881803008
2864.8881803008
2865.55508086237
2865.55508086237
2865.55508086237
2865.55508086237
2865.55508086237
2865.55508086237
2865.55508086237
2865.55508086237
2865.55508086237
2865.55508086237
2865.55508086237
2865.55508086237
2865.55508086237
2865.55508086237
2865.55508086237
2865.55508086237
2865.55508086237
2866.73958666331
2866.73958666331
2866.97680620474
2866.97680620474
2866.97680620474
2866.97680620474
2872.67634706313
2872.74076938385
2872.74076938385
2872.74076938385
2872.74076938385
2872.74076938385
2872.74076938385
2872.74076938385
2872.74076938385
2872.74076938385
2872.74076938385
2872.74076938385
2872.74076938385
2872.74076938385
2872.74076938385
2872.74076938385
2872.74076938385
2872.74076938385
2872.74076938385
2872.74076938385
2874.30065725154
2874.30065725154
2874.30065725154
2874.30065725154
2874.30065725154
2874.30065725154
2874.30065725154
2874.30065725154
2874.30065725154
2874.30065725154
2874.30065725154
2874.30065725154
2874.30065725154
2874.30065725154
2874.30065725154
2874.30065725154
2874.30065725154
2874.30065725154
2874.30065725154
2874.30065725154
2874.30065725154
2874.30065725154
2874.30065725154
2874.30065725154
2874.30065725154
2874.30065725154
2874.30065725154
2874.58342187617
2874.58342187617
2874.58342187617
2874.58342187617
2874.58342187617
2874.58342187617
2874.58342187617
2874.58342187617
2874.58342187617
2874.58342187617
2874.58342187617
2874.58342187617
2874.58342187617
2874.58342187617
2874.58342187617
2874.58342187617
2874.58342187617
2874.58342187617
2874.58342187617
2874.58342187617
2874.58342187617
2874.58342187617
2874.58342187617
2874.58342187617
2874.58342187617
2874.58342187617
2874.58342187617
2874.58342187617
2874.65742896153
2874.65742896153
2874.65742896153
2874.65742896153
2875.51093530459
2875.51093530459
2875.51093530459
2875.51093530459
2875.51093530459
2875.51093530459
2875.51093530459
2875.51093530459
2875.51093530459
2875.51093530459
2875.51093530459
2875.51093530459
2875.51093530459
2875.51093530459
2875.51093530459
2875.51093530459
2875.51093530459
2875.51093530459
2875.51093530459
2875.51093530459
2875.51093530459
2875.51093530459
2875.51093530459
2875.51093530459
2875.51093530459
2877.12441777694
2879.49724421057
2879.49724421057
2879.49724421057
2879.49724421057
2879.49724421057
2879.49724421057
2879.49724421057
2879.49724421057
2879.49724421057
2879.49724421057
2879.49724421057
2879.49724421057
2879.49724421057
2879.49724421057
2879.49724421057
2879.49724421057
2879.49724421057
2879.49724421057
2879.49724421057
2879.49724421057
2879.49724421057
2882.7549440278
2882.7549440278
2882.7549440278
2882.7549440278
2883.20358170977
2883.20358170977
2883.20358170977
2883.20358170977
2883.20358170977
2883.20358170977
2883.20358170977
2883.20358170977
2883.20358170977
2883.20358170977
2883.20358170977
2883.20358170977
2883.20358170977
2883.20358170977
2883.20358170977
2883.20358170977
2883.20358170977
2883.20358170977
2884.06432800243
2886.12411979422
2886.12411979422
2886.12411979422
2886.12411979422
2886.12411979422
2886.12411979422
2886.12411979422
2886.12411979422
2886.12411979422
2886.12411979422
2886.12411979422
2886.12411979422
2886.12411979422
2887.59697207056
2887.59697207056
2887.59697207056
2887.59697207056
2887.59697207056
2887.59697207056
2887.59697207056
2887.59697207056
2887.59697207056
2887.59697207056
2887.59697207056
2887.59697207056
2887.59697207056
2887.59697207056
2887.59697207056
2887.59697207056
2887.59697207056
2887.59697207056
2887.64409531412
2887.64409531412
2887.64409531412
2887.64409531412
2887.64409531412
2887.64409531412
2887.64409531412
2887.64409531412
2887.64409531412
2889.21933619358
2890.56987235972
2890.56987235972
2890.56987235972
2890.56987235972
2890.56987235972
2890.56987235972
2890.56987235972
2890.56987235972
2890.56987235972
2890.56987235972
2890.56987235972
2890.56987235972
2890.56987235972
2890.56987235972
2890.56987235972
2890.56987235972
2890.56987235972
2890.56987235972
2890.56987235972
2890.56987235972
2890.56987235972
2890.56987235972
2890.56987235972
2890.56987235972
2890.56987235972
2890.56987235972
2890.56987235972
2890.56987235972
2890.56987235972
2890.56987235972
2890.56987235972
2890.56987235972
2890.56987235972
2890.56987235972
2890.56987235972
2890.56987235972
2890.56987235972
2890.56987235972
2890.56987235972
2894.10975755856
2894.10975755856
2894.10975755856
2894.10975755856
2895.24147725725
2895.24147725725
2895.24147725725
2895.24147725725
2895.24147725725
2895.24147725725
2895.24147725725
2895.24147725725
2895.24147725725
2895.24147725725
2895.24147725725
2895.24147725725
2895.24147725725
2898.51424245926
2898.51424245926
2898.51424245926
2898.51424245926
2898.51424245926
2898.51424245926
2898.51424245926
2898.51424245926
2898.51424245926
2898.51424245926
2899.27783096332
2899.27783096332
2899.27783096332
2899.27783096332
2899.27783096332
2899.27783096332
2899.27783096332
2899.27783096332
2899.27783096332
2899.27783096332
2899.27783096332
2899.27783096332
2899.27783096332
2899.27783096332
2899.27783096332
2899.27783096332
2899.27783096332
2899.27783096332
2899.27783096332
2899.27783096332
2900.53959086431
2900.53959086431
2900.53959086431
2901.98000481914
2901.98000481914
2901.98000481914
2901.98000481914
2901.98000481914
2901.98000481914
2901.98000481914
2901.98000481914
2901.98000481914
2901.98000481914
2901.98000481914
2901.98000481914
2902.19963683065
2902.19963683065
2902.19963683065
2902.19963683065
2902.19963683065
2902.19963683065
2902.19963683065
2902.19963683065
2902.19963683065
2902.19963683065
2902.19963683065
2902.19963683065
2902.74437583529
2902.74437583529
2902.74437583529
2902.74437583529
2902.74437583529
2902.74437583529
2902.74437583529
2902.74437583529
2902.74437583529
2902.74437583529
2902.74437583529
2902.74437583529
2902.74437583529
2902.74437583529
2902.74437583529
2902.74437583529
2902.74437583529
2905.30637190297
2905.30637190297
2905.30637190297
2905.30637190297
2905.30637190297
2905.30637190297
2905.30637190297
2905.30637190297
2905.30637190297
2905.30637190297
2908.40599502963
2908.40599502963
2908.40599502963
2908.40599502963
2909.64774859248
2909.64774859248
2909.64774859248
2911.52894120086
2913.10655700705
2913.10655700705
2913.10655700705
2913.10655700705
2913.10655700705
2913.10655700705
2913.10655700705
2913.10655700705
2913.10655700705
2913.10655700705
2913.10655700705
2913.15075240045
2913.15075240045
2913.15075240045
2913.15075240045
2913.15075240045
2913.15075240045
2913.15075240045
2913.15075240045
2913.15075240045
2913.15075240045
2913.15075240045
2913.15075240045
2913.15075240045
2913.15075240045
2913.15075240045
2913.15075240045
2913.15075240045
2913.15075240045
2913.15075240045
2913.15075240045
2913.15075240045
2913.15075240045
2913.90655218002
2913.90655218002
2913.90655218002
2913.90655218002
2913.90655218002
2913.90655218002
2913.90655218002
2913.90655218002
2913.90655218002
2913.90655218002
2913.90655218002
2913.90655218002
2913.90655218002
2918.74019892703
2918.74019892703
2918.74019892703
2918.74019892703
2918.74019892703
2918.74019892703
2918.74019892703
2918.74019892703
2918.99345949293
2918.99345949293
2918.99345949293
2918.99345949293
2918.99345949293
2918.99345949293
2918.99345949293
2918.99345949293
2918.99345949293
2918.99345949293
2918.99345949293
2918.99345949293
2918.99345949293
2918.99345949293
2918.99345949293
2918.99345949293
2918.99345949293
2918.99345949293
2918.99345949293
2918.99345949293
2918.99345949293
2918.99345949293
2918.99345949293
2918.99345949293
2918.99345949293
2918.99345949293
2918.99345949293
2918.99345949293
2918.99345949293
2918.99345949293
2918.99345949293
2918.99345949293
2918.99345949293
2918.99345949293
2918.99345949293
2918.99345949293
2918.99345949293
2918.99345949293
2918.99345949293
2918.99345949293
2918.99345949293
2919.3943439671
2919.3943439671
2919.95158279789
2919.95158279789
2919.95158279789
2919.95158279789
2919.95158279789
2919.95158279789
2919.95158279789
2919.95158279789
2919.95158279789
2919.95158279789
2919.95158279789
2919.95158279789
2919.95158279789
2919.95158279789
2919.95158279789
2919.95158279789
2919.95158279789
2920.50417700773
2920.50417700773
2920.50417700773
2920.50417700773
2920.50417700773
2920.50417700773
2920.50417700773
2920.50417700773
2920.50417700773
2920.50417700773
2920.50417700773
2920.50417700773
2920.50417700773
2920.50417700773
2920.50417700773
2920.50417700773
2920.50417700773
2920.50417700773
2920.50417700773
2920.50417700773
2922.38415382854
2924.03204519357
2924.03204519357
2924.03204519357
2924.03204519357
2924.03204519357
2924.03204519357
2924.03204519357
2924.03204519357
2924.03204519357
2924.03204519357
2924.03204519357
2924.03204519357
2924.03204519357
2924.03204519357
2924.03204519357
2924.03204519357
2924.03204519357
2924.03204519357
2925.47047242155
2925.47047242155
2925.47047242155
2925.47047242155
2925.47047242155
2925.47047242155
2925.47047242155
2925.47047242155
2925.47047242155
2925.47047242155
2925.47047242155
2925.47047242155
2925.47047242155
2925.47047242155
2925.47047242155
2925.47047242155
2925.47047242155
2925.47047242155
2925.47047242155
2925.47047242155
2925.47047242155
2925.47047242155
2925.47047242155
2925.47047242155
2925.47047242155
2925.47047242155
2925.47047242155
2925.47047242155
2925.47047242155
2925.47047242155
2925.47047242155
2925.47047242155
2925.47047242155
2925.47047242155
2925.47047242155
2925.47047242155
2925.47047242155
2925.47047242155
2925.47047242155
2925.47047242155
2925.47047242155
2925.47047242155
2925.47047242155
2925.47047242155
2925.47047242155
2925.47047242155
2925.47047242155
2925.47047242155
2925.47047242155
2925.47047242155
2925.47047242155
2925.47047242155
2925.47047242155
2925.47047242155
2925.47047242155
2925.47047242155
2925.47047242155
2925.47047242155
2925.47047242155
2925.47047242155
2925.47047242155
2925.47047242155
2925.47047242155
2925.47047242155
2925.47047242155
2925.47047242155
2925.47047242155
2925.47047242155
2925.47047242155
2925.47047242155
2925.47047242155
2925.47047242155
2925.47047242155
2925.47047242155
2925.47047242155
2925.47047242155
2925.47047242155
2925.47047242155
2925.47047242155
2925.47047242155
2925.47047242155
2925.47047242155
2925.47047242155
2925.47047242155
2925.47047242155
2925.47047242155
2925.47047242155
2925.47047242155
2925.47047242155
2925.47047242155
2925.47047242155
2925.47047242155
2925.47047242155
2925.47047242155
2925.47047242155
2925.47047242155
2925.47047242155
2925.47047242155
2925.47047242155
2925.47047242155
2925.47047242155
2925.47047242155
2925.47047242155
2925.47047242155
2925.47047242155
2925.47047242155
2925.47047242155
2925.47047242155
2925.47047242155
2925.47047242155
2925.47047242155
2925.47047242155
2925.47047242155
2925.47047242155
2925.47047242155
2925.47047242155
2925.47047242155
2925.47047242155
2930.5137422671
2930.5137422671
2930.5137422671
2930.5137422671
2930.5137422671
2930.5137422671
2930.5137422671
2930.5137422671
2930.5137422671
2930.5137422671
2930.5137422671
2930.5137422671
2930.5137422671
2930.5137422671
2930.5137422671
2930.5137422671
2930.5137422671
2930.5137422671
2932.61961138343
2932.61961138343
2932.61961138343
2932.61961138343
2932.61961138343
2932.61961138343
2932.61961138343
2932.61961138343
2932.61961138343
2932.61961138343
2932.61961138343
2932.61961138343
2932.61961138343
2932.61961138343
2932.61961138343
2932.61961138343
2932.61961138343
2933.98736550503
2933.98736550503
2933.98736550503
2933.98736550503
2933.98736550503
2933.98736550503
2933.98736550503
2933.98736550503
2933.98736550503
2933.98736550503
2933.98736550503
2933.98736550503
2933.98736550503
2933.98736550503
2933.98736550503
2933.98736550503
2933.98736550503
2933.98736550503
2933.98736550503
2933.98736550503
2933.98736550503
2933.98736550503
2933.98736550503
2933.98736550503
2933.98736550503
2933.98736550503
2933.98736550503
2933.98736550503
2933.98736550503
2933.98736550503
2933.98736550503
2933.98736550503
2933.98736550503
2933.98736550503
2933.98736550503
2933.98736550503
2933.98736550503
2933.98736550503
2933.98736550503
2933.98736550503
2933.98736550503
2933.98736550503
2933.98736550503
2933.98736550503
2933.98736550503
2933.98736550503
2934.21459960484
2934.21459960484
2934.21459960484
2934.21459960484
2934.21459960484
2934.21459960484
2934.21459960484
2934.21459960484
2934.21459960484
2934.21459960484
2934.21459960484
2934.21459960484
2934.21459960484
2934.21459960484
2934.21459960484
2934.21459960484
2943.5206705647
2943.5206705647
2943.5206705647
2943.5206705647
2943.5206705647
2943.5206705647
2943.5206705647
2943.60925459631
2943.60925459631
2943.60925459631
2943.60925459631
2943.60925459631
2943.60925459631
2943.60925459631
2943.60925459631
2943.60925459631
2943.60925459631
2943.60925459631
2943.60925459631
2943.60925459631
2943.60925459631
2943.60925459631
2943.60925459631
2943.60925459631
2943.60925459631
2943.60925459631
2943.60925459631
2943.60925459631
2946.80862511661
2946.80862511661
2946.80862511661
2946.80862511661
2946.80862511661
2946.80862511661
2946.80862511661
2946.80862511661
2946.80862511661
2946.80862511661
2946.80862511661
2946.80862511661
2946.80862511661
2946.80862511661
2946.80862511661
2946.80862511661
2946.80862511661
2946.80862511661
2946.80862511661
2946.80862511661
2946.80862511661
2946.80862511661
2946.85175158583
2947.10656245027
2947.10656245027
2947.10656245027
2947.10656245027
2947.10656245027
2947.10656245027
2947.10656245027
2947.10656245027
2947.10656245027
2947.10656245027
2947.10656245027
2947.10656245027
2947.10656245027
2947.10656245027
2947.10656245027
2947.10656245027
2947.10656245027
2947.10656245027
2947.10656245027
2947.10656245027
2947.10656245027
2947.87948507745
2947.87948507745
2947.87948507745
2947.87948507745
2947.87948507745
2947.87948507745
2947.87948507745
2947.87948507745
2947.87948507745
2947.87948507745
2947.87948507745
2947.87948507745
2947.87948507745
2947.87948507745
2947.87948507745
2947.87948507745
2948.25335347215
2948.25335347215
2948.25335347215
2948.25335347215
2948.25335347215
2948.25335347215
2948.25335347215
2948.25335347215
2948.25335347215
2948.25335347215
2948.25335347215
2949.04562145741
2949.45200074497
2949.45200074497
2949.45200074497
2949.45200074497
2949.45200074497
2949.45200074497
2949.45200074497
2949.45200074497
2949.45200074497
2949.45200074497
2949.45200074497
2949.45200074497
2949.45200074497
2949.45200074497
2949.45200074497
2949.45200074497
2949.45200074497
2949.45200074497
2949.45200074497
2949.45200074497
2949.99515185661
2949.99515185661
2949.99515185661
2949.99515185661
2949.99515185661
2949.99515185661
2949.99515185661
2949.99515185661
2949.99515185661
2950.05182643037
2951.25814703175
2951.25814703175
2951.25814703175
2951.25814703175
2951.25814703175
2951.25814703175
2951.25814703175
2951.25814703175
2951.25814703175
2951.25814703175
2953.5136435132
2953.5136435132
2953.5136435132
2955.34770729663
2955.4993992144
2955.4993992144
2955.4993992144
2955.4993992144
2955.4993992144
2955.4993992144
2955.4993992144
2955.4993992144
2955.4993992144
2955.4993992144
2959.76651949841
2959.76651949841
2959.76651949841
2959.76651949841
2959.76651949841
2959.76651949841
2959.76651949841
2959.76651949841
2959.76651949841
2959.76651949841
2959.92917695677
2959.9539516881
2959.9539516881
2959.9539516881
2959.9539516881
2959.9539516881
2959.9539516881
2959.9539516881
2960.27577491981
2960.27577491981
2960.27577491981
2960.27577491981
2961.01930167411
2961.01930167411
2961.01930167411
2961.01930167411
2961.01930167411
2961.01930167411
2961.01930167411
2966.09822679114
2966.23719387424
2966.23719387424
2966.23719387424
2966.23719387424
2966.23719387424
2966.23719387424
2966.23719387424
2966.23719387424
2966.23719387424
2966.23719387424
2966.23719387424
2966.23719387424
2966.23719387424
2966.23719387424
2966.23719387424
2966.23719387424
2966.23719387424
2966.23719387424
2966.23719387424
2966.23719387424
2966.23719387424
2966.23719387424
2966.23719387424
2966.23719387424
2966.23719387424
2966.23719387424
2966.23719387424
2968.5914848103
2968.5914848103
2968.5914848103
2968.5914848103
2968.5914848103
2968.5914848103
2968.5914848103
2968.71572252203
2968.71572252203
2968.71572252203
2968.71572252203
2968.71572252203
2968.71572252203
2968.71572252203
2968.71572252203
2968.71572252203
2968.71572252203
2968.71572252203
2968.71572252203
2968.71572252203
2968.71572252203
2969.59537382854
2969.59537382854
2969.59537382854
2969.59537382854
2969.59537382854
2969.63076968239
2969.63076968239
2970.14364200557
2971.45556724764
2971.45556724764
2971.45556724764
2971.45556724764
2971.45556724764
2971.45556724764
2971.45556724764
2971.45556724764
2971.45556724764
2971.45556724764
2971.45556724764
2971.45556724764
2971.45556724764
2971.45556724764
2971.45556724764
2971.45556724764
2971.45556724764
2971.45556724764
2971.55782285566
2971.55782285566
2971.55782285566
2971.55782285566
2972.12692370232
2972.12692370232
2972.12692370232
2972.12692370232
2972.12692370232
2972.12692370232
2972.12692370232
2972.12692370232
2972.12692370232
2972.12692370232
2972.12692370232
2972.12692370232
2972.12692370232
2972.12692370232
2972.12692370232
2972.12692370232
2972.12692370232
2972.12692370232
2972.12692370232
2972.12692370232
2972.12692370232
2972.12692370232
2972.12692370232
2972.12692370232
2972.12692370232
2972.12692370232
2972.12692370232
2972.12692370232
2972.12692370232
2972.12692370232
2972.12692370232
2972.12692370232
2972.12692370232
2972.12692370232
2972.12692370232
2977.50078052143
2977.50078052143
2977.50078052143
2977.50078052143
2977.50078052143
2977.50078052143
2977.50078052143
2977.50078052143
2977.50078052143
2977.50078052143
2977.50078052143
2977.50078052143
2977.50078052143
2977.50078052143
2977.50078052143
2977.50078052143
2977.50078052143
2977.50078052143
2977.50078052143
2977.50078052143
2977.50078052143
2977.50078052143
2977.50078052143
2977.50078052143
2977.50078052143
2977.50078052143
2977.50078052143
2977.50078052143
2977.50078052143
2977.50078052143
2977.50078052143
2977.50078052143
2977.50078052143
2977.50078052143
2977.50078052143
2977.50078052143
2977.50078052143
2977.50078052143
2977.50078052143
2977.50078052143
2977.50078052143
2983.50717288614
2983.50717288614
2983.50717288614
2983.50717288614
2983.50717288614
2983.50717288614
2983.50717288614
2983.50717288614
2983.50717288614
2983.50717288614
2983.50717288614
2983.50717288614
2983.50717288614
2983.50717288614
2983.50717288614
2983.50717288614
2983.50717288614
2983.50717288614
2983.50717288614
2983.50717288614
2983.50717288614
2983.50717288614
2983.50717288614
2983.50717288614
2983.50717288614
2983.50717288614
2983.50717288614
2983.50717288614
2983.50717288614
2983.50717288614
2983.50717288614
2983.50717288614
2983.50717288614
2983.50717288614
2983.50717288614
2983.50717288614
2983.50717288614
2983.50717288614
2983.50717288614
2983.50717288614
2983.50717288614
2983.50717288614
2983.50717288614
2983.50717288614
2983.50717288614
2983.50717288614
2983.50717288614
2983.50717288614
2983.50717288614
2983.50717288614
2983.50717288614
2983.50717288614
2983.50717288614
2983.50717288614
2983.50717288614
2983.50717288614
2983.50717288614
2983.50717288614
2983.50717288614
2983.50717288614
2983.50717288614
2987.27059513101
2987.27059513101
2987.27059513101
2987.27059513101
2987.27059513101
2987.27059513101
2987.27059513101
2987.27059513101
2987.27059513101
2987.27059513101
2987.27059513101
2987.27059513101
2987.27059513101
2987.27059513101
2987.27059513101
2987.27059513101
2987.27059513101
2987.27059513101
2987.27059513101
2987.27059513101
2987.27059513101
2987.27059513101
2987.27059513101
2987.27059513101
2987.27059513101
2987.27059513101
2987.27059513101
2987.27059513101
2987.27059513101
2987.27059513101
2987.27059513101
2987.27059513101
2987.27059513101
2987.27059513101
2987.27059513101
2987.27059513101
2987.27059513101
2987.27059513101
2987.27059513101
2987.27059513101
2987.27059513101
2987.27059513101
2987.27059513101
2987.27059513101
2987.27059513101
2987.27059513101
2987.27059513101
2987.27059513101
2987.27059513101
2987.27059513101
2987.27059513101
2987.27059513101
2987.27059513101
2987.27059513101
2987.27059513101
2987.27059513101
2987.27059513101
2987.27059513101
2987.27059513101
2987.27059513101
2987.27059513101
2987.27059513101
2987.27059513101
2987.27059513101
2987.27059513101
2987.27059513101
2987.78616505641
2987.78616505641
2987.78616505641
2987.78616505641
2987.78616505641
2987.78616505641
2987.78616505641
2987.78616505641
2987.78616505641
2987.78616505641
2987.78616505641
2987.78616505641
2987.78616505641
2987.78616505641
2987.78616505641
2987.78616505641
2987.78616505641
2987.78616505641
2987.78616505641
2987.78616505641
2987.78616505641
2987.78616505641
2987.78616505641
2990.63330582033
2990.63330582033
2990.63330582033
2990.63330582033
2990.63330582033
2990.63330582033
2990.63330582033
2990.63330582033
2990.63330582033
2990.63330582033
2990.63330582033
2990.63330582033
2990.63330582033
2990.63330582033
2990.63330582033
2990.63330582033
2990.63330582033
2990.63330582033
2990.63330582033
2990.63330582033
2990.63330582033
2990.63330582033
2990.63330582033
2990.63330582033
2990.63330582033
2990.63330582033
2990.63330582033
2990.63330582033
2990.63330582033
2990.63330582033
2991.13361775726
2991.13361775726
2991.13361775726
2991.13361775726
2992.25431716709
2992.34171332347
2992.34171332347
2992.34171332347
2992.34171332347
2992.34171332347
2992.34171332347
2992.34171332347
2992.34171332347
2992.34171332347
2992.34171332347
2992.34171332347
2992.34171332347
2992.34171332347
2992.34171332347
2992.34171332347
2992.34171332347
2992.34171332347
2992.34171332347
2992.34171332347
2992.34171332347
2992.34171332347
2992.34171332347
2992.34171332347
2992.34171332347
2992.34171332347
2992.34171332347
2992.34171332347
2992.34171332347
2992.34171332347
2992.34171332347
2992.34171332347
2992.34171332347
2992.34171332347
2992.34171332347
2992.34171332347
2992.34171332347
2992.34171332347
2992.34171332347
2992.34171332347
2992.34171332347
2992.34171332347
2992.34171332347
2992.34171332347
2992.34171332347
2992.34171332347
2992.34171332347
2992.34171332347
2992.34171332347
2992.34171332347
2992.34171332347
2992.34171332347
2992.34171332347
2995.26526298691
2995.26526298691
2996.50862378991
2996.50862378991
2996.50862378991
2996.50862378991
2997.56546699054
2997.56546699054
2997.56546699054
2997.56546699054
2997.56546699054
2997.56546699054
2997.56546699054
2997.56546699054
2997.56546699054
2997.56546699054
2997.56546699054
2997.56546699054
2997.56546699054
2997.56546699054
2997.56546699054
2997.56546699054
2997.56546699054
2997.56546699054
2997.56546699054
2997.56546699054
2997.56546699054
2997.56546699054
2997.68399175264
2997.68399175264
2997.68399175264
2997.68399175264
2997.68399175264
2997.68399175264
2997.85145645296
2997.85145645296
2997.85145645296
2997.85145645296
2997.85145645296
2997.85145645296
2997.85145645296
2997.85145645296
2997.85145645296
2997.85145645296
2997.85145645296
2997.85145645296
2997.85145645296
2997.85145645296
2997.85145645296
2997.85145645296
2997.85145645296
2997.85145645296
2997.85145645296
2997.85145645296
2997.85145645296
2997.85145645296
2997.85145645296
2997.85145645296
2997.85145645296
2997.85145645296
2997.85145645296
2997.85145645296
2997.85145645296
2997.85145645296
2997.85145645296
2997.85145645296
2997.85145645296
2997.85145645296
2997.85145645296
2998.21694881727
2998.21694881727
2998.21694881727
2998.21694881727
2998.21694881727
2998.21694881727
2998.21694881727
2998.21694881727
2998.21694881727
2998.21694881727
2998.21694881727
3001.47050950679
3001.47050950679
3001.47050950679
3001.47050950679
3001.47050950679
3001.47050950679
3001.47050950679
3001.47050950679
3001.47050950679
3001.47050950679
3001.47050950679
3001.47050950679
3001.47050950679
3001.47050950679
3001.47050950679
3001.47050950679
3001.47050950679
3001.47050950679
3001.47050950679
3001.47050950679
3001.47050950679
3001.47811505234
3001.47811505234
3001.47811505234
3001.47811505234
3001.47811505234
3001.47811505234
3001.47811505234
3001.47811505234
3001.47811505234
3001.47811505234
3001.47811505234
3001.47811505234
3001.47811505234
3001.47811505234
3001.47811505234
3001.47811505234
3001.47811505234
3001.47811505234
3001.47811505234
3001.47811505234
3001.47811505234
3001.47811505234
3001.47811505234
3001.47811505234
3001.47811505234
3001.47811505234
3001.47811505234
3001.47811505234
3001.47811505234
3001.47811505234
3001.47811505234
3002.71044933097
3002.71044933097
3002.71044933097
3002.71044933097
3002.71044933097
3002.71044933097
3002.71044933097
3002.71044933097
3002.71044933097
3002.71044933097
3002.71044933097
3003.73150073036
3003.73150073036
3003.73150073036
3003.73150073036
3003.73150073036
3003.73150073036
3004.33231274434
3004.33231274434
3004.33231274434
3004.33231274434
3004.33231274434
3004.33231274434
3004.33231274434
3004.33231274434
3004.33231274434
3004.33231274434
3004.33231274434
3004.33231274434
3004.33231274434
3004.33231274434
3004.33231274434
3004.33231274434
3004.33231274434
3004.33231274434
3004.33231274434
3004.33231274434
3004.33231274434
3004.33231274434
3006.44079486486
3009.04705125465
3009.04705125465
3009.04705125465
3009.04705125465
3009.04705125465
3009.04705125465
3009.04705125465
3009.04705125465
3009.04705125465
3009.04705125465
3009.04705125465
3009.04705125465
3009.04705125465
3009.04705125465
3009.04705125465
3009.04705125465
3009.04705125465
3009.04705125465
3009.04705125465
3009.04705125465
3009.04705125465
3009.04705125465
3009.04705125465
3009.04705125465
3009.04705125465
3009.42317585119
3009.42317585119
3009.42317585119
3009.42317585119
3009.42317585119
3009.42317585119
3009.42317585119
3009.42317585119
3009.42317585119
3009.42317585119
3009.42317585119
3009.42317585119
3009.42317585119
3009.42317585119
3009.42317585119
3009.42317585119
3009.42317585119
3009.42317585119
3010.67258799341
3010.67258799341
3010.67258799341
3010.67258799341
3010.67258799341
3010.67258799341
3010.67258799341
3010.67258799341
3010.67258799341
3010.67258799341
3010.67258799341
3010.67258799341
3010.67258799341
3010.67258799341
3010.67258799341
3010.67258799341
3010.67258799341
3010.67258799341
3010.67258799341
3010.67258799341
3010.67258799341
3010.67258799341
3010.67258799341
3010.67258799341
3010.67258799341
3010.67258799341
3010.67258799341
3010.95991230214
3010.95991230214
3010.95991230214
3010.95991230214
3010.95991230214
3010.95991230214
3010.95991230214
3011.7207025787
3011.7207025787
3011.7207025787
3011.7207025787
3011.7207025787
3011.7207025787
3011.7207025787
3011.7207025787
3012.4899973649
3012.4899973649
3012.4899973649
3012.4899973649
3012.4899973649
3012.4899973649
3012.4899973649
3012.4899973649
3012.4899973649
3012.4899973649
3012.4899973649
3012.4899973649
3012.4899973649
3012.4899973649
3012.4899973649
3012.4899973649
3012.4899973649
3012.4899973649
3012.4899973649
3012.4899973649
3012.4899973649
3012.4899973649
3017.47555073689
3017.47555073689
3017.47555073689
3017.47555073689
3017.47555073689
3017.47555073689
3017.47555073689
3017.47555073689
3017.47555073689
3017.47555073689
3017.47555073689
3017.47555073689
3017.47555073689
3017.47555073689
3017.47555073689
3017.47555073689
3017.47555073689
3017.47555073689
3017.82828323914
3018.79928370801
3018.79928370801
3018.79928370801
3018.79928370801
3018.79928370801
3018.79928370801
3018.79928370801
3018.79928370801
3018.79928370801
3018.79928370801
3018.79928370801
3018.79928370801
3018.79928370801
3018.79928370801
3020.06236542041
3020.06236542041
3020.06236542041
3020.06236542041
3020.06236542041
3020.5624658746
3021.28919484264
3021.28919484264
3022.07067502303
3023.4524123318
3023.4524123318
3023.4524123318
3023.4524123318
3023.4524123318
3023.4524123318
3025.34602085371
3025.34602085371
3025.34602085371
3025.34602085371
3025.34602085371
3025.34602085371
3025.34602085371
3025.34602085371
3025.34602085371
3025.34602085371
3025.34602085371
3025.34602085371
3025.34602085371
3025.34602085371
3025.34602085371
3025.34602085371
3025.34602085371
3025.34602085371
3025.34602085371
3025.34602085371
3025.34602085371
3025.34602085371
3025.34602085371
3025.34602085371
3025.34602085371
3025.34602085371
3025.34602085371
3025.34602085371
3025.34602085371
3025.34602085371
3025.34602085371
3025.34602085371
3025.34602085371
3025.34602085371
3025.34602085371
3025.34602085371
3025.34602085371
3025.34602085371
3025.34602085371
3025.34602085371
3025.34602085371
3025.34602085371
3025.34602085371
3025.34602085371
3025.34602085371
3025.34602085371
3025.34602085371
3025.34602085371
3025.34602085371
3025.34602085371
3025.34602085371
3025.34602085371
3025.34602085371
3025.34602085371
3025.34602085371
3025.34602085371
3025.34602085371
3025.34602085371
3025.34602085371
3025.34602085371
3025.34602085371
3025.34602085371
3025.34602085371
3025.34602085371
3025.34602085371
3025.34602085371
3025.34602085371
3025.34602085371
3025.34602085371
3025.34602085371
3025.34602085371
3025.34602085371
3025.34602085371
3025.34602085371
3025.34602085371
3025.34602085371
3025.34602085371
3025.34602085371
3025.34602085371
3025.34602085371
3025.34602085371
3025.34602085371
3025.34602085371
3025.34602085371
3025.34602085371
3025.34602085371
3025.34602085371
3025.34602085371
3025.34602085371
3025.34602085371
3025.34602085371
3026.68356474889
3026.68356474889
3026.68356474889
3027.47188864224
3027.91356870961
3027.91356870961
3027.91356870961
3027.91356870961
3027.91356870961
3027.91356870961
3027.91356870961
3027.91356870961
3027.91356870961
3027.91356870961
3027.91356870961
3027.91356870961
3027.91356870961
3027.91356870961
3027.91356870961
3027.91356870961
3027.91356870961
3027.91356870961
3027.91356870961
3027.91356870961
3027.91356870961
3027.91356870961
3027.91356870961
3027.91356870961
3027.91356870961
3027.91356870961
3027.91356870961
3027.91356870961
3028.26303407065
3028.26303407065
3028.26303407065
3028.26303407065
3028.26303407065
3028.26303407065
3028.26303407065
3028.26303407065
3028.26303407065
3028.26303407065
3028.26303407065
3028.26303407065
3028.26303407065
3028.41828557181
3028.41828557181
3028.41828557181
3028.41828557181
3028.41828557181
3028.41828557181
3028.41828557181
3028.41828557181
3028.41828557181
3028.41828557181
3028.41828557181
3028.41828557181
3028.41828557181
3028.41828557181
3028.41828557181
3028.41828557181
3028.41828557181
3028.41828557181
3030.0181609597
3030.55306613485
3030.55306613485
3030.55306613485
3030.55306613485
3030.55306613485
3030.55306613485
3030.55306613485
3030.55306613485
3030.55306613485
3030.55306613485
3030.55306613485
3030.55306613485
3030.55306613485
3030.55306613485
3030.55306613485
3030.55306613485
3030.55306613485
3030.55306613485
3030.55306613485
3030.55306613485
3036.16642081351
3036.16642081351
3036.16642081351
3036.16642081351
3036.16642081351
3036.16642081351
3036.16642081351
3036.16642081351
3036.16642081351
3036.16642081351
3036.16642081351
3036.16642081351
3036.16642081351
3036.16642081351
3036.16642081351
3036.16642081351
3036.16642081351
3036.16642081351
3036.16642081351
3036.16642081351
3036.16642081351
3036.16642081351
3036.16642081351
3036.16642081351
3036.16642081351
3036.16642081351
3036.16642081351
3036.16642081351
3036.16642081351
3036.16642081351
3036.16642081351
3036.16642081351
3036.16642081351
3036.16642081351
3036.16642081351
3036.16642081351
3036.16642081351
3036.16642081351
3036.16642081351
3036.16642081351
3036.16642081351
3036.16642081351
3036.16642081351
3036.16642081351
3036.16642081351
3036.16642081351
3036.16642081351
3036.16642081351
3036.16642081351
3036.16642081351
3036.16642081351
3036.16642081351
3039.44071473989
3039.44071473989
3039.44071473989
3039.44071473989
3039.44071473989
3039.44071473989
3039.44071473989
3039.44071473989
3039.44071473989
3039.44071473989
3039.44071473989
3039.6829444924
3039.6829444924
3039.6829444924
3039.6829444924
3039.6829444924
3039.6829444924
3039.6829444924
3039.6829444924
3039.6829444924
3039.6829444924
3039.6829444924
3039.6829444924
3039.6829444924
3039.6829444924
3039.6829444924
3039.6829444924
3039.99992947129
3039.99992947129
3039.99992947129
3040.05689049739
3041.4655924693
3041.67216382103
3041.67216382103
3041.67216382103
3041.67216382103
3041.67216382103
3041.84501345916
3041.84501345916
3041.84501345916
3041.84501345916
3041.84501345916
3041.84501345916
3042.4162454765
3042.4162454765
3042.4162454765
3042.4162454765
3042.4162454765
3043.00946129583
3043.00946129583
3043.00946129583
3043.00946129583
3043.00946129583
3043.00946129583
3043.00946129583
3044.29612064682
3044.29612064682
3044.29612064682
3044.29612064682
3044.29612064682
3044.29612064682
3044.29612064682
3044.29612064682
3044.29612064682
3044.29612064682
3044.29612064682
3044.29612064682
3044.29612064682
3044.29612064682
3044.29612064682
3044.29612064682
3044.29612064682
3044.29612064682
3044.29612064682
3044.29612064682
3044.29612064682
3044.29612064682
3044.29612064682
3044.29612064682
3044.29612064682
3044.29612064682
3044.29612064682
3044.29612064682
3044.29612064682
3044.29612064682
3044.29612064682
3044.29612064682
3044.29612064682
3044.29612064682
3044.29612064682
3044.29612064682
3044.29612064682
3044.29612064682
3044.29612064682
3044.29612064682
3044.29612064682
3045.73614779822
3045.73614779822
3045.73614779822
3045.73614779822
3045.73614779822
3045.73614779822
3045.73614779822
3045.73614779822
3045.73614779822
3045.73614779822
3045.73614779822
3045.73614779822
3045.73614779822
3045.73614779822
3045.73614779822
3045.73614779822
3045.73614779822
3045.73614779822
3045.73614779822
3045.73614779822
3045.73614779822
3045.73614779822
3045.73614779822
3045.73614779822
3045.73614779822
3045.73614779822
3045.73614779822
3045.73614779822
3045.73614779822
3045.73614779822
3045.73614779822
3045.73614779822
3045.73614779822
3045.73614779822
3045.73614779822
3045.73614779822
3045.73614779822
3045.73614779822
3045.73614779822
3045.73614779822
3045.73614779822
3045.73614779822
3045.73614779822
3047.68408403276
3047.68408403276
3047.68408403276
3047.68408403276
3047.68408403276
3047.68408403276
3047.68408403276
3047.68408403276
3047.68408403276
3047.68408403276
3047.68408403276
3047.68408403276
3047.68408403276
3047.68408403276
3047.68408403276
3047.68408403276
3047.68408403276
3047.68408403276
3047.68408403276
3047.68408403276
3047.68408403276
3047.68408403276
3047.68408403276
3047.68408403276
3047.68408403276
3047.68408403276
3047.68408403276
3047.68408403276
3049.51436387907
3049.51436387907
3049.51436387907
3049.51436387907
3049.51436387907
3049.51436387907
3049.51436387907
3049.51436387907
3049.51436387907
3049.51436387907
3049.51436387907
3049.51436387907
3049.51436387907
3049.51436387907
3049.51436387907
3049.51436387907
3049.51436387907
3049.51436387907
3049.51436387907
3049.51436387907
3049.51436387907
3049.51436387907
3049.51436387907
3049.51436387907
3049.51436387907
3049.51436387907
3049.51436387907
3049.51436387907
3049.51436387907
3049.51436387907
3049.51436387907
3049.51436387907
3049.51436387907
3049.51436387907
3049.51436387907
3049.51436387907
3049.51436387907
3049.51436387907
3049.51436387907
3049.51436387907
3049.51436387907
3049.51436387907
3049.51436387907
3049.51436387907
3049.51436387907
3050.91534102551
3050.91534102551
3050.91534102551
3050.91534102551
3050.91534102551
3050.91534102551
3050.91534102551
3050.91534102551
3050.91534102551
3050.91534102551
3050.91534102551
3050.91534102551
3050.91534102551
3050.91534102551
3050.91534102551
3050.91534102551
3050.91534102551
3050.91534102551
3050.91534102551
3050.91534102551
3050.91534102551
3050.91534102551
3050.91534102551
3050.91534102551
3050.91534102551
3050.91534102551
3050.91534102551
3050.91534102551
3050.91534102551
3050.91534102551
3050.91534102551
3050.91534102551
3050.91534102551
3053.05281096721
3053.05281096721
3053.05281096721
3053.05281096721
3053.05281096721
3053.05281096721
3053.05281096721
3053.05281096721
3053.05281096721
3053.05281096721
3053.05281096721
3053.05281096721
3053.05281096721
3053.05281096721
3053.05281096721
3053.05281096721
3053.05281096721
3053.05281096721
3053.05281096721
3053.05281096721
3053.05281096721
3053.05281096721
3053.05281096721
3053.05281096721
3053.05281096721
3053.05281096721
3053.05281096721
3053.05281096721
3053.05281096721
3053.05281096721
3053.05281096721
3053.05281096721
3053.05281096721
3053.05281096721
3053.05281096721
3053.05281096721
3055.60783792315
3055.99082832851
3055.99082832851
3055.99082832851
3055.99082832851
3055.99082832851
3055.99082832851
3055.99082832851
3055.99082832851
3055.99082832851
3055.99082832851
3055.99082832851
3055.99082832851
3055.99082832851
3055.99082832851
3055.99082832851
3055.99082832851
3055.99082832851
3055.99082832851
3055.99082832851
3055.99082832851
3055.99082832851
3055.99082832851
3055.99082832851
3055.99082832851
3055.99082832851
3055.99082832851
3055.99082832851
3055.99082832851
3055.99082832851
3055.99082832851
3055.99082832851
3055.99082832851
3055.99082832851
3055.99082832851
3055.99082832851
3055.99082832851
3055.99082832851
3055.99082832851
3055.99082832851
3055.99082832851
3055.99082832851
3055.99082832851
3055.99082832851
3055.99082832851
3055.99082832851
3055.99082832851
3055.99082832851
3055.99082832851
3055.99082832851
3055.99082832851
3055.99082832851
3055.99082832851
3055.99082832851
3055.99082832851
3055.99082832851
3055.99082832851
3055.99082832851
3055.99082832851
3055.99082832851
3055.99082832851
3055.99082832851
3055.99082832851
3055.99082832851
3055.99082832851
3055.99082832851
3055.99082832851
3055.99082832851
3055.99082832851
3055.99082832851
3055.99082832851
3055.99082832851
3055.99082832851
3055.99082832851
3055.99082832851
3055.99082832851
3055.99082832851
3055.99082832851
3055.99082832851
3055.99082832851
3055.99082832851
3055.99082832851
3055.99082832851
3055.99082832851
3055.99082832851
3055.99082832851
3055.99082832851
3055.99082832851
3055.99082832851
3055.99082832851
3055.99082832851
3055.99082832851
3055.99082832851
3055.99082832851
3055.99082832851
3055.99082832851
3055.99082832851
3055.99082832851
3055.99082832851
3055.99082832851
3055.99082832851
3055.99082832851
3055.99082832851
3055.99082832851
3055.99082832851
3055.99082832851
3055.99082832851
3055.99082832851
3055.99082832851
3055.99082832851
3055.99082832851
3055.99082832851
3055.99082832851
3055.99082832851
3055.99082832851
3055.99082832851
3055.99082832851
3055.99082832851
3055.99082832851
3055.99082832851
3055.99082832851
3055.99082832851
3055.99082832851
3055.99082832851
3055.99082832851
3055.99082832851
3055.99082832851
3055.99082832851
3055.99082832851
3055.99082832851
3055.99082832851
3055.99082832851
3055.99082832851
3055.99082832851
3055.99082832851
3055.99082832851
3055.99082832851
3055.99082832851
3055.99082832851
3055.99082832851
3055.99082832851
3055.99082832851
3055.99082832851
3055.99082832851
3055.99082832851
3055.99082832851
3055.99082832851
3055.99082832851
3055.99082832851
3055.99082832851
3055.99082832851
3055.99082832851
3057.53877113115
3057.53877113115
3057.53877113115
3057.53877113115
3057.53877113115
3057.53877113115
3057.53877113115
3057.53877113115
3057.53877113115
3057.53877113115
3057.53877113115
3057.53877113115
3057.53877113115
3057.53877113115
3057.53877113115
3057.53877113115
3057.53877113115
3057.53877113115
3057.53877113115
3057.53877113115
3057.53877113115
3057.53877113115
3057.53877113115
3057.53877113115
3057.53877113115
3057.53877113115
3057.53877113115
3057.53877113115
3057.53877113115
3057.53877113115
3057.53877113115
3057.53877113115
3057.53877113115
3057.53877113115
3057.53877113115
3057.53877113115
3057.53877113115
3057.53877113115
3057.53877113115
3057.53877113115
3057.53877113115
3057.53877113115
3057.53877113115
3057.53877113115
3057.53877113115
3057.53877113115
3057.53877113115
3057.53877113115
3057.53877113115
3058.84696087385
3058.84696087385
3058.84696087385
3058.84696087385
3058.84696087385
3058.84696087385
3058.84696087385
3059.81508546018
3059.81508546018
3059.81508546018
3059.81508546018
3059.81508546018
3059.81508546018
3059.81508546018
3059.81508546018
3059.81508546018
3059.81508546018
3059.81508546018
3059.81508546018
3059.81508546018
3059.81508546018
3059.81508546018
3059.81508546018
3059.81508546018
3059.81508546018
3059.81508546018
3059.81508546018
3059.81508546018
3059.81508546018
3059.81508546018
3059.81508546018
3059.81508546018
3059.81508546018
3059.81508546018
3059.81508546018
3059.81508546018
3059.81508546018
3059.81508546018
3059.81508546018
3059.81508546018
3059.81508546018
3059.81508546018
3059.81508546018
3059.81508546018
3059.81508546018
3059.81508546018
3059.81508546018
3059.81508546018
3059.81508546018
3059.81508546018
3059.81508546018
3059.81508546018
3059.81508546018
3059.81508546018
3059.81508546018
3059.81508546018
3059.81508546018
3059.81508546018
3059.81508546018
3059.81508546018
3059.81508546018
3059.81508546018
3059.81508546018
3059.81508546018
3059.81508546018
3059.81508546018
3059.81508546018
3059.81508546018
3059.81508546018
3059.81508546018
3059.81508546018
3059.81508546018
3059.81508546018
3059.81508546018
3059.81508546018
3059.81508546018
3059.81508546018
3059.81508546018
3059.81508546018
3059.81508546018
3059.81508546018
3059.81508546018
3059.81508546018
3059.81508546018
3059.81508546018
3059.81508546018
3059.81508546018
3059.81508546018
3059.81508546018
3059.81508546018
3059.81508546018
3059.81508546018
3059.81508546018
3059.81508546018
3059.81508546018
3059.81508546018
3059.81508546018
3059.81508546018
3059.81508546018
3061.14752023569
3061.14752023569
3061.14752023569
3061.14752023569
3061.14752023569
3061.14752023569
3061.14752023569
3061.14752023569
3061.14752023569
3061.14752023569
3061.14752023569
3061.14752023569
3061.14752023569
3061.14752023569
3061.14752023569
3061.14752023569
3061.14752023569
3061.14752023569
3061.14752023569
3061.14752023569
3061.14752023569
3061.14752023569
3061.14752023569
3061.14752023569
3061.14752023569
3061.14752023569
3061.14752023569
3061.14752023569
3061.14752023569
3061.14752023569
3061.14752023569
3061.14752023569
3061.14752023569
3061.14752023569
3061.14752023569
3063.98791624902
3064.0933512303
3064.0933512303
3064.0933512303
3064.0933512303
3064.0933512303
3064.0933512303
3064.0933512303
3064.0933512303
3064.0933512303
3064.0933512303
3064.0933512303
3064.0933512303
3064.0933512303
3064.0933512303
3064.0933512303
3064.0933512303
3064.0933512303
3064.0933512303
3064.0933512303
3064.0933512303
3064.0933512303
3064.0933512303
3064.0933512303
3064.0933512303
3064.0933512303
3064.0933512303
3064.0933512303
3064.0933512303
3064.0933512303
3064.0933512303
3064.0933512303
3064.0933512303
3064.0933512303
3064.0933512303
3064.0933512303
3064.0933512303
3064.0933512303
3067.31966381337
3067.31966381337
3067.31966381337
3067.31966381337
3067.31966381337
3067.31966381337
3067.31966381337
3067.33539407528
3067.33539407528
3067.33539407528
3069.19871888069
3069.19871888069
3069.19871888069
3069.19871888069
3069.19871888069
3069.19871888069
3069.19871888069
3069.19871888069
3069.19871888069
3069.19871888069
3069.19871888069
3069.19871888069
3069.19871888069
3069.19871888069
3069.19871888069
3069.19871888069
3069.19871888069
3069.19871888069
3069.19871888069
3069.19871888069
3069.19871888069
3069.19871888069
3069.19871888069
3069.19871888069
3069.19871888069
3069.19871888069
3069.19871888069
3069.19871888069
3069.19871888069
3069.19871888069
3069.19871888069
3069.19871888069
3069.19871888069
3069.19871888069
3069.19871888069
3071.25871262777
3071.25871262777
3071.25871262777
3071.25871262777
3071.25871262777
3071.25871262777
3072.584321756
3072.584321756
3072.584321756
3072.584321756
3072.584321756
3072.584321756
3072.584321756
3072.584321756
3072.584321756
3072.584321756
3072.584321756
3072.584321756
3072.584321756
3072.584321756
3072.584321756
3072.584321756
3072.584321756
3072.584321756
3072.584321756
3072.584321756
3072.584321756
3072.584321756
3072.584321756
3072.584321756
3072.584321756
3072.584321756
3072.584321756
3072.584321756
3072.584321756
3072.584321756
3072.584321756
3072.584321756
3072.584321756
3072.584321756
3072.584321756
3072.584321756
3072.584321756
3072.584321756
3072.584321756
3072.584321756
3072.584321756
3072.584321756
3072.584321756
3072.584321756
3072.584321756
3072.584321756
3072.584321756
3075.41504087953
3075.72830771673
3075.72830771673
3075.72830771673
3075.72830771673
3075.72830771673
3075.72830771673
3075.72830771673
3075.72830771673
3075.72830771673
3075.72830771673
3075.72830771673
3075.72830771673
3075.72830771673
3075.72830771673
3075.72830771673
3075.72830771673
3075.72830771673
3075.72830771673
3075.72830771673
3075.72830771673
3075.72830771673
3075.72830771673
3075.72830771673
3075.72830771673
3075.72830771673
3075.72830771673
3075.72830771673
3075.72830771673
3075.72830771673
3075.72830771673
3075.72830771673
3075.72830771673
3075.72830771673
3075.72830771673
3075.72830771673
3075.72830771673
3075.72830771673
3075.72830771673
3075.72830771673
3075.72830771673
3075.72830771673
3075.72830771673
3075.72830771673
3075.72830771673
3075.72830771673
3075.72830771673
3075.72830771673
3075.72830771673
3075.72830771673
3075.72830771673
3075.72830771673
3075.72830771673
3075.72830771673
3075.72830771673
3075.72830771673
3075.72830771673
3075.72830771673
3075.72830771673
3075.72830771673
3075.72830771673
3075.72830771673
3075.72830771673
3075.72830771673
3075.72830771673
3075.72830771673
3075.72830771673
3075.72830771673
3075.72830771673
3075.72830771673
3075.72830771673
3075.72830771673
3075.72830771673
3075.72830771673
3075.72830771673
3075.72830771673
3075.72830771673
3075.72830771673
3075.72830771673
3075.72830771673
3075.72830771673
3075.72830771673
3075.72830771673
3075.72830771673
3075.72830771673
3075.72830771673
3075.72830771673
3075.72830771673
3075.72830771673
3075.72830771673
3075.72830771673
3075.72830771673
3075.72830771673
3075.72830771673
3075.72830771673
3075.72830771673
3075.72830771673
3075.72830771673
3075.72830771673
3075.72830771673
3075.72830771673
3075.72830771673
3075.72830771673
3075.72830771673
3075.78607464517
3076.35186045607
3076.35186045607
3076.35186045607
3076.35186045607
3076.35186045607
3076.35186045607
3076.35186045607
3076.35186045607
3076.35186045607
3076.35186045607
3076.35186045607
3076.35186045607
3076.35186045607
3076.35186045607
3076.35186045607
3076.35186045607
3076.35186045607
3076.35186045607
3076.35186045607
3076.35186045607
3076.35186045607
3076.35186045607
3076.35186045607
3076.35186045607
3076.35186045607
3076.35186045607
3076.35186045607
3076.35186045607
3076.35186045607
3076.35186045607
3076.35186045607
3076.35186045607
3076.35186045607
3076.35186045607
3076.35186045607
3076.59279262075
3076.59279262075
3076.59279262075
3076.59279262075
3076.59279262075
3076.59279262075
3076.59279262075
3076.59279262075
3076.59279262075
3076.59279262075
3076.59279262075
3076.59279262075
3076.59279262075
3076.59279262075
3076.59279262075
3076.59279262075
3076.59279262075
3076.59279262075
3076.59279262075
3076.59279262075
3076.59279262075
3076.59279262075
3076.59279262075
3076.59279262075
3076.59279262075
3076.59279262075
3076.59279262075
3076.59279262075
3076.59279262075
3076.59279262075
3076.59279262075
3076.59279262075
3076.59279262075
3076.59279262075
3076.59279262075
3076.59279262075
3076.59279262075
3076.59279262075
3076.59279262075
3076.59279262075
3076.59279262075
3076.59279262075
3076.59279262075
3076.59279262075
3076.59279262075
3076.59279262075
3076.59279262075
3076.59279262075
3076.59279262075
3076.59279262075
3080.30030606746
3080.30030606746
3080.30030606746
3080.30030606746
3080.30030606746
3080.30030606746
3080.30030606746
3080.30030606746
3080.30030606746
3080.30030606746
3080.30030606746
3080.30030606746
3080.30030606746
3080.30030606746
3080.30030606746
3080.30030606746
3080.30030606746
3080.30030606746
3080.30030606746
3080.30030606746
3080.30030606746
3080.30030606746
3080.30030606746
3080.30030606746
3080.30030606746
3080.30030606746
3080.30030606746
3080.30030606746
3080.30030606746
3080.30030606746
3080.30030606746
3080.30030606746
3080.32789374778
3080.32789374778
3080.32789374778
3080.32789374778
3080.32789374778
3080.32789374778
3080.32789374778
3080.32789374778
3080.32789374778
3080.32789374778
3080.32789374778
3080.32789374778
3080.32789374778
3080.32789374778
3080.32789374778
3080.32789374778
3080.32789374778
3080.32789374778
3080.32789374778
3080.32789374778
3080.32789374778
3080.32789374778
3080.32789374778
3080.32789374778
3080.32789374778
3080.32789374778
3080.32789374778
3080.32789374778
3080.32789374778
3080.32789374778
3080.32789374778
3080.32789374778
3080.32789374778
3080.32789374778
3080.32789374778
3080.32789374778
3080.32789374778
3080.32789374778
3080.32789374778
3080.32789374778
3080.32789374778
3080.32789374778
3080.32789374778
3080.32789374778
3080.32789374778
3080.32789374778
3080.32789374778
3080.32789374778
3081.62938285009
3081.68507027567
3081.68507027567
3081.68507027567
3081.68507027567
3081.68507027567
3081.68507027567
3081.68507027567
3081.68507027567
3081.68507027567
3081.68507027567
3081.68507027567
3081.68507027567
3081.68507027567
3081.68507027567
3081.68507027567
3081.68507027567
3081.68507027567
3081.68507027567
3081.68507027567
3081.68507027567
3081.68507027567
3081.68507027567
3081.68507027567
3081.68507027567
3081.68507027567
3081.68507027567
3081.68507027567
3081.68507027567
3081.68507027567
3081.68507027567
3081.68507027567
3081.68507027567
3081.68507027567
3081.68507027567
3081.68507027567
3081.68507027567
3081.68507027567
3081.68507027567
3081.68507027567
3081.68507027567
3081.68507027567
3081.68507027567
3081.68507027567
3081.68507027567
3081.68507027567
3081.68507027567
3081.68507027567
3081.8211790905
3085.12912517823
3085.24918004153
3085.24918004153
3085.24918004153
3085.24918004153
3085.24918004153
3085.24918004153
3085.24918004153
3085.24918004153
3085.24918004153
3085.24918004153
3085.24918004153
3085.24918004153
3085.24918004153
3085.24918004153
3085.24918004153
3085.24918004153
3085.24918004153
3085.24918004153
3085.24918004153
3085.24918004153
3085.24918004153
3085.24918004153
3085.24918004153
3085.24918004153
3085.24918004153
3085.24918004153
3085.24918004153
3085.24918004153
3085.24918004153
3085.24918004153
3085.24918004153

