1812.50446172076
1960.91063390758
2048.61647472875
2114.52510029215
2177.09814777154
2192.34710436872
2218.66919560161
2238.33914634792
2252.2075808425
2262.38412699386
2272.38785044111
2280.82249812845
2293.09313532439
2311.31906322877
2329.2702285625
2344.05507976871
2366.21034494457
2371.26757917303
2374.41102823305
2393.67884706395
2401.32199911025
2401.46931841323
2403.71765260307
2407.03123228924
2411.47505568274
2413.32724893488
2413.44113951277
2416.99849748361
2426.0718348497
2427.80802328245
2434.37409317682
2434.99302063521
2457.78296945511
2459.19531685212
2464.77633516694
2465.92896661944
2470.28983907038
2470.28983907038
2474.18875630169
2482.44485574163
2486.19375668293
2488.21188426879
2489.18652266256
2489.85583075874
2490.75030397691
2490.87022218163
2490.87022218163
2490.87022218163
2493.8625456999
2493.8625456999
2494.292779058
2494.52818342619
2494.52818342619
2494.52818342619
2496.2650915149
2500.75840992642
2505.32365475461
2507.70784706151
2507.70784706151
2507.70784706151
2511.71936634705
2514.75239889728
2521.90923089935
2522.39580862969
2523.77760015959
2524.56059063555
2525.50007584332
2527.22287859143
2527.22287859143
2529.0205872968
2529.58280400968
2532.22266755582
2536.72728283116
2540.65004014613
2540.68341927291
2542.6511031003
2543.17421931465
2546.87018336872
2546.87018336872
2546.87018336872
2546.87018336872
2548.08858485893
2548.08858485893
2548.08858485893
2556.60501409328
2564.53234606424
2564.53234606424
2564.73688746418
2565.22729014979
2566.9902141889
2574.45960813812
2574.52634716445
2574.52634716445
2574.5672743738
2575.59231027331
2575.63219452144
2575.63219452144
2575.63219452144
2575.63219452144
2575.63219452144
2575.63219452144
2575.63219452144
2576.84999688708
2577.17236217318
2582.27625444973
2587.77845246321
2588.14578201536
2590.00277933726
2590.00277933726
2595.77148741292
2598.12548104584
2599.70956250226
2599.70956250226
2604.05231491039
2604.05231491039
2604.05231491039
2604.05231491039
2606.44607180033
2608.60398025984
2610.18416045903
2610.18416045903
2611.23324210268
2611.23324210268
2611.23324210268
2615.84629384909
2620.93105294627
2625.42580768537
2626.06845763605
2626.06845763605
2626.06845763605
2626.06845763605
2626.06845763605
2626.06845763605
2626.06845763605
2626.49913087969
2631.00781592686
2631.49840435388
2636.03908885827
2637.44346643992
2638.43890325781
2638.43890325781
2638.43890325781
2638.43890325781
2638.43890325781
2638.43890325781
2638.43890325781
2638.43890325781
2638.43890325781
2638.43890325781
2638.43890325781
2638.43890325781
2638.43890325781
2638.43890325781
2638.43890325781
2638.43890325781
2638.43890325781
2640.44618748168
2642.70807720644
2647.50147125201
2650.88529269612
2650.88529269612
2650.88529269612
2655.12406786155
2655.55605408199
2656.83033471285
2656.83033471285
2659.41422649416
2659.41422649416
2659.41422649416
2661.07137868133
2661.07137868133
2661.07137868133
2661.07137868133
2664.30938175621
2664.30938175621
2664.30938175621
2664.30938175621
2664.30938175621
2664.30938175621
2664.30938175621
2664.30938175621
2664.30938175621
2664.30938175621
2664.30938175621
2664.30938175621
2664.30938175621
2666.11939959641
2672.66152298147
2672.66152298147
2672.66152298147
2672.66152298147
2674.27496876057
2679.62432367024
2680.55036192564
2680.55036192564
2681.67750274331
2681.67750274331
2681.67750274331
2681.67750274331
2681.67750274331
2681.67750274331
2682.93671914655
2682.93671914655
2682.93671914655
2682.93671914655
2682.93671914655
2682.93671914655
2682.93671914655
2682.93671914655
2682.93671914655
2682.93671914655
2682.93671914655
2683.38472818713
2683.38472818713
2683.38472818713
2683.38472818713
2683.38472818713
2683.38472818713
2687.83825622074
2687.83825622074
2688.30279080475
2688.30279080475
2688.30279080475
2688.98599147795
2688.98599147795
2688.98599147795
2688.98599147795
2688.98599147795
2688.98599147795
2691.89547112443
2692.5139032379
2692.5139032379
2692.5139032379
2692.5139032379
2692.5139032379
2692.5139032379
2692.5139032379
2692.89696727962
2693.80097425207
2693.80097425207
2693.80097425207
2693.80097425207
2693.86237369952
2693.86237369952
2693.86237369952
2693.86237369952
2693.86237369952
2693.86237369952
2693.86237369952
2693.86237369952
2693.86237369952
2693.86237369952
2693.86237369952
2693.86237369952
2693.86237369952
2693.86237369952
2693.86237369952
2693.86237369952
2693.86237369952
2693.86237369952
2693.86237369952
2695.22279995772
2695.22279995772
2695.22279995772
2695.22279995772
2695.22279995772
2697.66189740538
2697.66189740538
2697.66189740538
2697.66189740538
2697.66189740538
2697.66189740538
2697.66189740538
2697.66189740538
2700.25737453331
2700.25737453331
2700.25737453331
2700.25737453331
2700.25737453331
2700.25737453331
2701.76049640137
2702.2330527083
2702.2330527083
2702.2330527083
2702.2330527083
2702.2330527083
2702.2330527083
2702.2330527083
2702.2330527083
2702.2330527083
2702.75258614825
2702.75258614825
2702.75258614825
2702.75258614825
2702.75258614825
2702.75258614825
2702.75258614825
2702.75258614825
2702.75258614825
2702.75258614825
2702.75258614825
2702.75258614825
2702.75258614825
2702.75258614825
2702.75258614825
2702.75258614825
2702.75258614825
2704.28161682761
2705.05077605741
2705.05077605741
2705.05077605741
2705.27263025222
2705.48872341917
2705.48872341917
2705.48872341917
2705.48872341917
2705.48872341917
2705.48872341917
2705.48872341917
2705.48872341917
2705.48872341917
2705.48872341917
2705.88283003801
2706.17377171591
2706.17377171591
2706.17377171591
2706.17377171591
2706.17377171591
2706.17377171591
2706.53534320787
2706.82814945601
2706.82814945601
2706.82814945601
2706.82814945601
2706.82814945601
2707.65477588047
2707.65477588047
2707.65477588047
2707.65477588047
2707.65477588047
2712.26687112356
2713.20251533193
2713.20251533193
2713.20251533193
2713.20251533193
2714.97588085996
2714.97588085996
2714.97588085996
2714.97588085996
2714.97588085996
2714.97588085996
2714.97588085996
2714.97588085996
2714.97588085996
2714.97588085996
2714.97588085996
2714.97588085996
2714.97588085996
2714.97588085996
2714.97588085996
2714.97588085996
2714.97588085996
2715.44617457235
2715.44617457235
2715.44617457235
2715.44617457235
2715.44617457235
2715.44617457235
2715.44617457235
2715.44617457235
2715.44617457235
2715.44617457235
2715.53867875571
2716.44239135309
2716.44239135309
2716.44239135309
2716.44239135309
2716.44239135309
2716.44239135309
2716.44239135309
2716.44239135309
2716.44239135309
2716.44239135309
2717.46255992296
2718.39923035455
2718.39923035455
2718.39923035455
2718.39923035455
2718.39923035455
2718.39923035455
2718.39923035455
2718.39923035455
2718.39923035455
2718.39923035455
2718.39923035455
2721.39679044785
2721.39679044785
2721.39679044785
2721.39679044785
2721.39679044785
2721.39679044785
2721.39679044785
2721.39679044785
2721.39679044785
2721.39679044785
2721.39679044785
2721.39679044785
2721.39679044785
2721.39679044785
2721.39679044785
2721.39679044785
2721.39679044785
2721.39679044785
2721.39679044785
2721.39679044785
2721.39679044785
2721.39679044785
2721.39679044785
2721.39679044785
2721.39679044785
2722.1901077576
2724.39065557334
2724.39065557334
2725.05061649055
2725.05061649055
2725.05061649055
2725.05061649055
2725.05061649055
2725.05061649055
2725.05061649055
2725.05061649055
2725.05061649055
2725.05061649055
2725.27129627938
2725.27129627938
2725.27129627938
2725.27129627938
2725.27129627938
2727.66769527785
2727.66769527785
2727.66769527785
2727.66769527785
2727.66769527785
2727.66769527785
2727.66769527785
2727.66769527785
2727.66769527785
2727.66769527785
2727.66769527785
2727.66769527785
2727.66769527785
2727.66769527785
2727.66769527785
2727.66769527785
2727.66769527785
2727.66769527785
2727.66769527785
2727.66769527785
2727.66769527785
2727.66769527785
2727.66769527785
2727.66769527785
2728.44424696408
2728.44424696408
2728.44424696408
2728.44424696408
2728.44424696408
2728.44424696408
2728.44424696408
2728.44424696408
2729.88841168004
2729.88841168004
2729.88841168004
2729.88841168004
2729.88841168004
2729.88841168004
2729.88841168004
2729.88841168004
2729.88841168004
2729.88841168004
2729.88841168004
2729.88841168004
2733.64815997926
2734.92475312341
2734.92475312341
2734.92475312341
2735.34636751839
2736.37521564324
2736.37521564324
2736.37521564324
2736.37521564324
2736.37521564324
2736.37521564324
2736.37521564324
2736.37521564324
2736.37521564324
2736.37521564324
2736.37521564324
2736.37521564324
2736.37521564324
2736.37521564324
2736.37521564324
2736.37521564324
2736.37521564324
2736.37521564324
2736.37521564324
2736.37521564324
2736.37521564324
2736.37521564324
2736.37521564324
2736.37521564324
2736.37521564324
2736.37521564324
2736.37521564324
2738.7721659337
2739.3896716488
2739.3896716488
2739.3896716488
2739.3896716488
2739.3896716488
2739.3896716488
2739.3896716488
2739.3896716488
2739.3896716488
2739.3896716488
2739.3896716488
2739.3896716488
2739.3896716488
2739.3896716488
2739.3896716488
2741.07716574067
2741.07716574067
2741.07716574067
2741.07716574067
2741.07716574067
2741.07716574067
2741.07716574067
2741.07716574067
2741.07716574067
2741.07716574067
2741.07716574067
2741.07716574067
2741.07716574067
2741.07716574067
2741.07716574067
2741.07716574067
2741.07716574067
2741.07716574067
2741.07716574067
2741.07716574067
2741.07716574067
2741.07716574067
2741.07716574067
2741.07716574067
2741.07716574067
2741.07716574067
2741.07716574067
2741.07716574067
2741.07716574067
2741.07716574067
2741.07716574067
2741.07716574067
2741.07716574067
2741.07716574067
2741.07716574067
2741.66502379489
2742.26335953301
2742.26335953301
2742.26335953301
2742.26335953301
2742.26335953301
2742.26335953301
2742.26335953301
2742.26335953301
2742.26335953301
2742.26335953301
2742.26335953301
2742.26335953301
2742.26335953301
2742.26335953301
2745.4515949036
2745.4515949036
2745.4515949036
2745.4515949036
2745.4515949036
2745.4515949036
2749.90499965505
2749.90499965505
2749.90499965505
2749.90499965505
2749.90499965505
2749.90499965505
2749.90499965505
2749.90499965505
2749.90499965505
2749.90499965505
2749.90499965505
2750.87012358043
2750.87012358043
2750.87012358043
2750.87012358043
2751.96986389909
2751.96986389909
2751.96986389909
2751.96986389909
2751.96986389909
2751.96986389909
2751.96986389909
2751.96986389909
2751.96986389909
2751.96986389909
2751.96986389909
2751.96986389909
2751.96986389909
2751.96986389909
2751.96986389909
2751.96986389909
2751.96986389909
2751.96986389909
2751.96986389909
2751.96986389909
2751.96986389909
2751.96986389909
2751.96986389909
2751.96986389909
2751.96986389909
2751.96986389909
2751.96986389909
2751.96986389909
2751.96986389909
2751.96986389909
2751.96986389909
2753.60716638158
2753.60716638158
2753.60716638158
2760.50403557339
2760.50403557339
2760.50403557339
2760.50403557339
2760.50403557339
2760.50403557339
2760.50403557339
2760.50403557339
2760.50403557339
2760.50403557339
2760.50403557339
2760.84916188355
2760.84916188355
2760.84916188355
2764.71709033504
2764.86989196817
2764.86989196817
2765.06291289328
2765.06291289328
2765.06291289328
2765.06291289328
2765.06291289328
2765.06291289328
2765.06291289328
2766.5460078538
2766.5460078538
2766.5460078538
2766.5460078538
2766.5460078538
2769.49539558221
2769.49539558221
2769.49539558221
2769.49539558221
2769.49539558221
2769.49539558221
2769.49539558221
2769.49539558221
2769.49539558221
2769.49539558221
2769.49539558221
2769.49539558221
2769.49539558221
2769.49539558221
2769.49539558221
2769.49539558221
2769.49539558221
2769.49539558221
2769.49539558221
2769.49539558221
2769.49539558221
2769.49539558221
2769.49539558221
2769.49539558221
2769.49539558221
2769.49539558221
2769.49539558221
2769.49539558221
2769.49539558221
2769.49539558221
2769.49539558221
2769.49539558221
2769.49539558221
2769.49539558221
2769.49539558221
2769.49539558221
2769.49539558221
2769.49539558221
2769.49539558221
2770.13449740911
2770.91312555823
2772.61036797769
2772.61036797769
2772.61036797769
2772.61036797769
2772.61036797769
2772.61036797769
2772.61036797769
2777.29597696399
2777.29597696399
2777.29597696399
2777.29597696399
2777.81199274414
2777.81199274414
2777.81199274414
2777.81199274414
2777.81199274414
2777.81199274414
2777.81199274414
2777.81199274414
2777.81199274414
2777.81199274414
2777.81199274414
2777.81199274414
2777.81199274414
2777.81199274414
2777.81199274414
2777.81199274414
2777.81199274414
2777.81199274414
2777.81199274414
2777.81199274414
2777.81199274414
2777.81199274414
2777.81199274414
2777.81199274414
2777.81199274414
2777.81199274414
2777.81199274414
2777.81199274414
2777.81199274414
2777.81199274414
2777.81199274414
2777.81199274414
2777.81199274414
2777.81199274414
2777.81199274414
2777.81199274414
2777.81199274414
2778.04955272922
2778.04955272922
2778.04955272922
2778.04955272922
2778.04955272922
2778.04955272922
2778.04955272922
2778.04955272922
2778.04955272922
2778.04955272922
2778.04955272922
2778.04955272922
2778.04955272922
2781.26704397564
2781.26704397564
2781.26704397564
2781.26704397564
2781.26704397564
2781.26704397564
2781.26704397564
2781.26704397564
2781.26704397564
2781.26704397564
2781.26704397564
2781.26704397564
2781.26704397564
2781.26704397564
2781.26704397564
2781.26704397564
2781.26704397564
2781.26704397564
2781.26704397564
2781.26704397564
2781.26704397564
2781.26704397564
2781.26704397564
2781.26704397564
2781.26704397564
2781.26704397564
2781.26704397564
2781.26704397564
2781.26704397564
2781.26704397564
2781.26704397564
2781.26704397564
2781.26704397564
2781.26704397564
2781.26704397564
2781.26704397564
2781.26704397564
2781.26704397564
2782.17487932994
2782.17487932994
2782.17487932994
2782.17487932994
2782.17487932994
2782.17487932994
2782.17487932994
2782.17487932994
2782.17487932994
2782.17487932994
2782.17487932994
2782.17487932994
2782.17487932994
2782.17487932994
2782.17487932994
2782.17487932994
2782.17487932994
2783.49950761968
2783.49950761968
2783.49950761968
2783.49950761968
2783.49950761968
2783.49950761968
2783.49950761968
2783.49950761968
2783.49950761968
2783.49950761968
2783.49950761968
2783.49950761968
2783.49950761968
2786.79004092762
2786.79004092762
2786.79004092762
2786.79004092762
2786.79004092762
2786.79004092762
2786.79004092762
2786.79004092762
2786.79004092762
2786.79004092762
2786.79004092762
2786.79004092762
2786.79004092762
2786.79004092762
2786.79004092762
2786.79004092762
2786.79004092762
2794.60486413674
2794.60486413674
2794.60486413674
2794.60486413674
2794.60486413674
2794.60486413674
2794.60486413674
2794.60486413674
2794.60486413674
2794.60486413674
2794.60486413674
2794.60486413674
2794.60486413674
2794.60486413674
2794.60486413674
2794.60486413674
2794.60486413674
2794.60486413674
2796.18351263967
2796.18351263967
2796.18351263967
2796.18351263967
2796.18351263967
2796.18351263967
2796.18351263967
2796.18351263967
2796.18351263967
2796.18351263967
2796.18351263967
2796.18351263967
2796.18351263967
2796.18351263967
2796.18351263967
2796.18351263967
2796.18351263967
2796.18351263967
2796.18351263967
2796.18351263967
2796.18351263967
2796.18351263967
2796.18351263967
2796.18351263967
2796.18351263967
2796.18351263967
2796.18351263967
2796.18351263967
2796.18351263967
2796.18351263967
2796.18351263967
2796.18351263967
2796.18351263967
2796.18351263967
2796.18351263967
2796.18351263967
2796.67546966319
2796.67546966319
2796.67546966319
2796.67546966319
2796.67546966319
2796.67546966319
2796.67546966319
2796.67546966319
2796.67546966319
2796.67546966319
2796.67546966319
2796.67546966319
2796.67546966319
2796.67546966319
2796.67546966319
2796.67546966319
2796.67546966319
2796.67546966319
2796.67546966319
2796.67546966319
2796.67546966319
2796.67546966319
2796.67546966319
2796.67546966319
2796.67546966319
2796.67546966319
2796.67546966319
2796.67546966319
2796.67546966319
2796.67546966319
2796.67546966319
2796.67546966319
2796.67546966319
2796.67546966319
2796.67546966319
2796.67546966319
2796.67546966319
2796.67546966319
2796.67546966319
2796.67546966319
2796.67546966319
2796.67546966319
2796.67546966319
2796.67546966319
2796.67546966319
2796.67546966319
2796.67546966319
2796.67546966319
2796.67546966319
2796.67546966319
2796.67546966319
2796.67546966319
2796.67546966319
2796.67546966319
2796.67546966319
2796.67546966319
2796.67546966319
2796.67546966319
2796.67546966319
2796.67546966319
2796.67546966319
2796.67546966319
2796.67546966319
2796.67546966319
2796.67546966319
2796.67546966319
2796.67546966319
2796.67546966319
2796.67546966319
2796.67546966319
2796.67546966319
2796.67546966319
2796.67546966319
2796.67546966319
2796.67546966319
2796.67546966319
2796.67546966319
2796.67546966319
2796.67546966319
2796.67546966319
2796.67546966319
2796.67546966319
2796.67546966319
2796.67546966319
2796.67546966319
2796.67546966319
2796.67546966319
2796.67546966319
2796.67546966319
2796.67546966319
2796.67546966319
2796.67546966319
2796.67546966319
2796.67546966319
2796.67546966319
2796.67546966319
2796.67546966319
2796.67546966319
2796.67546966319
2796.67546966319
2796.67546966319
2796.67546966319
2796.67546966319
2796.67546966319
2796.67546966319
2796.67546966319
2796.67546966319
2796.67546966319
2796.67546966319
2796.67546966319
2796.67546966319
2796.67546966319
2796.67546966319
2796.67546966319
2796.67546966319
2796.67546966319
2796.67546966319
2796.67546966319
2796.67546966319
2796.67546966319
2796.67546966319
2796.67546966319
2796.67546966319
2796.67546966319
2796.67546966319
2796.67546966319
2796.67546966319
2796.67546966319
2796.67546966319
2796.67546966319
2796.67546966319
2796.67546966319
2796.67546966319
2796.67546966319
2796.67546966319
2796.67546966319
2796.67546966319
2796.67546966319
2796.67546966319
2796.67546966319
2796.67546966319
2796.67546966319
2796.67546966319
2796.67546966319
2796.67546966319
2796.67546966319
2796.67546966319
2796.67546966319
2796.67546966319
2796.67546966319
2796.67546966319
2796.67546966319
2796.67546966319
2796.67546966319
2796.67546966319
2796.67546966319
2796.67546966319
2796.67546966319
2796.67546966319
2796.93152851521
2796.93152851521
2796.93152851521
2796.93152851521
2796.93152851521
2796.93152851521
2796.93152851521
2796.93152851521
2796.93152851521
2796.93152851521
2796.93152851521
2796.93152851521
2796.93152851521
2796.93152851521
2796.93152851521
2796.93152851521
2796.93152851521
2796.93152851521
2796.93152851521
2796.93152851521
2796.93152851521
2796.93152851521
2796.93152851521
2796.93152851521
2796.93152851521
2796.93152851521
2796.93152851521
2796.93152851521
2796.93152851521
2796.93152851521
2796.93152851521
2796.93152851521
2796.93152851521
2796.93152851521
2796.93152851521
2796.93152851521
2796.93152851521
2796.93152851521
2796.93152851521
2796.93152851521
2796.93152851521
2796.93152851521
2796.93152851521
2796.93152851521
2796.93152851521
2797.05021036015
2797.05021036015
2797.05021036015
2797.05021036015
2797.05021036015
2797.05021036015
2797.85469865895
2797.85469865895
2797.85469865895
2797.85469865895
2797.85469865895
2797.85469865895
2797.85469865895
2797.85469865895
2799.26004920415
2799.26004920415
2799.26004920415
2799.26004920415
2799.26004920415
2799.26004920415
2799.26004920415
2799.26004920415
2799.26004920415
2799.26004920415
2799.46560251018
2799.46560251018
2799.46560251018
2799.46560251018
2799.46560251018
2799.46560251018
2799.46560251018
2799.58386329822
2801.10758256997
2801.10758256997
2801.10758256997
2801.10758256997
2801.10758256997
2801.10758256997
2801.10758256997
2801.10758256997
2801.10758256997
2801.10758256997
2801.10758256997
2801.10758256997
2801.10758256997
2801.10758256997
2801.10758256997
2801.10758256997
2801.10758256997
2801.10758256997
2801.10758256997
2801.10758256997
2801.10758256997
2801.10758256997
2801.10758256997
2801.10758256997
2801.10758256997
2801.10758256997
2801.10758256997
2801.10758256997
2801.10758256997
2801.10758256997
2801.10758256997
2801.10758256997
2803.27792653252
2803.27792653252
2803.27792653252
2803.27792653252
2803.27792653252
2803.27792653252
2803.27792653252
2803.27792653252
2803.27792653252
2803.27792653252
2805.25826093879
2806.69467482808
2806.69467482808
2806.69467482808
2806.69467482808
2806.69467482808
2806.69467482808
2806.69467482808
2806.69467482808
2806.69467482808
2806.69467482808
2806.69467482808
2806.69467482808
2806.69467482808
2806.69467482808
2806.69467482808
2806.69467482808
2806.69467482808
2806.69467482808
2807.27840993738
2807.27840993738
2807.27840993738
2807.27840993738
2807.27840993738
2807.27840993738
2807.27840993738
2807.27840993738
2807.27840993738
2807.27840993738
2807.27840993738
2807.27840993738
2807.27840993738
2807.27840993738
2807.27840993738
2807.27840993738
2807.27840993738
2807.27840993738
2807.27840993738
2807.27840993738
2807.27840993738
2807.27840993738
2807.27840993738
2807.27840993738
2807.27840993738
2807.27840993738
2807.27840993738
2807.27840993738
2807.27840993738
2807.27840993738
2807.27840993738
2807.27840993738
2807.27840993738
2807.27840993738
2807.27840993738
2807.27840993738
2807.27840993738
2807.27840993738
2807.27840993738
2807.27840993738
2807.27840993738
2807.27840993738
2807.27840993738
2809.70524495699
2809.70524495699
2809.70524495699
2809.70524495699
2809.70524495699
2809.70524495699
2809.70524495699
2809.70524495699
2809.70524495699
2809.70524495699
2809.70524495699
2809.70524495699
2809.70524495699
2809.70524495699
2809.70524495699
2809.70524495699
2809.70524495699
2809.70524495699
2809.70524495699
2809.70524495699
2809.70524495699
2809.70524495699
2809.70524495699
2809.70524495699
2809.70524495699
2809.70524495699
2809.70524495699
2809.70524495699
2809.70524495699
2809.70524495699
2809.70524495699
2809.70524495699
2809.70524495699
2809.70524495699
2809.70524495699
2809.70524495699
2809.70524495699
2809.70524495699
2809.70524495699
2809.70524495699
2809.70524495699
2809.70524495699
2809.70524495699
2809.70524495699
2809.70524495699
2809.70524495699
2809.70524495699
2809.70524495699
2809.70524495699
2809.70524495699
2809.70524495699
2814.37549383201
2814.37549383201
2814.37549383201
2814.37549383201
2814.37549383201
2814.37549383201
2814.37549383201
2814.37549383201
2814.37549383201
2814.37549383201
2814.37549383201
2814.37549383201
2814.37549383201
2814.37549383201
2814.37549383201
2814.37549383201
2814.37549383201
2814.37549383201
2814.37549383201
2814.37549383201
2814.37549383201
2814.37549383201
2814.37549383201
2814.37549383201
2814.37549383201
2814.37549383201
2814.37549383201
2814.37549383201
2814.37549383201
2814.37549383201
2814.37549383201
2814.37549383201
2814.37549383201
2814.37549383201
2814.37549383201
2814.37549383201
2814.37549383201
2814.37549383201
2814.37549383201
2814.37549383201
2814.37549383201
2814.37549383201
2814.37549383201
2814.37549383201
2814.37549383201
2814.37549383201
2814.37549383201
2814.37549383201
2814.37549383201
2814.37549383201
2815.85173713458
2815.85173713458
2815.85173713458
2815.85173713458
2815.85173713458
2815.85173713458
2815.85173713458
2815.85173713458
2815.85173713458
2815.85173713458
2815.85173713458
2815.85173713458
2815.85173713458
2815.85173713458
2815.85173713458
2815.85173713458
2815.85173713458
2815.85173713458
2815.85173713458
2815.85173713458
2818.06496830379
2820.17288004476
2820.17288004476
2820.17288004476
2820.17288004476
2820.17288004476
2820.17288004476
2821.25855512221
2821.25855512221
2821.25855512221
2821.25855512221
2821.25855512221
2821.25855512221
2821.25855512221
2821.25855512221
2821.25855512221
2821.25855512221
2821.25855512221
2821.25855512221
2821.25855512221
2821.25855512221
2821.25855512221
2821.25855512221
2821.25855512221
2821.25855512221
2821.25855512221
2821.25855512221
2821.25855512221
2821.25855512221
2821.25855512221
2821.86381873165
2821.95080761511
2821.95080761511
2821.95080761511
2821.95080761511
2821.95080761511
2821.95080761511
2821.95080761511
2825.16755258548
2825.58081557985
2825.58081557985
2825.58081557985
2825.58081557985
2825.58081557985
2825.58081557985
2825.58081557985
2825.58081557985
2825.58081557985
2825.58081557985
2825.58081557985
2825.58081557985
2825.58081557985
2825.58081557985
2825.58081557985
2825.58081557985
2825.58081557985
2825.58081557985
2825.58081557985
2825.58081557985
2825.58081557985
2825.58081557985
2825.58081557985
2825.58081557985
2825.58081557985
2825.58081557985
2825.58081557985
2825.58081557985
2825.58081557985
2825.58081557985
2825.58081557985
2825.58081557985
2825.58081557985
2825.58081557985
2825.58081557985
2825.58081557985
2825.58081557985
2825.58081557985
2825.88251231626
2825.88251231626
2825.88251231626
2825.88251231626
2825.88251231626
2825.88251231626
2825.88251231626
2825.88251231626
2825.88251231626
2825.88251231626
2825.88251231626
2825.88251231626
2825.88251231626
2825.88251231626
2825.88251231626
2825.88251231626
2825.88251231626
2825.88251231626
2825.88251231626
2827.30810697484
2827.30810697484
2827.30810697484
2827.5552596377
2827.90263912853
2827.90263912853
2827.90263912853
2827.90263912853
2827.90263912853
2827.90263912853
2827.90263912853
2827.90263912853
2827.90263912853
2827.90263912853
2832.10968206768
2832.60110998599
2832.60110998599
2832.60110998599
2832.60110998599
2832.60110998599
2832.60110998599
2832.60110998599
2832.60110998599
2832.60110998599
2832.60110998599
2832.60110998599
2832.60110998599
2832.60110998599
2832.60110998599
2832.60110998599
2832.60110998599
2832.60110998599
2832.60110998599
2832.60110998599
2832.60110998599
2832.60110998599
2832.60110998599
2832.60110998599
2832.60110998599
2832.60110998599
2832.60110998599
2832.60110998599
2832.60110998599
2832.60110998599
2832.60110998599
2832.60110998599
2832.60110998599
2832.98283136695
2832.98283136695
2832.98283136695
2832.98283136695
2832.98283136695
2832.98283136695
2832.98283136695
2832.98283136695
2832.98283136695
2832.98283136695
2832.98283136695
2832.98283136695
2832.98283136695
2832.98283136695
2832.98283136695
2832.98283136695
2832.98283136695
2832.98283136695
2832.98283136695
2832.98283136695
2832.98283136695
2832.98283136695
2832.98283136695
2832.98283136695
2832.98283136695
2832.98283136695
2832.98283136695
2832.98283136695
2832.98283136695
2832.98283136695
2832.98283136695
2832.98283136695
2832.98283136695
2832.98283136695
2832.98283136695
2832.98283136695
2832.98283136695
2832.98283136695
2832.98283136695
2832.98283136695
2832.98283136695
2832.98283136695
2832.98283136695
2832.98283136695
2832.98283136695
2832.98283136695
2832.98283136695
2832.98283136695
2832.98283136695
2832.98283136695
2832.98283136695
2832.98283136695
2835.90411029903
2835.90411029903
2835.90411029903
2835.90411029903
2835.90411029903
2835.90411029903
2835.90411029903
2835.90411029903
2837.86076749749
2837.86076749749
2837.86076749749
2837.86076749749
2837.86076749749
2837.86076749749
2837.86076749749
2837.86076749749
2837.86076749749
2837.86076749749
2837.86076749749
2837.86076749749
2837.86076749749
2837.86076749749
2837.86076749749
2838.58888174622
2839.47364280801
2839.47364280801
2839.47364280801
2839.47364280801
2839.47364280801
2839.47364280801
2839.47364280801
2839.47364280801
2839.47364280801
2839.47364280801
2839.47364280801
2839.47364280801
2839.47364280801
2839.47364280801
2839.47364280801
2839.47364280801
2839.47364280801
2839.47364280801
2839.47364280801
2839.47364280801
2839.47364280801
2839.47364280801
2839.47364280801
2839.47364280801
2839.47364280801
2839.47364280801
2839.47364280801
2839.47364280801
2839.47364280801
2839.47364280801
2839.47364280801
2839.47364280801
2839.47364280801
2839.47364280801
2839.47364280801
2839.47364280801
2839.47364280801
2839.47364280801
2839.52919511056
2839.52919511056
2839.52919511056
2839.52919511056
2839.52919511056
2839.52919511056
2839.52919511056
2839.52919511056
2839.52919511056
2839.52919511056
2839.52919511056
2839.52919511056
2839.52919511056
2839.52919511056
2839.52919511056
2839.52919511056
2839.52919511056
2839.52919511056
2839.52919511056
2839.52919511056
2839.52919511056
2839.52919511056
2839.52919511056
2839.52919511056
2839.52919511056
2839.52919511056
2839.52919511056
2839.52919511056
2839.52919511056
2839.52919511056
2839.52919511056
2839.52919511056
2839.52919511056
2839.52919511056
2839.52919511056
2839.52919511056
2839.52919511056
2839.52919511056
2839.52919511056
2839.52919511056
2839.52919511056
2839.52919511056
2839.52919511056
2839.52919511056
2839.52919511056
2839.52919511056
2839.52919511056
2839.52919511056
2839.52919511056
2839.52919511056
2839.52919511056
2839.52919511056
2839.52919511056
2839.52919511056
2839.52919511056
2839.52919511056
2839.52919511056
2839.52919511056
2839.52919511056
2839.52919511056
2839.52919511056
2839.52919511056
2839.52919511056
2839.52919511056
2839.52919511056
2839.52919511056
2839.52919511056
2839.52919511056
2839.52919511056
2839.53359726655
2839.53359726655
2839.53359726655
2839.53359726655
2839.53359726655
2839.53359726655
2839.53359726655
2839.53359726655
2839.53359726655
2839.53359726655
2839.53359726655
2839.53359726655
2839.53359726655
2839.53359726655
2839.53359726655
2839.53359726655
2839.53359726655
2839.53359726655
2839.53359726655
2839.53359726655
2839.53359726655
2839.53359726655
2839.53359726655
2839.53359726655
2839.53359726655
2839.53359726655
2839.53359726655
2839.53359726655
2839.53359726655
2839.53359726655
2839.53359726655
2839.53359726655
2839.53359726655
2839.53359726655
2839.53359726655
2840.86460663112
2841.27433279625
2841.27433279625
2841.27433279625
2841.27433279625
2841.27433279625
2841.27433279625
2841.27433279625
2841.43621785951
2841.43621785951
2841.43621785951
2841.43621785951
2841.43621785951
2841.43621785951
2841.64299965865
2841.64299965865
2841.64299965865
2841.64299965865
2841.64299965865
2841.64299965865
2841.64299965865
2841.64299965865
2845.10884676738
2845.10884676738
2845.10884676738
2845.10884676738
2845.10884676738
2845.10884676738
2845.10884676738
2845.10884676738
2845.10884676738
2845.10884676738
2845.10884676738
2845.10884676738
2845.10884676738
2845.10884676738
2845.10884676738
2845.10884676738
2845.10884676738
2845.10884676738
2845.10884676738
2845.10884676738
2845.10884676738
2845.10884676738
2845.10884676738
2845.10884676738
2845.10884676738
2845.10884676738
2845.10884676738
2845.10884676738
2845.10884676738
2845.10884676738
2845.10884676738
2845.10884676738
2845.10884676738
2845.69914008076
2845.69914008076
2845.69914008076
2845.69914008076
2845.69914008076
2845.69914008076
2845.69914008076
2845.69914008076
2845.69914008076
2845.69914008076
2845.69914008076
2845.69914008076
2845.69914008076
2845.69914008076
2845.69914008076
2845.69914008076
2845.69914008076
2845.69914008076
2845.69914008076
2845.69914008076
2845.69914008076
2845.69914008076
2845.69914008076
2846.40681201663
2846.65439615858
2846.65439615858
2846.65439615858
2846.65439615858
2846.65439615858
2846.65439615858
2846.65439615858
2846.65439615858
2846.65439615858
2846.65439615858
2846.65439615858
2846.65439615858
2846.65439615858
2846.65439615858
2846.65439615858
2846.65439615858
2846.65439615858
2846.65439615858
2846.65439615858
2846.65439615858
2846.65439615858
2846.65439615858
2846.65439615858
2846.65439615858
2846.65439615858
2846.65439615858
2846.65439615858
2846.65439615858
2846.65439615858
2846.65439615858
2846.65439615858
2846.65439615858
2846.65439615858
2846.65439615858
2846.65439615858
2846.65439615858
2846.65439615858
2846.65439615858
2846.65439615858
2846.65439615858
2846.65439615858
2846.65439615858
2846.65439615858
2846.65439615858
2846.65439615858
2846.65439615858
2846.65439615858
2846.65439615858
2846.65439615858
2846.65439615858
2846.65439615858
2846.65439615858
2846.65439615858
2846.65439615858
2846.65439615858
2846.65439615858
2846.65439615858
2846.65439615858
2846.65439615858
2846.65439615858
2846.65439615858
2846.65439615858
2846.65439615858
2846.65439615858
2846.65439615858
2846.65439615858
2846.65439615858
2846.65439615858
2846.65439615858
2846.65439615858
2846.65439615858
2846.65439615858
2846.65439615858
2846.65439615858
2846.65439615858
2846.65439615858
2846.65439615858
2846.65439615858
2846.65439615858
2846.65439615858
2846.65439615858
2846.65439615858
2846.65439615858
2846.65439615858
2846.65439615858
2846.65439615858
2846.65439615858
2846.65439615858
2846.65439615858
2846.65439615858
2846.65439615858
2846.65439615858
2846.65439615858
2846.65439615858
2846.65439615858
2846.65439615858
2846.65439615858
2846.65439615858
2846.65439615858
2846.65439615858
2846.65439615858
2846.65439615858
2846.65439615858
2846.65439615858
2846.65439615858
2846.65439615858
2846.65439615858
2846.65439615858
2846.65439615858
2846.65439615858
2846.65439615858
2846.65439615858
2846.65439615858
2846.65439615858
2846.65439615858
2846.65439615858
2846.65439615858
2846.65439615858
2846.65439615858
2846.65439615858
2846.65439615858
2846.65439615858
2846.65439615858
2846.65439615858
2846.65439615858
2846.65439615858
2846.65439615858
2846.65439615858
2846.65439615858
2846.65439615858
2846.65439615858
2846.65439615858
2846.65439615858
2846.65439615858
2846.65439615858
2846.65439615858
2846.65439615858
2846.65439615858
2846.65439615858
2846.65439615858
2846.65439615858
2846.65439615858
2846.65439615858
2846.65439615858
2846.65439615858
2846.65439615858
2846.65439615858
2846.65439615858
2846.65439615858
2847.05676489499
2847.05676489499
2847.05676489499
2847.34858547094
2848.74961015761
2848.74961015761
2848.74961015761
2848.74961015761
2848.74961015761
2848.74961015761
2848.74961015761
2848.74961015761
2848.74961015761
2848.74961015761
2848.74961015761
2848.74961015761
2848.74961015761
2848.74961015761
2848.74961015761
2848.74961015761
2848.74961015761
2848.74961015761
2848.74961015761
2848.74961015761
2848.74961015761
2848.74961015761
2848.74961015761
2848.74961015761
2848.74961015761
2848.74961015761
2848.74961015761
2848.74961015761
2848.74961015761
2848.74961015761
2848.74961015761
2848.74961015761
2848.74961015761
2848.74961015761
2848.74961015761
2848.74961015761
2848.74961015761
2848.74961015761
2850.03647511209
2850.98917240881
2850.98917240881
2850.98917240881
2850.98917240881
2854.73252139814
2854.99151058033
2854.99151058033
2854.99151058033
2854.99151058033
2854.99151058033
2854.99151058033
2854.99151058033
2854.99151058033
2854.99151058033
2854.99151058033
2854.99151058033
2854.99151058033
2854.99151058033
2854.99151058033
2854.99151058033
2854.99151058033
2854.99151058033
2854.99151058033
2854.99151058033
2854.99151058033
2854.99151058033
2854.99151058033
2854.99151058033
2854.99151058033
2858.3108908152
2858.32877651773
2858.32877651773
2858.32877651773
2858.32877651773
2858.32877651773
2858.32877651773
2858.32877651773
2858.32877651773
2858.32877651773
2858.32877651773
2858.32877651773
2858.32877651773
2858.32877651773
2863.43711915269
2863.43711915269
2863.43711915269
2863.43711915269
2863.43711915269
2863.43711915269
2863.43711915269
2863.43711915269
2863.43711915269
2863.43711915269
2864.85063685093
2865.43481316539
2865.43481316539
2865.43481316539
2865.43481316539
2865.43481316539
2865.43481316539
2865.43481316539
2865.43481316539
2865.43481316539
2865.43481316539
2865.52741758853
2865.75538855436
2865.75538855436
2865.75538855436
2865.75538855436
2865.75538855436
2865.75538855436
2865.75538855436
2865.75538855436
2865.75538855436
2865.75538855436
2865.75538855436
2865.75538855436
2865.75538855436
2865.75538855436
2865.75538855436
2865.75538855436
2865.75538855436
2865.75538855436
2865.75538855436
2865.75538855436
2865.75538855436
2865.75538855436
2865.75538855436
2865.75538855436
2865.75538855436
2865.75538855436
2865.75538855436
2865.75538855436
2865.75538855436
2865.75538855436
2865.75538855436
2865.75538855436
2865.75538855436
2865.75538855436
2865.75538855436
2865.75538855436
2865.75538855436
2865.75538855436
2865.75538855436
2865.75538855436
2865.75538855436
2865.75538855436
2865.75538855436
2865.75538855436
2865.75538855436
2865.75538855436
2865.75538855436
2865.75538855436
2865.75538855436
2865.75538855436
2865.75538855436
2865.75538855436
2865.75538855436
2865.75538855436
2865.75538855436
2865.75538855436
2865.75538855436
2865.75538855436
2865.75538855436
2865.75538855436
2865.75538855436
2865.75538855436
2865.75538855436
2865.75538855436
2865.75538855436
2865.75538855436
2865.75538855436
2865.75538855436
2865.75538855436
2865.75538855436
2865.75538855436
2865.75538855436
2865.75538855436
2865.75538855436
2865.75538855436
2865.75538855436
2865.75538855436
2865.75538855436
2865.75538855436
2865.75538855436
2865.75538855436
2865.75538855436
2865.75538855436
2865.75538855436
2865.75538855436
2865.75538855436
2865.75538855436
2865.75538855436
2865.75538855436
2865.75538855436
2865.75538855436
2865.75538855436
2865.75538855436
2865.75538855436
2865.75538855436
2865.75538855436
2865.75538855436
2865.75538855436
2865.75538855436
2865.75538855436
2865.75538855436
2865.75538855436
2865.75538855436
2865.75538855436
2865.75538855436
2865.75538855436
2865.75538855436
2865.75538855436
2865.75538855436
2865.75538855436
2865.75538855436
2865.75538855436
2865.75538855436
2865.75538855436
2865.75538855436
2865.75538855436
2865.75538855436
2865.75538855436
2865.75538855436
2865.75538855436
2865.75538855436
2865.75538855436
2865.75538855436
2865.75538855436
2865.75538855436
2865.75538855436
2865.75538855436
2865.75538855436
2865.75538855436
2865.75538855436
2865.75538855436
2865.75538855436
2865.75538855436
2865.75538855436
2865.75538855436
2865.75538855436
2865.75538855436
2865.75538855436
2865.75538855436
2865.75538855436
2865.75538855436
2865.75538855436
2865.75538855436
2865.75538855436
2865.75538855436
2865.75538855436
2865.75538855436
2865.75538855436
2865.75538855436
2865.75538855436
2865.75538855436
2865.75538855436
2865.75538855436
2865.75538855436
2865.75538855436
2865.75538855436
2865.75538855436
2865.75538855436
2865.75538855436
2865.75538855436
2865.75538855436
2865.75538855436
2865.75538855436
2865.75538855436
2865.75538855436
2865.75538855436
2865.75538855436
2865.75538855436
2865.75538855436
2865.75538855436
2865.75538855436
2865.75538855436
2865.75538855436
2865.75538855436
2865.75538855436
2865.75538855436
2865.75538855436
2865.75538855436
2865.75538855436
2865.75538855436
2865.75538855436
2865.75538855436
2865.75538855436
2865.75538855436
2865.75538855436
2865.75538855436
2865.75538855436
2865.75538855436
2865.75538855436
2865.75538855436
2865.75538855436
2865.75538855436
2865.75538855436
2865.75538855436
2865.75538855436
2865.75538855436
2865.75538855436
2865.75538855436
2865.75538855436
2865.75538855436
2865.75538855436
2865.75538855436
2865.75538855436
2865.75538855436
2865.75538855436
2865.75538855436
2865.75538855436
2865.75538855436
2865.75538855436
2865.75538855436
2865.75538855436
2865.75538855436
2865.75538855436
2865.75538855436
2865.75538855436
2866.26029606372
2866.26029606372
2866.26029606372
2866.26029606372
2866.26029606372
2866.26029606372
2866.26029606372
2866.26029606372
2866.26029606372
2866.26029606372
2866.26029606372
2866.26029606372
2866.26029606372
2866.26029606372
2866.26029606372
2866.26029606372
2866.26029606372
2866.26029606372
2866.26029606372
2866.26029606372
2866.26029606372
2866.26029606372
2866.26029606372
2866.26029606372
2866.26029606372
2866.26029606372
2866.26029606372
2866.26029606372
2866.26029606372
2866.26029606372
2866.26029606372
2866.26029606372
2866.26029606372
2866.26029606372
2866.26029606372
2866.26029606372
2866.26029606372
2866.26029606372
2866.26029606372
2866.26029606372
2866.26029606372
2866.26029606372
2866.26029606372
2866.26029606372
2866.26029606372
2866.26029606372
2866.26029606372
2866.26029606372
2866.26029606372
2866.26029606372
2866.26029606372
2866.26029606372
2866.26029606372
2866.26029606372
2866.26029606372
2866.26029606372
2866.26029606372
2866.26029606372
2866.26029606372
2866.26029606372
2866.26029606372
2866.26029606372
2866.26029606372
2866.26029606372
2866.26029606372
2866.26029606372
2866.26029606372
2866.26029606372
2866.26029606372
2866.26029606372
2866.26029606372
2866.26029606372
2866.26029606372
2866.26029606372
2866.26029606372
2866.26029606372
2866.26029606372
2866.26029606372
2866.26029606372
2866.26029606372
2866.26029606372
2866.26029606372
2866.26029606372
2866.26029606372
2866.26029606372
2866.26029606372
2866.26029606372
2866.26029606372
2866.26029606372
2866.26029606372
2866.26029606372
2866.26029606372
2866.26029606372
2866.26029606372
2866.26029606372
2866.26029606372
2866.26029606372
2866.26029606372
2866.26029606372
2866.26029606372
2866.26029606372
2866.26029606372
2866.26029606372
2866.26029606372
2866.26029606372
2866.26029606372
2866.26029606372
2866.26029606372
2866.26029606372
2866.26029606372
2866.26029606372
2866.26029606372
2866.26029606372
2866.26029606372
2866.26029606372
2866.26029606372
2866.26029606372
2866.26029606372
2866.26029606372
2866.26029606372
2866.26029606372
2866.26029606372
2866.26029606372
2866.26029606372
2866.26029606372
2866.26029606372
2866.26029606372
2866.26029606372
2866.26029606372
2866.26029606372
2866.26029606372
2866.26029606372
2866.26029606372
2866.26029606372
2866.26029606372
2866.26029606372
2866.26029606372
2866.26029606372
2866.26029606372
2866.26029606372
2866.26029606372
2866.26029606372
2866.26029606372
2866.26029606372
2866.26029606372
2866.26029606372
2866.26029606372
2866.26029606372
2866.26029606372
2866.26029606372
2866.26029606372
2866.26029606372
2866.26029606372
2866.26029606372
2866.26029606372
2866.26029606372
2866.26029606372
2866.26029606372
2866.26029606372
2866.26029606372
2866.26029606372
2866.26029606372
2866.26029606372
2866.26029606372
2866.26029606372
2866.26029606372
2866.26029606372
2866.26029606372
2866.26029606372
2866.26029606372
2866.26029606372
2867.55629294611
2867.96870679213
2867.96870679213
2867.96870679213
2867.96870679213
2867.96870679213
2867.96870679213
2867.96870679213
2867.96870679213
2867.96870679213
2867.96870679213
2867.96870679213
2867.96870679213
2867.96870679213
2867.96870679213
2867.96870679213
2867.96870679213
2871.883181503
2871.883181503
2871.883181503
2871.883181503
2871.883181503
2871.883181503
2871.883181503
2871.883181503
2871.883181503
2871.883181503
2871.883181503
2871.883181503
2871.883181503
2871.883181503
2871.883181503
2871.883181503
2871.883181503
2871.883181503
2871.883181503
2871.883181503
2871.883181503
2871.883181503
2871.883181503
2871.883181503
2871.883181503
2871.883181503
2871.883181503
2871.883181503
2871.883181503
2871.883181503
2871.883181503
2871.883181503
2871.883181503
2871.883181503
2871.883181503
2871.883181503
2871.883181503
2871.883181503
2871.883181503
2871.883181503
2871.883181503
2871.883181503
2871.883181503
2872.34377641252
2872.34377641252
2872.34377641252
2872.34377641252
2872.34377641252
2872.34377641252
2872.34377641252
2872.34377641252
2872.34377641252
2872.34377641252
2872.34377641252
2872.34377641252
2872.34377641252
2872.34377641252
2872.34377641252
2872.34377641252
2872.34377641252
2872.34377641252
2872.34377641252
2872.34377641252
2872.34377641252
2872.34377641252
2872.34377641252
2872.34377641252
2872.34377641252
2872.34377641252
2872.34377641252
2872.34377641252
2872.34377641252
2872.34377641252
2872.34377641252
2872.34377641252
2872.34377641252
2872.34377641252
2872.34377641252
2872.34377641252
2872.34377641252
2872.34377641252
2872.34377641252
2872.34377641252
2872.34377641252
2872.34377641252
2872.34377641252
2872.34377641252
2872.34377641252
2872.34377641252
2872.34377641252
2872.34377641252
2872.34377641252
2872.34377641252
2872.34377641252
2872.59477362535
2873.27948043911
2873.27948043911
2873.27948043911
2873.27948043911
2873.27948043911
2873.27948043911
2873.27948043911
2873.27948043911
2873.27948043911
2873.27948043911
2873.27948043911
2873.27948043911
2873.27948043911
2873.27948043911
2873.27948043911
2873.27948043911
2873.27948043911
2873.27948043911
2873.27948043911
2873.27948043911
2873.27948043911
2873.27948043911
2873.27948043911
2873.27948043911
2873.27948043911
2873.27948043911
2873.27948043911
2873.27948043911
2873.27948043911
2873.27948043911
2873.27948043911
2878.59863414931
2878.69685878162
2878.69685878162
2878.69685878162
2878.69685878162
2878.69685878162
2878.69685878162
2878.69685878162
2878.69685878162
2878.69685878162
2878.69685878162
2878.69685878162
2878.69685878162
2878.69685878162
2878.69685878162
2878.69685878162
2878.69685878162
2878.69685878162
2878.69685878162
2878.69685878162
2878.69685878162
2878.69685878162
2878.69685878162
2878.69685878162
2878.69685878162
2878.69685878162
2878.69685878162
2878.69685878162
2878.69685878162
2878.69685878162
2878.69685878162
2878.69685878162
2878.69685878162
2878.69685878162
2878.69685878162
2878.69685878162
2878.69685878162
2878.69685878162
2878.69685878162
2878.69685878162
2878.69685878162
2878.69685878162
2878.69685878162
2878.69685878162
2878.69685878162
2878.69685878162
2878.69685878162
2878.69685878162
2878.69685878162
2878.69685878162
2878.69685878162
2878.69685878162
2878.69685878162
2878.69685878162
2878.69685878162
2878.69685878162
2878.69685878162
2878.69685878162
2878.69685878162
2878.69685878162
2878.69685878162
2878.69685878162
2878.69685878162
2879.04621108488
2879.04621108488
2879.04621108488
2879.13196712584
2879.13196712584
2879.13196712584
2879.13196712584
2879.13196712584
2879.13196712584
2879.13196712584
2879.13196712584
2879.13196712584
2879.13196712584
2879.13196712584
2879.88937272357
2880.53499226613
2880.53499226613
2880.53499226613
2880.53499226613
2880.53499226613
2880.53499226613
2880.53499226613
2880.53499226613
2880.53499226613
2880.53499226613
2880.53499226613
2880.53499226613
2880.53499226613
2880.53499226613
2880.53499226613
2880.53499226613
2880.53499226613
2880.53499226613
2880.53499226613
2880.53499226613
2880.53499226613
2880.53499226613
2880.53499226613
2880.53499226613
2880.53499226613
2880.53499226613
2880.53499226613
2880.53499226613
2880.53499226613
2880.53499226613
2880.53499226613
2880.53499226613
2880.53499226613
2880.53499226613
2880.53499226613
2880.53499226613
2880.53499226613
2880.53499226613
2880.53499226613
2880.53499226613
2880.53499226613
2880.53499226613
2880.53499226613
2880.53499226613
2880.53499226613
2880.53499226613
2880.53499226613
2880.53499226613
2880.53499226613
2880.53499226613
2880.53499226613
2880.53499226613
2880.53499226613
2880.53499226613
2880.53499226613
2880.53499226613
2880.53499226613
2880.53499226613
2880.53499226613
2880.53499226613
2880.53499226613
2880.53499226613
2880.53499226613
2880.53499226613
2880.53499226613
2880.53499226613
2880.53499226613
2880.53499226613
2880.53499226613
2880.53499226613
2880.53499226613
2880.53499226613
2880.53499226613
2880.53499226613
2880.53499226613
2880.53499226613
2880.53499226613
2880.53499226613
2880.53499226613
2880.53499226613
2880.53499226613
2880.53499226613
2880.53499226613
2880.53499226613
2880.53499226613
2880.53499226613
2880.53499226613
2880.53499226613
2880.53499226613
2880.53499226613
2880.53499226613
2880.53499226613
2880.53499226613
2880.53499226613
2880.53499226613
2880.53499226613
2880.53499226613
2880.53499226613
2880.53499226613
2880.53499226613
2880.53499226613
2880.53499226613
2880.53499226613
2880.53499226613
2880.53499226613
2880.53499226613
2880.53499226613
2880.53499226613
2880.53499226613
2880.53499226613
2880.53499226613
2880.53499226613
2880.53499226613
2880.53499226613
2881.38320891301
2881.38320891301
2881.38320891301
2881.38320891301
2881.38320891301
2881.38320891301
2881.38320891301
2881.38320891301
2881.38320891301
2881.38320891301
2881.38320891301
2881.38320891301
2881.38320891301
2881.38320891301
2881.38320891301
2881.38320891301
2886.28743040461
2886.28743040461
2886.28743040461
2886.28743040461
2886.28743040461
2886.28743040461
2886.28743040461
2886.28743040461
2886.28743040461
2886.28743040461
2886.28743040461
2886.28743040461
2886.28743040461
2886.28743040461
2886.28743040461
2886.28743040461
2886.28743040461
2886.28743040461
2886.28743040461
2886.28743040461
2886.28743040461
2886.28743040461
2886.28743040461
2889.99520926641
2889.99520926641
2889.99520926641
2889.99520926641
2889.99520926641
2889.99520926641
2889.99520926641
2889.99520926641
2889.99520926641
2889.99520926641
2889.99520926641
2889.99520926641
2889.99520926641
2889.99520926641
2889.99520926641
2889.99520926641
2889.99520926641
2889.99520926641
2891.78186705461
2891.78186705461
2891.78186705461
2891.78186705461
2891.78186705461
2891.78186705461
2891.78186705461
2891.78186705461
2891.78186705461
2891.78186705461
2891.78186705461
2891.78186705461
2891.78186705461
2891.78186705461
2891.78186705461
2891.78186705461
2891.78186705461
2891.78186705461
2891.78186705461
2891.78186705461
2891.78186705461
2891.78186705461
2891.78186705461
2891.78186705461
2891.78186705461
2891.78186705461
2891.78186705461
2891.78186705461
2891.78186705461
2891.78186705461
2891.78186705461
2891.78186705461
2891.78186705461
2891.78186705461
2891.78186705461
2891.78186705461
2891.78186705461
2891.78186705461
2891.78186705461
2891.78186705461
2891.78186705461
2891.78186705461
2891.78186705461
2891.78186705461
2891.78186705461
2891.78186705461
2891.78186705461
2891.78186705461
2891.78186705461
2891.78186705461
2893.55363063978
2893.55363063978
2893.55363063978
2893.55363063978
2893.55363063978
2893.55363063978
2893.55363063978
2893.55363063978
2893.55363063978
2893.55363063978
2893.55363063978
2893.55363063978
2893.55363063978
2893.55363063978
2893.55363063978
2893.55363063978
2893.55363063978
2896.36714545997
2896.87507063441
2896.87507063441
2896.87507063441
2896.87507063441
2896.87507063441
2896.87507063441
2896.87507063441
2896.87507063441
2896.87507063441
2896.87507063441
2896.87507063441
2896.87507063441
2896.87507063441
2896.87507063441
2896.87507063441
2896.87507063441
2896.87507063441
2896.87507063441
2896.87507063441
2896.87507063441
2896.87507063441
2896.87507063441
2896.87507063441
2896.87507063441
2896.87507063441
2897.09363036755
2898.20950712678
2898.20950712678
2898.20950712678
2898.20950712678
2898.20950712678
2898.20950712678
2898.20950712678
2898.20950712678
2898.20950712678
2898.20950712678
2898.20950712678
2898.20950712678
2898.20950712678
2898.20950712678
2898.20950712678
2898.20950712678
2898.20950712678
2898.20950712678
2898.20950712678
2898.20950712678
2898.20950712678
2898.20950712678
2898.20950712678
2898.20950712678
2898.20950712678
2898.20950712678
2898.20950712678
2898.20950712678
2898.20950712678
2898.20950712678
2898.20950712678
2898.20950712678
2898.20950712678
2898.20950712678
2898.20950712678
2898.20950712678
2898.20950712678
2898.20950712678
2898.20950712678
2898.20950712678
2898.20950712678
2898.20950712678
2898.20950712678
2898.20950712678
2898.20950712678
2898.20950712678
2898.20950712678
2898.20950712678
2898.20950712678
2898.20950712678
2898.20950712678
2898.20950712678
2898.20950712678
2898.20950712678
2898.20950712678
2898.20950712678
2898.20950712678
2898.20950712678
2898.20950712678
2898.20950712678
2898.20950712678
2898.20950712678
2898.20950712678
2898.20950712678
2898.20950712678
2898.20950712678
2898.20950712678
2898.20950712678
2898.20950712678
2898.20950712678
2898.20950712678
2898.20950712678
2898.20950712678
2898.20950712678
2898.20950712678
2898.20950712678
2898.20950712678
2898.20950712678
2898.20950712678
2898.20950712678
2898.20950712678
2898.20950712678
2898.20950712678
2898.20950712678
2898.20950712678
2898.20950712678
2898.20950712678
2898.20950712678
2898.20950712678
2898.20950712678
2898.20950712678
2898.20950712678
2898.20950712678
2898.20950712678
2898.20950712678
2898.20950712678
2898.20950712678
2898.20950712678
2898.20950712678
2898.20950712678
2898.20950712678
2900.8192497579
2901.11775392504
2901.11775392504
2901.11775392504
2901.11775392504
2901.11775392504
2901.11775392504
2901.11775392504
2901.11775392504
2901.11775392504
2901.11775392504
2901.11775392504
2901.11775392504
2901.11775392504
2901.11775392504
2901.11775392504
2901.11775392504
2901.11775392504
2901.11775392504
2901.11775392504
2903.37845067505
2903.37845067505
2903.37845067505
2903.37845067505
2903.37845067505
2903.37845067505
2903.37845067505
2903.63025767711
2904.0146535102
2904.0146535102
2904.0146535102
2904.0146535102
2904.0146535102
2906.13326185342
2906.59127000787
2906.59127000787
2906.59127000787
2906.59127000787
2906.59127000787
2906.59127000787
2906.59127000787
2906.59127000787
2906.59127000787
2906.59127000787
2906.59127000787
2906.59127000787
2906.59127000787
2906.59127000787
2906.59127000787
2906.59127000787
2906.59127000787
2906.59127000787
2906.59127000787
2906.59127000787
2906.59127000787
2906.59127000787
2906.59127000787
2906.59127000787
2906.59127000787
2909.14532705646
2909.76357181157
2909.76357181157
2909.76357181157
2909.76357181157
2909.76357181157
2909.76357181157
2909.76357181157
2909.76357181157
2909.76357181157
2909.76357181157
2909.76357181157
2909.76357181157
2909.76357181157
2909.76357181157
2909.76357181157
2909.76357181157
2909.76357181157
2909.76357181157
2909.76357181157
2909.76357181157
2909.76357181157
2909.76357181157
2909.76357181157
2909.76357181157
2909.76357181157
2909.76357181157
2909.76357181157
2909.76357181157
2909.76357181157
2909.76357181157
2909.76357181157
2910.10050011168
2910.63676751798
2910.63676751798
2910.63676751798
2910.63676751798
2910.63676751798
2910.63676751798
2910.63676751798
2910.63676751798
2910.63676751798
2910.63676751798
2910.63676751798
2910.63676751798
2910.63676751798
2910.63676751798
2910.63676751798
2910.63676751798
2910.63676751798
2911.98973910069
2911.98973910069
2911.98973910069
2911.98973910069
2911.98973910069
2911.98973910069
2911.98973910069
2911.98973910069
2911.98973910069
2911.98973910069
2911.98973910069
2911.98973910069
2911.98973910069
2911.98973910069
2911.98973910069
2911.98973910069
2911.98973910069
2911.98973910069
2911.98973910069
2911.98973910069
2911.98973910069
2911.98973910069
2911.98973910069
2911.98973910069
2911.98973910069
2911.98973910069
2911.98973910069
2911.98973910069
2911.98973910069
2911.98973910069
2911.98973910069
2911.98973910069
2911.98973910069
2911.98973910069
2911.98973910069
2911.98973910069
2911.98973910069
2911.98973910069
2911.98973910069
2911.98973910069
2911.98973910069
2911.98973910069
2911.98973910069
2911.98973910069
2911.98973910069
2911.98973910069
2911.98973910069
2911.98973910069
2911.98973910069
2911.98973910069
2911.98973910069
2911.98973910069
2911.98973910069
2911.98973910069
2911.98973910069
2911.98973910069
2911.98973910069
2911.98973910069
2911.98973910069
2911.98973910069
2911.98973910069
2911.98973910069
2911.98973910069
2911.98973910069
2911.98973910069
2911.98973910069
2911.98973910069
2911.98973910069
2911.98973910069
2911.98973910069
2911.98973910069
2911.98973910069
2911.98973910069
2911.98973910069
2911.98973910069
2911.98973910069
2911.98973910069
2911.98973910069
2911.98973910069
2911.98973910069
2911.98973910069
2911.98973910069
2911.98973910069
2911.98973910069
2911.98973910069
2911.98973910069
2911.98973910069
2911.98973910069
2911.98973910069
2911.98973910069
2911.98973910069
2911.98973910069
2911.98973910069
2911.98973910069
2911.98973910069
2911.98973910069
2911.98973910069
2911.98973910069
2911.98973910069
2911.98973910069
2911.98973910069
2911.98973910069
2911.98973910069
2911.98973910069
2911.98973910069
2911.98973910069
2911.98973910069
2911.98973910069
2911.98973910069
2911.98973910069
2911.98973910069
2911.98973910069
2913.21252381658
2913.3923645238
2913.3923645238
2913.3923645238
2913.3923645238
2913.3923645238
2913.3923645238
2913.3923645238
2913.3923645238
2913.3923645238
2913.3923645238
2913.3923645238
2913.3923645238
2913.3923645238
2913.3923645238
2913.3923645238
2913.3923645238
2913.3923645238
2913.3923645238
2913.3923645238
2913.3923645238
2913.3923645238
2913.3923645238
2913.3923645238
2913.3923645238
2913.3923645238
2913.3923645238
2913.3923645238
2913.3923645238
2913.3923645238
2913.3923645238
2914.82211260568
2914.82211260568
2919.98774805668
2919.98774805668
2919.98774805668
2919.98774805668
2919.98774805668
2919.98774805668
2919.98774805668
2919.98774805668
2919.98774805668
2919.98774805668
2919.98774805668
2919.98774805668
2919.98774805668
2919.98774805668
2919.98774805668
2919.98774805668
2919.98774805668
2919.98774805668
2919.98774805668
2919.98774805668
2919.98774805668
2919.98774805668
2919.98774805668
2919.98774805668
2919.98774805668
2919.98774805668
2919.98774805668
2919.98774805668
2919.98774805668
2919.98774805668
2919.98774805668
2919.98774805668
2919.98774805668
2919.98774805668
2919.98774805668
2919.98774805668
2919.98774805668
2919.98774805668
2919.98774805668
2919.98774805668
2919.98774805668
2919.98774805668
2919.98774805668
2919.98774805668
2919.98774805668
2919.98774805668
2919.98774805668
2919.98774805668
2919.98774805668
2919.98774805668
2919.98774805668
2919.98774805668
2919.98774805668
2919.98774805668
2919.98774805668
2919.98774805668
2919.98774805668
2919.98774805668
2919.98774805668
2919.98774805668
2919.98774805668
2919.98774805668
2919.98774805668
2919.98774805668
2919.98774805668
2919.98774805668
2919.98774805668
2919.98774805668
2919.98774805668
2919.98774805668
2919.98774805668
2919.98774805668
2919.98774805668
2919.98774805668
2919.98774805668
2919.98774805668
2919.98774805668
2919.98774805668
2919.98774805668
2919.98774805668
2920.08469319354
2920.22180951085
2920.22180951085
2920.22180951085
2920.22180951085
2920.22180951085
2922.92911531261
2923.12202069196
2923.12202069196
2923.12202069196
2926.8551975544
2926.8551975544
2926.8551975544
2926.8551975544
2926.8551975544
2926.8551975544
2926.8551975544
2926.8551975544
2926.8551975544
2926.8551975544
2926.8551975544
2926.8551975544
2926.8551975544
2926.8551975544
2926.8551975544
2926.8551975544
2926.8551975544
2927.89004782124
2928.27974974312
2928.27974974312
2928.27974974312
2928.27974974312
2928.27974974312
2928.27974974312
2928.27974974312
2928.27974974312
2928.27974974312
2928.27974974312
2928.27974974312
2928.27974974312
2928.27974974312
2928.27974974312
2928.27974974312
2928.27974974312
2928.27974974312
2928.27974974312
2928.27974974312
2929.23407152378
2929.6679096759
2929.6679096759
2929.6679096759
2929.6679096759
2929.6679096759
2929.6679096759
2929.6679096759
2929.6679096759
2929.6679096759
2929.6679096759
2929.6679096759
2929.6679096759
2929.6679096759
2929.6679096759
2929.6679096759
2929.6679096759
2929.6679096759
2929.6679096759
2929.6679096759
2929.6679096759
2929.6679096759
2929.6679096759
2929.6679096759
2929.6679096759
2929.6679096759
2929.6679096759
2929.6679096759
2929.6679096759
2929.6679096759
2929.6679096759
2929.6679096759
2929.6679096759
2929.6679096759
2929.6679096759
2929.6679096759
2929.6679096759
2929.6679096759
2929.6679096759
2929.6679096759
2929.6679096759
2929.6679096759
2929.6679096759
2929.6679096759
2929.6679096759
2929.6679096759
2929.6679096759
2929.6679096759
2929.6679096759
2929.6679096759
2929.6679096759
2929.6679096759
2929.6679096759
2929.6679096759
2929.6679096759
2929.6679096759
2929.6679096759
2929.6679096759
2929.6679096759
2929.6679096759
2929.6679096759
2929.6679096759
2929.6679096759
2929.6679096759
2929.6679096759
2929.6679096759
2929.6679096759
2929.6679096759
2929.6679096759
2929.6679096759
2929.6679096759
2929.6679096759
2929.6679096759
2929.6679096759
2929.6679096759
2929.6679096759
2929.6679096759
2929.6679096759
2929.6679096759
2929.6679096759
2929.6679096759
2929.6679096759
2929.6679096759
2929.6679096759
2929.6679096759
2929.77604477292
2929.77604477292
2929.77604477292
2929.77604477292
2929.77604477292
2929.77604477292
2929.77604477292
2929.77604477292
2929.77604477292
2929.77604477292
2929.77604477292
2929.77604477292
2929.77604477292
2929.77604477292
2929.77604477292
2929.77604477292
2929.77604477292
2929.77604477292
2929.77604477292
2929.77604477292
2929.77604477292
2929.77604477292
2929.77604477292
2929.77604477292
2929.77604477292
2929.77604477292
2929.77604477292
2929.77604477292
2929.77604477292
2929.77604477292
2929.77604477292
2929.77604477292
2929.77604477292
2929.77604477292
2929.77604477292
2929.77604477292
2929.77604477292
2929.77604477292
2929.77604477292
2929.77604477292
2929.77604477292
2929.77604477292
2929.77604477292
2929.77604477292
2929.77604477292
2929.77604477292
2929.77604477292
2929.77604477292
2929.77604477292
2929.77604477292
2929.77604477292
2929.77604477292
2929.77604477292
2929.77604477292
2929.77604477292
2929.77604477292
2929.77604477292
2929.77604477292
2929.77604477292
2929.77604477292
2929.77604477292
2929.77604477292
2929.77604477292
2929.77604477292
2929.77604477292
2929.77604477292
2929.77604477292
2929.77604477292
2929.77604477292
2929.77604477292
2929.77604477292
2929.77604477292
2929.77604477292
2929.77604477292
2929.77604477292
2929.77604477292
2929.77604477292
2929.77604477292
2929.77604477292
2929.77604477292
2929.77604477292
2929.77604477292
2929.77604477292
2929.77604477292
2929.77604477292
2929.77604477292
2929.77604477292
2929.77604477292
2929.77604477292
2929.77604477292
2929.77604477292
2929.77604477292
2929.77604477292
2929.77604477292
2929.77604477292
2929.77604477292
2929.77604477292
2929.77604477292
2929.77604477292
2929.77604477292
2929.77604477292
2929.77604477292
2929.77604477292
2929.77604477292
2929.77604477292
2929.77604477292
2929.77604477292
2929.77604477292
2929.77604477292
2929.77604477292
2929.77604477292
2929.77604477292
2929.77604477292
2929.77604477292
2929.77604477292
2929.77604477292
2929.77604477292
2929.77604477292
2932.69216162838
2932.78237578893
2932.78237578893
2932.78237578893
2932.78237578893
2932.78237578893
2932.78237578893
2932.78237578893
2932.78237578893
2932.78237578893
2932.78237578893
2932.78237578893
2932.78237578893
2932.78237578893
2933.31877305541
2933.31877305541
2933.31877305541
2933.31877305541
2933.31877305541
2933.31877305541
2933.31877305541
2933.31877305541
2933.31877305541
2933.31877305541
2933.31877305541
2933.31877305541
2933.31877305541
2933.31877305541
2933.31877305541
2933.31877305541
2933.31877305541
2933.31877305541
2933.31877305541
2933.31877305541
2933.31877305541
2933.31877305541
2933.31877305541
2933.31877305541
2933.31877305541
2933.31877305541
2933.31877305541
2933.31877305541
2933.31877305541
2933.31877305541
2933.31877305541
2933.31877305541
2933.31877305541
2933.31877305541
2933.31877305541
2933.31877305541
2933.31877305541
2933.31877305541
2933.31877305541
2933.31877305541
2933.31877305541
2933.31877305541
2933.31877305541
2933.31877305541
2933.31877305541
2933.31877305541
2933.31877305541
2933.31877305541
2933.31877305541
2933.31877305541
2933.31877305541
2933.31877305541
2933.31877305541
2933.31877305541
2933.31877305541
2933.31877305541
2933.31877305541
2933.31877305541
2933.31877305541
2933.31877305541
2933.31877305541
2933.31877305541
2933.31877305541
2933.31877305541
2934.64974841574
2934.64974841574
2934.64974841574
2934.64974841574
2934.64974841574
2934.64974841574
2934.64974841574
2934.64974841574
2934.64974841574
2934.64974841574
2934.64974841574
2934.64974841574
2934.64974841574
2934.64974841574
2934.64974841574
2934.64974841574
2934.64974841574
2934.64974841574
2934.64974841574
2934.64974841574
2934.64974841574
2934.64974841574
2934.64974841574
2934.64974841574
2934.64974841574
2934.64974841574
2934.64974841574
2937.45336137378
2937.5188100816
2937.5188100816
2937.5188100816
2937.5188100816
2937.5188100816
2937.5188100816
2937.5188100816
2937.5188100816
2937.5188100816
2937.5188100816
2937.5188100816
2937.5188100816
2937.5188100816
2937.5188100816
2937.5188100816
2937.5188100816
2937.5188100816
2937.5188100816
2937.5188100816
2937.5188100816
2937.5188100816
2937.5188100816
2937.5188100816
2937.5188100816
2937.5188100816
2937.5188100816
2937.5188100816
2937.5188100816
2937.5188100816
2937.5188100816
2937.5188100816
2937.5188100816
2937.5188100816
2937.5188100816
2937.5188100816
2937.5188100816
2937.5188100816
2937.5188100816
2937.5188100816
2937.5188100816
2937.5188100816
2937.5188100816
2937.5188100816
2937.5188100816
2937.5188100816
2937.5188100816
2937.5188100816
2937.5188100816
2937.5188100816
2937.5188100816
2937.5188100816
2937.5188100816
2937.5188100816
2937.5188100816
2937.5188100816
2937.5188100816
2937.5188100816
2937.5188100816
2937.5188100816
2937.5188100816
2937.5188100816
2937.5188100816
2937.5188100816
2937.5188100816
2937.5188100816
2937.5188100816
2937.5188100816
2937.5188100816
2937.5188100816
2937.5188100816
2937.5188100816
2937.5188100816
2937.5188100816
2937.5188100816
2937.5188100816
2937.5188100816
2937.5188100816
2937.5188100816
2937.5188100816
2937.5188100816
2937.5188100816
2937.5188100816
2937.5188100816
2937.5188100816
2937.5188100816
2937.5188100816
2937.5188100816
2937.5188100816
2937.5188100816
2937.5188100816
2937.5188100816
2937.5188100816
2937.5188100816
2937.5188100816
2937.5188100816
2937.5188100816
2937.5188100816
2937.5188100816
2937.5188100816
2937.5188100816
2940.04205136275
2940.09671254307
2940.09671254307
2940.09671254307
2940.09671254307
2940.09671254307
2940.09671254307
2940.09671254307
2940.09671254307
2940.09671254307
2940.09671254307
2940.09671254307
2940.09671254307
2940.09671254307
2940.09671254307
2940.09671254307
2940.09671254307
2940.09671254307
2940.09671254307
2940.09671254307
2940.09671254307
2940.09671254307
2940.09671254307
2940.09671254307
2940.09671254307
2940.09671254307
2940.09671254307
2940.09671254307
2940.09671254307
2940.09671254307
2940.09671254307
2940.09671254307
2940.09671254307
2940.09671254307
2940.09671254307
2940.09671254307
2940.09671254307
2940.09671254307
2940.09671254307
2940.21282999388
2940.64224832454
2940.64224832454
2940.64224832454
2940.64224832454
2940.64224832454
2940.64224832454
2940.64224832454
2940.64224832454
2940.64224832454
2940.64224832454
2940.64224832454
2940.64224832454
2940.64224832454
2940.64224832454
2940.64224832454
2940.64224832454
2940.64224832454
2940.64224832454
2940.64224832454
2940.64224832454
2940.64224832454
2940.64224832454
2940.64224832454
2940.64224832454
2940.64224832454
2940.64224832454
2940.64224832454
2940.64224832454
2940.64224832454
2940.64224832454
2940.64224832454
2940.64224832454
2940.64224832454
2940.64224832454
2940.64224832454
2940.64224832454
2940.64224832454
2940.64224832454
2940.64224832454
2940.64224832454
2940.64224832454
2940.64224832454
2940.64224832454
2940.64224832454
2940.64224832454
2940.64224832454
2940.64224832454
2940.64224832454
2940.64224832454
2940.64224832454
2940.64224832454
2940.64224832454
2940.64224832454
2940.64224832454
2940.64224832454
2940.64224832454
2940.64224832454
2941.94782563849
2942.47790020017
2942.53946212086
2942.53946212086
2942.53946212086
2942.53946212086
2942.53946212086
2942.53946212086
2942.53946212086
2942.53946212086
2942.53946212086
2942.53946212086
2942.53946212086
2942.53946212086
2942.53946212086
2942.53946212086
2942.53946212086
2942.53946212086
2942.53946212086
2942.53946212086
2942.53946212086
2942.53946212086
2942.53946212086
2942.53946212086
2942.53946212086
2942.53946212086
2942.53946212086
2942.53946212086
2942.53946212086
2942.53946212086
2942.53946212086
2942.53946212086
2942.53946212086
2942.53946212086
2942.53946212086
2942.53946212086
2942.53946212086
2942.53946212086
2942.53946212086
2942.53946212086
2942.53946212086
2942.53946212086
2942.53946212086
2942.53946212086
2942.53946212086
2942.53946212086
2942.53946212086
2942.53946212086
2942.53946212086
2942.53946212086
2942.53946212086
2942.53946212086
2942.756313612
2942.83580517672
2942.83580517672
2942.83580517672
2942.83580517672
2942.83580517672
2942.83580517672
2942.83580517672
2942.83580517672
2942.83580517672
2942.83580517672
2942.83580517672
2942.83580517672
2942.83580517672
2942.83580517672
2942.83580517672
2942.83580517672
2942.83580517672
2942.83580517672
2942.83580517672
2942.83580517672
2942.83580517672
2942.83580517672
2942.83580517672
2942.83580517672

