2616.24926094415
3213.91063976599
3343.28552634963
3472.64451570141
3531.97908057112
3592.34741506182
3638.03125461826
3681.36198788572
3744.14372137138
3833.22440029459
3892.25214504971
3924.11399482552
3928.68163216706
3945.16602803766
3980.6473261153
4012.07961290846
4016.01410369339
4025.08503303369
4067.93183539663
4077.88416713441
4093.58737491537
4113.06759527509
4124.74314182623
4151.35957348196
4185.63736340715
4210.4642582815
4214.26107285199
4255.11822920896
4255.72530890424
4276.04373716043
4278.64596651182
4282.22840039999
4319.20057794341
4326.71437140374
4336.99269258483
4347.80585877694
4348.03453408196
4366.82814707249
4371.16077126855
4372.90229924628
4377.29870180711
4381.18775842026
4381.18775842026
4381.18775842026
4394.17202754283
4404.43343021946
4406.98290641319
4410.64306296171
4416.11783356732
4426.79452250611
4429.26265559071
4434.2866675926
4434.2866675926
4435.40405657154
4435.40405657154
4436.87709493092
4448.76139217082
4457.05840482402
4457.05840482402
4470.53467720362
4473.37647640499
4473.37647640499
4486.73164935488
4490.3321486405
4502.47199088134
4502.50149736625
4505.8385454443
4505.8385454443
4513.2534482381
4515.04564979041
4517.69267826289
4517.69267826289
4517.69267826289
4517.86137586562
4520.36092106828
4525.81994801111
4528.44098246938
4528.44098246938
4532.70945156546
4532.70945156546
4532.70945156546
4532.70945156546
4535.48932146288
4544.42700806986
4547.84911052886
4548.6524998929
4550.22455459912
4550.22455459912
4553.75521185094
4555.12585402284
4558.78824867362
4567.45712700488
4567.45712700488
4576.70291355939
4576.70291355939
4576.70291355939
4581.73227511894
4581.73227511894
4581.73227511894
4585.85111759685
4585.85111759685
4585.85111759685
4588.85516358602
4588.85516358602
4588.85516358602
4588.85516358602
4588.85516358602
4588.89194810685
4588.89194810685
4589.99831730067
4592.29187861942
4592.29187861942
4592.29187861942
4592.29187861942
4603.23128540423
4603.23128540423
4609.88160001631
4623.01490498215
4626.79094775623
4626.79094775623
4629.33239405082
4629.64204232542
4635.0691727771
4649.04393977697
4649.24349379023
4661.36231890144
4670.66064947909
4670.66064947909
4670.66064947909
4670.66064947909
4670.66064947909
4679.04379644105
4679.04379644105
4698.47843878396
4698.47843878396
4698.47843878396
4699.69572767988
4706.63055033863
4711.8835991783
4711.8835991783
4714.49187505882
4714.49187505882
4718.537982059
4718.537982059
4740.76546248622
4740.76546248622
4740.76546248622
4741.59331449028
4741.59331449028
4743.05912499912
4743.05912499912
4743.05912499912
4754.26350258066
4754.26350258066
4764.13468642279
4771.88938010522
4775.26305811806
4776.56697436734
4776.56697436734
4776.56697436734
4776.56697436734
4776.56697436734
4776.56697436734
4779.0398826996
4784.03113800244
4786.15697595256
4786.15697595256
4786.15697595256
4786.15697595256
4786.15697595256
4789.66910846322
4789.66910846322
4790.53359579662
4792.68869838425
4792.68869838425
4792.68869838425
4792.68869838425
4793.36541772686
4793.36541772686
4793.36541772686
4793.36541772686
4793.36541772686
4815.38692188359
4821.14942436823
4823.26084135457
4825.61245969837
4827.48234084341
4827.48234084341
4827.48234084341
4827.48234084341
4827.48234084341
4832.64070580845
4834.08766259536
4834.08766259536
4834.08766259536
4840.49643965737
4840.52089940177
4842.17980023883
4842.85253374379
4842.85253374379
4842.85253374379
4842.85253374379
4842.85253374379
4842.85253374379
4842.85253374379
4847.34400025499
4847.34400025499
4847.34400025499
4852.76188065705
4853.83419214325
4853.83419214325
4855.29023335402
4855.29023335402
4857.09138830344
4868.05066899923
4868.05066899923
4870.08854540972
4870.08854540972
4870.08854540972
4870.08854540972
4870.08854540972
4870.08854540972
4870.08854540972
4870.08854540972
4884.62087514184
4886.45684466858
4887.26327996356
4887.26327996356
4893.50072831755
4893.85474674743
4893.85474674743
4893.85474674743
4893.85474674743
4896.85893626661
4896.85893626661
4906.08995473466
4906.2605089189
4906.2605089189
4906.2605089189
4906.2605089189
4906.2605089189
4906.2605089189
4908.45250312275
4909.05642656204
4909.05642656204
4909.05642656204
4909.05642656204
4909.05642656204
4909.30576503854
4910.19396956401
4911.34555775481
4911.34555775481
4911.34555775481
4911.34555775481
4911.34555775481
4911.34555775481
4911.34555775481
4913.12154157566
4913.12154157566
4915.20094397146
4915.20094397146
4916.1964358645
4916.1964358645
4916.99705944407
4921.05555151712
4921.05555151712
4929.32803933365
4930.44654434481
4930.44654434481
4934.49190436862
4940.9693424956
4940.9693424956
4940.9693424956
4941.35753022438
4941.35753022438
4941.87861211102
4944.91798343549
4949.4636595897
4949.4636595897
4949.4636595897
4949.4636595897
4951.81933901388
4951.81933901388
4953.68247366401
4953.68247366401
4953.68247366401
4953.68247366401
4953.68247366401
4953.68247366401
4953.68247366401
4956.48476575253
4956.48476575253
4956.48476575253
4956.48476575253
4956.48476575253
4956.48476575253
4958.59295105498
4958.59295105498
4962.02316316175
4962.02316316175
4962.02316316175
4962.02316316175
4962.02316316175
4962.98894665134
4968.15035059506
4970.9207157327
4970.9207157327
4970.9207157327
4973.17361133597
4973.17361133597
4980.13961127681
4981.51868135446
4981.51868135446
4981.51868135446
4981.51868135446
4981.51868135446
4981.51868135446
4981.51868135446
4981.51868135446
4981.51868135446
4981.51868135446
4981.78694127034
4981.78694127034
4984.58245317094
4984.58245317094
4989.65655554916
4989.65655554916
4994.71694095939
4995.07568713019
4995.07568713019
4998.9015350902
5001.64140053138
5004.67266211199
5004.67266211199
5004.67266211199
5011.72069950735
5011.72069950735
5011.72069950735
5016.7601422039
5016.7601422039
5016.7601422039
5016.7601422039
5016.7601422039
5019.26629901489
5019.26629901489
5019.66989529774
5026.65687984634
5027.17323877363
5027.86782308952
5027.86782308952
5032.77314222392
5032.89183121483
5032.89183121483
5032.89183121483
5032.89183121483
5032.89183121483
5032.89183121483
5032.89183121483
5032.89183121483
5032.89183121483
5035.35161926385
5035.35161926385
5038.96435625964
5038.96435625964
5045.91939644585
5045.91939644585
5048.49333547739
5048.49333547739
5048.49333547739
5048.49333547739
5048.49333547739
5048.49333547739
5048.49333547739
5048.49333547739
5055.90797920766
5055.90797920766
5055.90797920766
5057.70260083909
5057.70260083909
5057.70260083909
5057.70260083909
5057.70260083909
5057.70260083909
5057.70260083909
5066.11677200695
5066.11677200695
5066.11677200695
5068.17085231243
5068.17085231243
5068.17085231243
5069.00385188472
5069.00385188472
5069.00385188472
5069.00385188472
5069.00385188472
5074.99924396233
5077.54023119178
5077.54023119178
5078.58178898771
5078.58178898771
5078.58178898771
5078.58178898771
5078.58178898771
5078.58178898771
5078.58178898771
5078.58178898771
5078.58178898771
5078.58178898771
5078.58178898771
5078.58178898771
5078.58178898771
5078.58178898771
5078.58178898771
5078.58178898771
5086.57195650825
5086.57195650825
5086.57195650825
5086.57195650825
5086.57195650825
5086.57195650825
5086.57195650825
5086.57195650825
5086.57195650825
5086.57195650825
5086.87004701913
5086.87004701913
5088.79520118408
5088.79520118408
5088.79520118408
5088.79520118408
5088.79520118408
5088.79520118408
5088.79520118408
5088.79520118408
5088.79520118408
5090.44539230268
5090.44539230268
5090.44539230268
5090.44539230268
5090.44539230268
5090.44539230268
5090.44539230268
5090.44539230268
5090.44539230268
5095.37724047118
5095.37724047118
5095.37724047118
5096.30991182853
5096.30991182853
5096.30991182853
5096.30991182853
5096.30991182853
5096.30991182853
5097.83307236355
5097.83307236355
5097.83307236355
5097.83307236355
5097.83307236355
5097.83307236355
5097.83307236355
5097.83307236355
5097.83307236355
5097.83307236355
5097.83307236355
5097.83307236355
5097.83307236355
5097.83307236355
5097.83307236355
5097.83307236355
5097.83307236355
5098.26767974385
5105.30496418354
5105.80486438136
5105.80486438136
5105.80486438136
5106.9272625113
5106.9272625113
5107.8315033683
5107.8315033683
5107.8315033683
5112.14144144156
5112.14144144156
5116.35199221724
5116.35199221724
5116.35199221724
5116.35199221724
5116.35199221724
5116.35199221724
5116.35199221724
5116.46501275086
5118.28084041194
5118.28084041194
5119.22768179352
5119.22768179352
5119.22768179352
5119.22768179352
5119.22768179352
5119.22768179352
5119.22768179352
5119.22768179352
5119.22768179352
5119.22768179352
5119.22768179352
5119.22768179352
5119.22768179352
5119.22768179352
5127.58596204052
5135.76545793915
5139.70934798208
5140.09420504386
5140.09420504386
5140.09420504386
5140.09420504386
5140.09420504386
5142.28986402584
5142.28986402584
5142.28986402584
5142.28986402584
5142.28986402584
5142.28986402584
5142.28986402584
5142.28986402584
5145.2194322149
5145.2194322149
5146.92933592022
5146.92933592022
5146.92933592022
5146.92933592022
5146.92933592022
5146.92933592022
5146.92933592022
5146.92933592022
5146.92933592022
5146.92933592022
5146.92933592022
5146.92933592022
5146.92933592022
5146.92933592022
5146.92933592022
5146.92933592022
5146.92933592022
5146.92933592022
5146.92933592022
5146.92933592022
5146.92933592022
5146.92933592022
5146.92933592022
5146.92933592022
5147.31975232568
5150.60181934858
5150.60181934858
5150.60181934858
5150.60181934858
5150.60181934858
5151.01688862487
5157.7547803318
5159.2559518741
5159.2559518741
5159.2559518741
5159.2559518741
5159.2559518741
5159.2559518741
5159.2559518741
5161.87609652946
5161.87609652946
5161.87609652946
5161.87609652946
5161.87609652946
5161.87609652946
5161.87609652946
5161.87609652946
5161.87609652946
5161.87609652946
5161.87609652946
5161.87609652946
5161.87609652946
5161.87609652946
5161.87609652946
5161.87609652946
5161.87609652946
5161.87609652946
5161.87609652946
5171.01573277477
5171.01573277477
5171.01573277477
5171.01573277477
5171.16973915332
5171.16973915332
5171.16973915332
5171.16973915332
5171.16973915332
5171.16973915332
5171.16973915332
5172.212885665
5172.212885665
5177.03586172253
5177.03586172253
5177.03586172253
5177.03586172253
5177.03586172253
5178.64956711663
5179.68524361809
5179.68524361809
5179.68524361809
5179.68524361809
5182.31875265633
5185.53076398248
5185.53076398248
5185.53076398248
5193.46626117505
5193.46626117505
5193.46626117505
5194.06484335246
5194.06484335246
5194.06484335246
5194.06484335246
5194.06484335246
5195.82931814515
5195.82931814515
5195.82931814515
5195.82931814515
5195.82931814515
5195.82931814515
5195.82931814515
5195.82931814515
5195.82931814515
5195.82931814515
5195.82931814515
5195.82931814515
5195.82931814515
5195.82931814515
5195.82931814515
5195.82931814515
5195.82931814515
5195.82931814515
5195.82931814515
5195.82931814515
5195.82931814515
5195.82931814515
5195.82931814515
5195.82931814515
5195.82931814515
5195.82931814515
5195.82931814515
5195.82931814515
5195.82931814515
5195.82931814515
5195.82931814515
5195.82931814515
5195.82931814515
5195.82931814515
5195.82931814515
5196.75637780033
5197.46719021309
5197.46719021309
5197.46719021309
5197.46719021309
5197.46719021309
5197.46719021309
5197.46719021309
5197.46719021309
5197.46719021309
5205.20464766085
5205.20464766085
5205.20464766085
5205.20464766085
5212.50853750609
5215.61944706203
5215.61944706203
5215.61944706203
5215.61944706203
5219.85595697667
5219.85595697667
5219.85595697667
5219.85595697667
5219.85595697667
5219.85595697667
5219.85595697667
5221.85831230511
5221.85831230511
5221.85831230511
5221.85831230511
5221.85831230511
5221.85831230511
5221.85831230511
5221.85831230511
5224.34313779937
5224.34313779937
5224.34313779937
5236.30275879504
5236.30275879504
5236.30275879504
5236.30275879504
5236.30275879504
5236.30275879504
5241.57803833699
5241.57803833699
5241.57803833699
5241.57803833699
5241.57803833699
5242.31819803316
5242.31819803316
5242.31819803316
5242.31819803316
5242.31819803316
5242.31819803316
5243.52415080057
5243.52415080057
5243.52415080057
5243.52415080057
5243.52415080057
5243.52415080057
5243.52415080057
5248.10447454678
5248.10447454678
5248.10447454678
5248.10447454678
5254.36596417879
5254.36596417879
5254.36596417879
5254.36596417879
5254.52661928996
5254.52661928996
5258.40354143682
5258.40354143682
5258.40354143682
5263.90338816412
5263.90338816412
5263.90338816412
5263.90338816412
5263.90338816412
5269.11610419605
5269.11610419605
5269.11610419605
5269.11610419605
5269.11610419605
5269.11610419605
5269.11610419605
5275.17500824706
5275.17500824706
5275.17500824706
5275.17500824706
5275.17500824706
5275.17500824706
5275.17500824706
5275.17500824706
5275.17500824706
5275.17500824706
5275.17500824706
5275.17500824706
5275.17500824706
5276.63659867805
5276.63659867805
5276.63659867805
5276.63659867805
5276.63659867805
5276.63659867805
5276.63659867805
5276.63659867805
5276.63659867805
5276.63659867805
5276.63659867805
5276.63659867805
5276.63659867805
5283.39204527651
5283.39204527651
5283.39204527651
5285.91580678284
5285.91580678284
5291.10477464759
5291.10477464759
5291.10477464759
5294.51515384287
5294.51515384287
5297.58046268689
5297.58046268689
5297.58046268689
5304.17012396799
5304.17012396799
5304.17012396799
5304.17012396799
5304.17012396799
5304.17012396799
5304.17012396799
5304.17012396799
5304.17012396799
5304.17012396799
5304.58920318909
5304.58920318909
5305.09781181546
5305.09781181546
5305.09781181546
5305.09781181546
5305.09781181546
5305.09781181546
5305.09781181546
5305.09781181546
5305.09781181546
5305.09781181546
5305.54378806549
5305.54378806549
5311.05907243556
5311.05907243556
5315.75200032028
5315.75200032028
5315.75200032028
5319.87812292648
5319.87812292648
5319.87812292648
5326.68694320162
5326.68694320162
5326.68694320162
5326.68694320162
5326.68694320162
5326.68694320162
5326.68694320162
5326.68694320162
5326.68694320162
5326.68694320162
5326.68694320162
5326.68694320162
5326.68694320162
5326.68694320162
5326.68694320162
5326.68694320162
5326.68694320162
5326.68694320162
5326.68694320162
5326.68694320162
5326.68694320162
5326.68694320162
5326.68694320162
5326.68694320162
5326.68694320162
5328.5447202205
5328.5447202205
5328.5447202205
5328.5447202205
5328.5447202205
5328.5447202205
5328.5447202205
5328.5447202205
5328.5447202205
5328.5447202205
5328.5447202205
5328.5447202205
5328.5447202205
5328.5447202205
5328.5447202205
5328.5447202205
5328.5447202205
5328.5447202205
5328.5447202205
5328.5447202205
5328.5447202205
5328.5447202205
5329.65038415734
5330.29756330418
5331.12026104603
5331.56781069423
5331.56781069423
5331.56781069423
5334.30823793882
5334.30823793882
5334.30823793882
5334.30823793882
5334.30823793882
5334.30823793882
5334.30823793882
5335.74881174457
5335.74881174457
5338.57994228766
5338.57994228766
5338.57994228766
5338.57994228766
5342.31168096917
5342.31168096917
5342.31168096917
5342.31168096917
5342.31168096917
5342.31168096917
5342.31168096917
5342.31168096917
5342.31168096917
5342.31168096917
5343.54985150532
5343.54985150532
5343.54985150532
5343.54985150532
5343.54985150532
5343.54985150532
5343.54985150532
5343.54985150532
5343.54985150532
5344.98144166601
5344.98144166601
5344.98144166601
5344.98144166601
5344.98144166601
5344.98144166601
5344.98144166601
5344.98144166601
5344.98144166601
5344.98144166601
5344.98144166601
5344.98144166601
5344.98144166601
5344.98144166601
5349.68595773769
5349.68595773769
5349.68595773769
5349.68595773769
5349.68595773769
5355.83042109759
5355.83042109759
5355.83042109759
5355.83042109759
5356.67094652031
5359.05126847652
5359.05126847652
5359.05126847652
5359.05126847652
5359.05126847652
5359.05126847652
5359.05126847652
5359.05126847652
5359.05126847652
5359.05126847652
5359.05126847652
5359.05126847652
5359.05126847652
5359.05126847652
5359.05126847652
5359.05126847652
5359.05126847652
5359.05126847652
5359.05126847652
5359.05126847652
5359.05126847652
5359.05126847652
5359.05126847652
5359.05126847652
5359.05126847652
5359.05126847652
5359.05126847652
5359.05126847652
5359.05126847652
5361.99376355336
5361.99376355336
5361.99376355336
5361.99376355336
5361.99376355336
5361.99376355336
5361.99376355336
5361.99376355336
5362.89103857094
5363.29350525118
5373.4306400827
5373.49636538236
5373.49636538236
5373.49636538236
5373.49636538236
5373.49636538236
5373.49636538236
5373.49636538236
5373.49636538236
5373.49636538236
5373.49636538236
5374.10314295471
5374.10314295471
5374.10314295471
5374.10314295471
5374.10314295471
5374.10314295471
5374.10314295471
5374.10314295471
5374.10314295471
5374.10314295471
5374.10314295471
5374.10314295471
5374.10314295471
5374.10314295471
5374.10314295471
5374.10314295471
5374.10314295471
5374.10314295471
5374.10314295471
5374.10314295471
5378.53997654083
5378.53997654083
5378.60798118393
5378.60798118393
5380.17505718954
5380.17505718954
5380.17505718954
5380.17505718954
5380.17505718954
5380.17505718954
5380.17505718954
5380.17505718954
5380.17505718954
5380.17505718954
5380.17505718954
5383.622599358
5383.622599358
5383.622599358
5383.622599358
5383.622599358
5383.622599358
5383.622599358
5383.622599358
5383.622599358
5383.622599358
5383.622599358
5383.622599358
5383.622599358
5383.622599358
5383.622599358
5383.622599358
5384.7301874896
5384.7301874896
5384.7301874896
5384.7301874896
5384.7301874896
5385.99432307497
5385.99432307497
5391.62753165995
5399.1821205062
5399.1821205062
5402.47447794679
5402.47447794679
5402.47447794679
5402.47447794679
5406.60308628991
5406.60308628991
5406.60308628991
5406.60308628991
5409.24175165998
5412.35117340261
5412.35117340261
5418.80808056223
5418.80808056223
5418.80808056223
5418.80808056223
5418.80808056223
5418.80808056223
5418.80808056223
5418.80808056223
5418.80808056223
5418.80808056223
5418.80808056223
5418.80808056223
5418.80808056223
5418.80808056223
5418.80808056223
5420.06373008853
5420.06373008853
5422.03674199111
5422.03674199111
5422.03674199111
5422.03674199111
5422.03674199111
5422.03674199111
5422.03674199111
5422.03674199111
5422.03674199111
5422.03674199111
5422.03674199111
5422.03674199111
5423.43768959224
5424.69824609417
5424.69824609417
5424.69824609417
5424.69824609417
5424.69824609417
5424.69824609417
5424.69824609417
5424.69824609417
5424.69824609417
5424.69824609417
5424.69824609417
5424.69824609417
5424.69824609417
5424.69824609417
5424.69824609417
5424.69824609417
5424.69824609417
5424.69824609417
5424.69824609417
5424.69824609417
5424.69824609417
5424.69824609417
5424.69824609417
5424.69824609417
5424.69824609417
5424.69824609417
5424.69824609417
5424.69824609417
5430.65812570956
5430.65812570956
5430.65812570956
5431.06757285379
5431.06757285379
5431.06757285379
5431.06757285379
5431.06757285379
5431.06757285379
5431.06757285379
5431.06757285379
5431.06757285379
5431.06757285379
5431.06757285379
5431.06757285379
5431.06757285379
5431.06757285379
5431.06757285379
5431.06757285379
5431.06757285379
5431.06757285379
5433.55537090869
5433.55537090869
5433.55537090869
5433.55537090869
5433.55537090869
5433.55537090869
5433.55537090869
5433.55537090869
5433.55537090869
5433.55537090869
5433.55537090869
5433.55537090869
5433.55537090869
5433.55537090869
5433.8769480877
5433.8769480877
5433.8769480877
5439.7522651383
5439.7522651383
5439.7522651383
5439.7522651383
5444.97760749588
5444.97760749588
5444.97760749588
5444.97760749588
5444.97760749588
5444.97760749588
5444.97760749588
5444.97760749588
5444.97760749588
5444.97760749588
5444.97760749588
5451.51729401721
5451.51729401721
5451.51729401721
5451.51729401721
5454.21574149514
5459.50531757665
5459.50531757665
5459.50531757665
5459.50531757665
5459.50531757665
5459.50531757665
5459.50531757665
5459.50531757665
5459.50531757665
5459.50531757665
5459.50531757665
5460.55158628362
5460.55158628362
5460.55158628362
5460.55158628362
5460.55158628362
5460.55158628362
5464.57911028072
5464.57911028072
5464.57911028072
5464.57911028072
5464.57911028072
5467.39536885893
5467.39536885893
5467.39536885893
5467.39536885893
5467.39536885893
5467.39536885893
5467.39536885893
5467.39536885893
5467.39536885893
5467.39536885893
5467.39536885893
5467.39536885893
5467.39536885893
5467.39536885893
5467.39536885893
5467.39536885893
5467.39536885893
5467.94284498318
5469.06622077431
5469.06622077431
5469.06622077431
5469.23660860147
5469.23660860147
5469.23660860147
5473.5101940165
5473.5101940165
5473.5101940165
5473.5101940165
5473.5101940165
5473.5101940165
5473.5101940165
5473.5101940165
5478.81648302688
5478.81648302688
5478.81648302688
5478.81648302688
5478.81648302688
5478.81648302688
5478.81648302688
5478.81648302688
5478.81648302688
5478.81648302688
5478.81648302688
5478.81648302688
5478.81648302688
5478.81648302688
5478.81648302688
5478.81648302688
5478.81648302688
5482.81325477074
5482.81325477074
5482.81325477074
5482.81325477074
5482.81325477074
5482.81325477074
5482.81325477074
5482.81325477074
5482.81325477074
5482.81325477074
5483.97824673502
5483.97824673502
5483.97824673502
5483.97824673502
5483.97824673502
5483.97824673502
5483.97824673502
5483.97824673502
5483.97824673502
5483.97824673502
5483.97824673502
5483.97824673502
5483.97824673502
5483.97824673502
5483.97824673502
5483.97824673502
5483.97824673502
5483.97824673502
5489.93676643349
5492.98572935646
5492.98572935646
5492.98572935646
5495.31582774159
5495.73081829683
5496.89141563981
5496.89141563981
5496.89141563981
5496.89141563981
5496.89141563981
5496.89141563981
5496.89141563981
5498.3666127754
5498.3666127754
5501.06689733788
5501.06689733788
5501.06689733788
5501.06689733788
5501.06689733788
5501.06689733788
5501.06689733788
5503.94530328185
5503.94530328185
5503.94530328185
5503.94530328185
5503.94530328185
5503.94530328185
5503.94530328185
5503.94530328185
5503.94530328185
5503.94530328185
5503.94530328185
5503.94530328185
5503.94530328185
5503.94530328185
5503.94530328185
5503.94530328185
5503.94530328185
5503.94530328185
5503.97964548964
5503.97964548964
5503.97964548964
5503.97964548964
5503.97964548964
5503.97964548964
5503.97964548964
5503.97964548964
5503.97964548964
5503.97964548964
5507.76938747805
5507.76938747805
5507.76938747805
5511.10053557195
5511.1094670125
5511.1094670125
5511.1094670125
5511.61812741303
5511.61812741303
5511.61812741303
5516.29427946544
5516.29427946544
5516.67829802167
5516.67829802167
5520.51661217396
5520.51839177139
5521.77487886714
5521.77487886714
5521.77487886714
5521.77487886714
5521.77487886714
5521.77487886714
5521.77487886714
5522.86530342566
5524.94131036779
5524.94131036779
5525.21475642065
5525.21475642065
5525.21475642065
5525.21475642065
5526.08492039775
5526.27551735053
5526.27551735053
5526.27551735053
5526.27551735053
5531.23052524049
5531.23052524049
5531.23052524049
5531.23052524049
5531.23052524049
5531.23052524049
5531.23052524049
5531.23052524049
5531.23052524049
5531.23052524049
5531.23052524049
5536.3023516007
5536.3023516007
5536.3023516007
5536.3023516007
5536.3023516007
5546.33058979651
5546.33058979651
5546.33058979651
5546.33058979651
5546.33058979651
5546.33058979651
5547.07265563014
5547.07265563014
5547.07265563014
5547.07265563014
5547.07265563014
5547.07265563014
5547.07265563014
5547.17904160651
5547.17904160651
5547.17904160651
5547.17904160651
5547.17904160651
5548.88572005756
5548.88572005756
5548.88572005756
5548.88572005756
5548.88572005756
5548.88572005756
5548.88572005756
5548.88572005756
5548.88572005756
5548.88572005756
5548.88572005756
5548.88572005756
5548.88572005756
5549.62385351432
5549.62385351432
5549.62385351432
5554.6665972074
5554.6665972074
5554.6665972074
5560.63015805366
5560.63258007042
5560.63258007042
5560.63258007042
5562.07182810959
5562.07182810959
5562.07182810959
5564.13994707455
5564.13994707455
5564.13994707455
5568.51980169083
5568.51980169083
5568.51980169083
5570.37346736638
5570.37346736638
5570.37346736638
5570.37346736638
5570.37346736638
5570.37346736638
5570.37346736638
5570.37346736638
5570.37346736638
5570.37346736638
5570.37346736638
5570.37346736638
5570.37346736638
5570.37346736638
5570.37346736638
5578.43763206809
5578.43763206809
5578.43763206809
5578.43763206809
5578.43763206809
5578.43763206809
5578.43763206809
5581.25102044698
5585.70108583081
5585.71457822641
5585.71457822641
5585.71457822641
5590.65194090202
5590.65194090202
5590.65194090202
5593.40164570387
5593.40164570387
5593.40164570387
5593.40164570387
5598.53811994424
5601.07802842704
5601.07802842704
5604.97983199262
5604.97983199262
5604.97983199262
5604.97983199262
5604.97983199262
5604.97983199262
5604.97983199262
5604.97983199262
5604.97983199262
5604.97983199262
5604.97983199262
5608.23894691957
5609.78794745444
5609.80511678892
5613.82873495486
5613.82873495486
5613.82873495486
5613.82873495486
5613.82873495486
5613.82873495486
5613.82873495486
5613.82873495486
5613.82873495486
5613.82873495486
5613.82873495486
5613.82873495486
5613.82873495486
5613.82873495486
5613.82873495486
5613.82873495486
5613.82873495486
5613.82873495486
5613.82873495486
5613.82873495486
5613.82873495486
5613.82873495486
5614.19943514863
5615.58410329294
5615.58410329294
5615.58410329294
5615.58410329294
5615.58410329294
5615.58410329294
5615.58410329294
5619.73323720362
5619.73323720362
5619.73323720362
5619.73323720362
5619.73323720362
5619.73323720362
5620.53596215749
5620.53596215749
5620.53596215749
5620.53596215749
5620.53596215749
5620.53596215749
5620.53596215749
5624.95412030781
5624.95412030781
5624.95412030781
5624.95412030781
5624.95412030781
5624.95412030781
5624.95412030781
5624.95412030781
5624.95412030781
5624.95412030781
5624.95412030781
5624.95412030781
5627.11083762066
5627.11083762066
5627.87665360041
5629.47108331816
5629.47108331816
5629.47108331816
5632.76471417329
5632.76471417329
5632.76471417329
5633.72567740477
5633.72567740477
5647.38616422503
5649.31368042698
5649.31368042698
5653.8944121126
5653.8944121126
5653.8944121126
5653.8944121126
5653.8944121126
5653.8944121126
5653.91340542088
5653.91340542088
5653.91340542088
5653.91340542088
5653.91340542088
5654.81573835693
5654.81573835693
5657.57980977223
5657.57980977223
5657.57980977223
5657.57980977223
5657.57980977223
5657.57980977223
5657.57980977223
5657.57980977223
5660.78325460157
5660.78325460157
5660.78325460157
5660.78325460157
5660.78325460157
5660.78325460157
5660.78325460157
5660.78325460157
5660.78325460157
5660.78325460157
5664.60096680673
5664.60096680673
5665.58444263393
5665.58444263393
5665.58444263393
5665.58444263393
5669.52542232186
5669.52542232186
5669.52542232186
5669.52542232186
5672.02695579546
5672.02695579546
5672.02695579546
5672.02695579546
5672.02695579546
5672.02695579546
5672.26853768408
5672.5104200561
5673.09177991453
5679.18489968209
5679.18489968209
5679.18489968209
5683.0655317918
5683.0655317918
5684.39384456318
5684.39384456318
5684.39384456318
5684.39384456318
5684.39384456318
5684.39384456318
5684.39384456318
5684.39384456318
5684.39384456318
5684.39384456318
5684.39384456318
5684.39384456318
5690.08632032291
5690.08632032291
5690.08632032291
5690.08632032291
5690.08632032291
5690.08632032291
5690.08632032291
5690.36219771194
5691.20658150427
5691.20658150427
5691.20658150427
5692.4237203886
5692.4237203886
5693.30455564254
5693.30455564254
5693.30455564254
5693.30455564254
5693.30455564254
5693.57214478599
5693.57214478599
5693.57214478599
5696.7094895933
5696.7094895933
5696.7094895933
5696.7094895933
5696.7094895933
5701.4664780822
5701.4664780822
5701.4664780822
5701.4664780822
5701.4664780822
5701.7938423314
5702.47246335141
5702.47246335141
5702.47246335141
5702.63592599225
5705.82656585712
5711.30312880613
5711.30312880613
5716.18736775612
5719.22229992936
5719.22229992936
5719.22229992936
5719.22229992936
5719.22229992936
5719.22229992936
5719.22229992936
5719.22229992936
5719.63778388106
5719.63778388106
5719.63778388106
5725.44738757337
5725.44738757337
5725.44738757337
5725.44738757337
5726.16867792527
5726.16867792527
5726.28116421654
5729.0921012648
5729.0921012648
5729.0921012648
5729.0921012648
5729.0921012648
5729.0921012648
5729.0921012648
5729.0921012648
5734.22826548927
5734.22826548927
5734.22826548927
5734.22826548927
5736.92225334123
5736.92225334123
5736.92225334123
5736.92225334123
5736.92225334123
5736.92225334123
5736.92225334123
5736.92225334123
5737.54275730747
5741.75780930807
5741.75780930807
5742.89171849166
5742.89171849166
5742.89171849166
5742.89171849166
5742.89171849166
5742.89171849166
5742.89171849166
5742.89171849166
5742.96090735436
5742.96090735436
5742.96090735436
5749.90611784942
5749.90611784942
5749.90611784942
5754.54263714831
5764.90802251552
5766.5201092817
5766.5201092817
5766.5201092817
5766.5201092817
5766.5201092817
5766.5201092817
5766.5201092817
5766.5201092817
5766.5201092817
5766.5201092817
5766.5201092817
5771.90866105293
5771.90866105293
5772.76102542792
5772.76102542792
5772.76102542792
5772.76102542792
5776.31244009994
5776.31244009994
5776.31244009994
5776.81673719851
5776.81673719851
5776.81673719851
5776.81673719851
5776.81673719851
5785.75565214638
5785.75565214638
5787.83867687899
5789.35394628526
5791.24534286533
5793.02393739559
5793.02393739559
5795.9777956157
5795.9777956157
5795.9777956157
5795.9777956157
5795.9777956157
5797.7085328906
5797.7085328906
5803.83458874032
5803.83458874032
5803.83458874032
5803.83458874032
5803.83458874032
5803.83458874032
5803.83458874032
5803.83458874032
5803.83458874032
5803.83458874032
5803.83458874032
5806.67389049906
5806.67389049906
5806.67939098889
5807.50776922398
5810.15984604392
5815.79912134017
5815.79912134017
5815.79912134017
5815.79912134017
5815.79912134017
5815.79912134017
5815.79912134017
5815.79912134017
5815.79912134017
5815.79912134017
5815.79912134017
5815.79912134017
5815.79912134017
5815.79912134017
5815.79912134017
5815.79912134017
5815.79912134017
5815.79912134017
5820.63884473269
5820.63884473269
5820.63884473269
5826.35983206496
5826.35983206496
5826.35983206496
5826.35983206496
5829.09042871389
5829.09042871389
5829.09042871389
5829.09042871389
5829.09042871389
5829.09042871389
5829.09042871389
5829.60139223944
5829.60139223944
5829.60139223944
5829.60139223944
5829.60139223944
5829.60139223944
5829.60139223944
5829.60139223944
5829.60139223944
5829.60139223944
5833.5062912148
5833.5062912148
5833.5062912148
5833.5062912148
5833.76117314056
5833.76117314056
5833.76117314056
5839.84692490926
5839.84692490926
5841.72574301955
5841.72574301955
5841.72574301955
5843.38577949421
5844.67098324403
5846.11535264829
5849.32167721441
5849.32167721441
5849.32167721441
5849.32167721441
5850.07617080279
5850.07617080279
5857.26678516701
5858.1861216568
5863.94671887768
5864.06310489461
5864.06310489461
5865.68556103379
5865.68556103379
5865.68556103379
5865.68556103379
5865.68556103379
5871.6913337081
5871.6913337081
5873.25159256368
5873.92305332507
5873.92305332507
5873.92305332507
5873.92305332507
5873.92305332507
5873.92305332507
5873.92305332507
5873.92305332507
5873.92305332507
5873.92305332507
5875.23289675128
5875.23289675128
5875.23289675128
5875.23289675128
5875.23289675128
5875.23289675128
5876.71230383766
5877.24903890303
5877.24903890303
5877.24903890303
5877.24903890303
5877.24903890303
5877.24903890303
5877.24903890303
5877.24903890303
5879.11416709381
5883.02402979908
5883.02402979908
5883.02402979908
5883.02402979908
5884.22481426192
5884.22481426192
5884.22481426192
5884.22481426192
5885.77645230071
5885.77645230071
5887.67958803596
5888.36589089857
5888.36589089857
5889.79322480994
5889.79322480994
5889.79322480994
5889.79322480994
5889.79322480994
5889.94639467264
5889.94639467264
5895.19908271017
5895.19908271017
5895.19908271017
5897.3388754539
5897.3388754539
5897.3388754539
5897.3388754539
5897.3388754539
5897.3388754539
5897.3388754539
5901.77685893194
5901.77685893194
5907.46856890582
5907.46856890582
5907.46856890582
5907.46856890582
5907.46856890582
5907.46856890582
5908.80378607262
5908.80378607262
5908.80378607262
5908.80378607262
5908.80378607262
5915.15803789924
5915.15803789924
5915.15803789924
5915.15803789924
5915.15803789924
5915.15803789924
5915.15803789924
5921.25867883495
5921.25867883495
5921.25867883495
5921.25867883495
5921.25867883495
5921.25867883495
5921.25867883495
5921.25867883495
5923.92392937055
5923.92392937055
5927.3132219068
5927.3132219068
5927.3132219068
5929.33949215176
5929.33949215176
5929.33949215176
5929.33949215176
5929.33949215176
5929.33949215176
5932.84385171785
5932.84385171785
5932.84385171785
5932.84385171785
5932.84385171785
5938.04664365828
5938.04664365828
5938.04664365828
5938.04664365828
5938.04664365828
5938.04664365828
5939.36259683053
5941.85206116819
5941.85206116819
5941.85206116819
5942.01968318986
5942.09768193366
5943.86805739461
5943.86805739461
5943.86805739461
5943.86805739461
5943.86805739461
5944.90770351366
5948.41535823926
5948.41535823926
5948.41535823926
5948.41535823926
5948.41535823926
5948.41535823926
5948.41535823926
5948.41535823926
5948.41535823926
5948.41535823926
5950.39343499736
5950.39343499736
5950.39343499736
5954.76421650282
5954.76421650282
5954.76421650282
5954.76421650282
5954.76421650282
5954.76421650282
5954.76421650282
5954.76421650282
5955.65903095109
5965.39699471266
5965.39699471266
5973.1061840894
5973.1061840894
5973.1061840894
5973.1061840894
5973.1061840894
5976.75129413212
5981.12080325809
5981.12080325809
5981.93750076093
5984.16110373469
5984.16110373469
5984.16110373469
5984.16110373469
5984.16110373469
5984.16110373469
5987.98196612107
5991.83865803306
5992.05943292392
5992.05943292392
5992.05943292392
5992.05943292392
5992.05943292392
5992.05943292392
5992.05943292392
5992.05943292392
5993.37431530177
5993.37431530177
5994.54321819175
5994.54321819175
5994.54321819175
5996.89981637928
5997.19137439884
5997.19137439884
5997.19137439884
5997.19137439884
5997.19137439884
5997.19137439884
5997.19137439884
5997.19137439884
5997.19137439884
6000.29578815352
6000.29578815352
6000.29578815352
6005.66682898171
6005.66682898171
6005.66682898171
6005.66682898171
6005.66682898171
6005.66682898171
6005.66682898171
6005.66682898171
6005.66682898171
6005.66682898171
6005.66682898171
6007.75365147399
6007.75365147399
6009.9190367804
6010.21262293394
6010.21262293394
6010.2457990555
6010.2457990555
6011.00463138013
6014.09072115116
6014.09072115116
6014.09072115116
6014.09072115116
6014.09072115116
6014.09072115116
6017.68627758491
6017.68627758491
6017.68627758491
6017.68627758491
6021.72210469085
6031.47673583551
6031.47673583551
6032.62292120857
6032.62292120857
6032.62292120857
6032.62292120857
6033.54909892207
6033.54909892207
6033.54909892207
6033.54909892207
6033.54909892207
6033.54909892207
6033.54909892207
6033.54909892207
6033.54909892207
6033.54909892207
6033.54909892207
6033.54909892207
6033.54909892207
6034.41381568867
6045.22128804631
6045.22128804631
6045.22128804631
6045.22128804631
6048.62979566731
6051.10690670998
6051.10690670998
6051.10690670998
6051.10690670998
6051.10690670998
6051.10690670998
6052.22574629645
6052.22574629645
6052.22574629645
6052.39138994307
6052.39138994307
6052.39138994307
6053.52767981688
6053.52767981688
6053.52767981688
6053.52767981688
6053.52767981688
6053.52767981688
6053.52767981688
6061.17466462667
6061.17466462667
6068.53574360624
6071.63131968337
6071.63131968337
6074.25642712966
6076.73611613047
6076.73611613047
6076.73611613047
6076.73611613047
6076.73611613047
6076.73611613047
6076.73611613047
6082.10156556279
6082.73172271202
6082.73172271202
6083.62039618164
6083.62039618164
6083.62039618164
6089.89778689891
6091.60568772616
6091.60568772616
6091.60568772616
6094.62899046136
6094.62899046136
6095.30790413349
6095.30790413349
6095.30790413349
6095.38625230046
6095.38625230046
6097.1187501925
6097.1187501925
6097.1187501925
6097.1187501925
6104.73122995233
6104.73122995233
6104.73122995233
6104.73122995233
6104.73122995233
6109.09521473417
6109.09521473417
6109.09521473417
6109.09521473417
6109.09521473417
6109.43374474364
6109.43374474364
6109.43374474364
6109.43374474364
6110.34580702668
6110.34580702668
6110.34580702668
6110.34580702668
6110.34580702668
6110.34580702668
6110.34580702668
6110.34580702668
6112.56488448058
6112.56488448058
6112.56488448058
6112.56488448058
6123.43412235031
6123.43412235031
6124.09063111134
6126.5434232656
6127.23647993362
6127.23647993362
6127.23647993362
6127.23647993362
6127.23647993362
6127.23647993362
6127.23647993362
6127.23647993362
6127.35056760239
6127.35056760239
6132.23155850667
6132.23155850667
6134.90671587977
6134.90671587977
6134.90671587977
6134.90671587977
6136.24215321866
6136.24215321866
6136.24215321866
6136.24215321866
6136.24215321866
6136.24215321866
6137.87599417539
6137.87599417539
6137.87994679635
6137.87994679635
6137.87994679635
6137.87994679635
6143.7599355123
6143.7599355123
6143.7599355123
6143.7599355123
6143.7599355123
6143.7599355123
6143.7599355123
6143.7599355123
6148.54439843936
6148.54439843936
6148.54439843936
6148.54439843936
6148.54439843936
6148.54439843936
6148.54439843936
6149.64260444233
6153.75771659771
6153.75771659771
6153.75771659771
6153.75771659771
6153.75771659771
6155.20241280879
6155.32875915815
6159.31490309433
6159.31490309433
6159.31490309433
6161.63321147263
6170.90822413504
6171.6274284644
6171.6274284644
6171.6274284644
6171.6274284644
6171.6274284644
6171.6274284644
6171.6274284644
6171.6274284644
6171.6274284644
6171.6274284644
6175.66309101083
6175.66309101083
6175.66309101083
6180.81799996038
6180.81799996038
6180.81799996038
6189.280314165
6189.280314165
6189.280314165
6189.280314165
6189.280314165
6189.82375818965
6189.82375818965
6189.82375818965
6189.82375818965
6195.26137442713
6195.26137442713
6195.26137442713
6195.26137442713
6195.26137442713
6195.88612131934
6195.88612131934
6195.88612131934
6195.88612131934
6195.88612131934
6195.88612131934
6195.88612131934
6195.88612131934
6196.64240805169
6196.64240805169
6196.94749351626
6196.94749351626
6196.94749351626
6196.94749351626
6200.60332317482
6200.60332317482
6200.60332317482
6202.19195922475
6202.19195922475
6202.19195922475
6202.19195922475
6202.19195922475
6202.19195922475
6202.19195922475
6202.19195922475
6202.19195922475
6202.19195922475
6202.19195922475
6204.33797843388
6208.09511022269
6208.09511022269
6208.09511022269
6208.09511022269
6208.09511022269
6208.09511022269
6208.49902008537
6208.49902008537
6208.49902008537
6208.49902008537
6208.49902008537
6208.49902008537
6208.49902008537
6208.49902008537
6208.49902008537
6208.49902008537
6208.49902008537
6208.49902008537
6208.49902008537
6208.49902008537
6208.860578915
6209.31516498069
6209.31516498069
6217.22180861336
6217.22180861336
6217.22180861336
6217.22180861336
6217.22180861336
6217.22180861336
6217.22180861336
6217.22180861336
6217.22180861336
6217.22180861336
6217.22180861336
6217.22180861336
6218.16913195831
6224.02500857247
6224.02500857247
6224.02500857247
6224.02500857247
6224.86623106935
6224.86623106935
6227.65026461311
6227.65026461311
6227.65026461311
6227.65026461311
6227.65026461311
6228.30670747293
6228.30670747293
6231.11016232879
6231.11016232879
6231.11016232879
6231.11016232879
6231.11016232879
6231.11016232879
6231.11016232879
6231.11016232879
6231.11016232879
6231.11016232879
6231.1609231172
6231.1609231172
6231.1609231172
6231.1609231172
6231.1609231172
6231.1609231172
6232.42504562826
6232.42504562826
6232.42504562826
6232.42504562826
6232.42504562826
6232.42504562826
6232.42504562826
6232.42504562826
6232.42504562826
6232.42504562826
6232.42504562826
6232.42504562826
6232.42504562826
6232.42504562826
6232.42504562826
6232.42504562826
6232.42504562826
6232.42504562826
6236.52147429968
6236.52147429968
6236.52147429968
6236.52147429968
6236.52147429968
6236.52147429968
6236.52147429968
6236.72191407678
6236.72191407678
6236.72191407678
6236.72191407678
6239.83306514236
6239.83306514236
6239.83306514236
6239.83306514236
6239.83306514236
6239.83306514236
6241.8755748149
6241.8755748149
6241.8755748149
6242.26872102089
6242.26872102089
6245.54688355339
6245.54688355339
6245.54688355339
6245.54688355339
6245.54688355339
6252.9846728193
6252.9846728193
6252.9846728193
6252.9846728193
6252.9846728193
6253.59279864541
6253.59279864541
6253.59279864541
6254.15405356455
6255.31062256689
6255.31062256689
6255.31062256689
6255.31062256689
6255.31062256689
6255.31062256689
6255.4079012485
6255.4079012485
6255.4079012485
6256.37467751473
6256.85915114332
6256.85915114332
6258.20058486264
6258.20058486264
6261.82804987383
6261.82804987383
6261.82804987383
6261.82804987383
6266.42822278998
6266.42822278998
6266.42822278998
6266.42822278998
6266.42822278998
6266.42822278998
6266.42822278998
6269.03077490153
6269.03077490153
6269.03077490153
6269.80059616825
6270.03333536177
6270.03333536177
6270.03333536177
6270.03333536177
6270.03333536177
6270.03333536177
6270.03333536177
6270.34304719504
6270.34304719504
6270.34304719504
6270.34304719504
6270.34304719504
6272.6199037041
6272.6199037041
6272.6199037041
6272.6199037041
6272.6199037041
6275.7088819595
6275.7088819595
6275.7088819595
6275.7088819595
6275.7088819595
6275.7088819595
6276.11598712159
6276.11598712159
6276.11598712159
6276.11598712159
6276.11598712159
6276.11598712159
6276.11598712159
6276.11598712159
6276.11598712159
6276.11598712159
6276.11598712159
6276.11598712159
6276.11598712159
6276.11598712159
6276.28775472698
6276.28775472698
6276.32489200293
6276.32489200293
6276.32489200293
6276.71657936716
6276.71657936716
6276.71657936716
6285.16760539083
6285.16760539083
6285.16760539083
6285.16760539083
6285.16760539083
6285.16760539083
6285.16760539083
6285.16760539083
6285.16760539083
6285.16760539083
6285.16760539083
6285.87405164339
6287.58844417963
6287.58844417963
6287.58844417963
6296.07958289304
6296.07958289304
6296.46907895157
6297.14801726931
6300.08857606313
6300.08857606313
6300.08857606313
6300.08857606313
6300.08857606313
6300.08857606313
6301.00947677335
6301.00947677335
6301.00947677335
6301.00947677335
6301.00947677335
6301.00947677335
6301.00947677335
6301.00947677335
6306.70845166767
6306.70845166767
6306.70845166767
6306.70845166767
6306.70845166767
6306.70845166767
6306.70845166767
6306.70845166767
6306.70845166767
6306.70845166767
6306.70845166767
6306.70845166767
6307.20916127454
6307.20916127454
6307.20916127454
6307.20916127454
6307.20916127454
6308.6993466849
6308.6993466849
6309.12751033171
6309.12751033171
6309.90370487259
6309.90370487259
6309.90370487259
6309.90370487259
6309.90370487259
6309.90370487259
6309.90370487259
6309.90370487259
6309.90370487259
6309.90370487259
6315.87348926361
6315.87348926361
6318.05725004944
6318.05725004944
6318.05725004944
6318.05725004944
6318.05725004944
6318.05725004944
6318.05725004944
6318.05725004944
6318.70469975898
6318.70469975898
6318.70469975898
6318.70469975898
6318.70469975898
6318.70469975898
6318.70469975898
6318.70469975898
6318.70469975898
6318.70469975898
6318.70469975898
6318.70469975898
6318.70469975898
6321.55448971073
6321.55448971073
6321.55448971073
6327.86734073597
6329.47308935934
6329.47308935934
6329.47308935934
6329.47308935934
6329.47308935934
6329.72285375389
6329.72285375389
6329.72285375389
6329.72285375389
6329.72285375389
6329.72285375389
6329.72285375389
6329.72285375389
6329.72285375389
6333.82851778078
6333.82851778078
6333.82851778078
6333.82851778078
6333.82851778078
6333.82851778078
6333.82851778078
6333.82851778078
6334.57963827616
6334.57963827616
6338.27651354674
6338.27651354674
6338.27651354674
6338.27651354674
6340.92868368047
6340.92868368047
6340.92868368047
6343.58203236831
6343.58203236831
6343.58203236831
6343.58203236831
6343.58203236831
6343.58203236831
6343.58203236831
6343.58203236831
6343.58203236831
6343.58203236831
6343.58203236831
6343.58203236831
6343.58203236831
6343.58203236831
6343.58203236831
6343.58203236831
6343.58203236831
6343.58203236831
6343.58203236831
6343.58203236831
6343.58203236831
6343.58203236831
6343.58203236831
6343.58203236831
6343.58203236831
6343.58203236831
6343.58203236831
6343.58203236831
6343.58203236831
6343.58203236831
6346.75373512616
6346.75373512616
6346.75373512616
6346.75373512616
6347.44248055723
6347.44248055723
6347.44248055723
6347.44248055723
6347.44248055723
6347.44248055723
6347.80930640225
6347.80930640225
6350.40814132392
6350.68093972317
6350.68093972317
6350.68093972317
6350.90792945326
6350.90792945326
6350.90792945326
6350.90792945326
6350.90792945326
6353.7703106851
6353.7703106851
6353.7703106851
6355.16943294793
6355.16943294793
6355.16943294793
6355.16943294793
6355.16943294793
6355.16943294793
6355.16943294793
6355.16943294793
6360.58785159314
6363.72702720951
6364.77261583344
6364.77261583344
6364.77261583344
6368.36375979336
6368.57743969733
6368.57743969733
6368.57743969733
6370.87906998145
6374.29478975286
6374.29478975286
6374.29478975286
6377.09524837382
6377.09524837382
6377.09524837382
6377.09524837382
6377.09524837382
6377.09524837382
6377.09524837382
6377.09524837382
6377.09524837382
6377.09524837382
6377.09524837382
6377.09524837382
6380.18332362252
6383.17886934537
6383.17886934537
6383.17886934537
6388.69713510033
6388.69713510033
6388.69713510033
6388.69713510033
6388.69713510033
6388.69713510033
6388.69713510033
6388.69713510033
6388.69713510033
6390.7839242493
6390.7839242493
6402.27168095981
6402.27168095981
6402.27168095981
6402.27168095981
6402.27168095981
6402.81805820617
6402.81805820617
6402.81805820617
6403.55446739988
6403.55446739988
6403.55446739988
6403.55446739988
6404.56283447436
6404.56283447436
6404.56283447436
6404.56283447436
6404.56283447436
6404.56283447436
6404.68193540938
6409.75233446864
6409.75233446864
6409.75233446864
6409.75233446864
6409.75233446864
6409.75233446864
6409.75233446864
6409.75233446864
6413.89213792305
6413.89213792305
6413.89213792305
6413.89213792305
6413.89213792305
6413.89213792305
6413.89213792305
6414.77475736807
6414.77475736807
6414.77475736807
6414.77475736807
6414.77475736807
6415.58226989828
6415.58226989828
6420.36922445538
6420.36922445538
6420.36922445538
6425.80488460845
6425.80488460845
6425.80488460845
6425.80488460845
6425.80488460845
6425.80488460845
6425.80488460845
6425.80488460845
6425.80488460845
6425.80488460845
6425.80488460845
6425.80488460845
6425.88584411187
6425.88584411187
6425.88584411187
6425.88584411187
6428.83950607576
6428.83950607576
6430.88739024981
6430.88739024981
6441.54627366353
6441.54627366353
6441.54627366353
6441.54627366353
6441.54627366353
6441.54627366353
6441.54627366353
6442.24317669382
6442.31573572427
6442.31573572427
6442.31573572427
6444.47691183931
6444.47691183931
6444.47691183931
6444.47691183931
6447.00556140014
6451.24289261098
6451.24289261098
6451.24289261098
6451.24289261098
6451.24289261098
6452.82984495793
6452.82984495793
6452.82984495793
6452.82984495793
6452.82984495793
6452.82984495793
6452.82984495793
6454.10983682
6454.10983682
6454.10983682
6454.10983682
6454.10983682
6454.10983682
6455.15154819106
6455.15154819106
6461.76686400202
6461.76686400202
6461.76686400202
6461.76686400202
6461.76686400202
6461.76686400202
6461.76686400202
6467.39912639879
6467.39912639879
6467.39912639879
6467.39912639879
6467.39912639879
6467.39912639879
6467.39912639879
6467.39912639879
6467.39912639879
6467.39912639879
6469.08026519118
6469.08026519118
6470.60559515671
6471.27676648042
6471.27676648042
6471.27676648042
6471.27676648042
6471.27676648042
6471.27676648042
6471.27676648042
6471.27676648042
6471.27676648042
6471.37478426536
6471.37478426536
6471.37478426536
6471.37478426536
6471.37478426536
6471.37478426536
6471.37478426536
6471.37478426536
6471.37478426536
6471.37478426536
6471.37478426536
6471.37478426536
6479.04421047683
6479.04421047683
6479.04421047683
6479.04421047683
6481.12047786002
6481.12047786002
6481.12047786002
6481.12047786002
6481.12047786002
6481.12047786002
6482.05790884125
6482.05790884125
6482.05790884125
6484.77279467955
6484.77279467955
6484.77279467955
6488.03179254324
6488.03179254324
6488.03179254324
6488.03179254324
6488.03179254324
6488.54688779562
6489.01696830738
6493.62735332202
6493.62735332202
6493.62735332202
6493.62735332202
6493.62735332202
6493.62735332202
6493.62735332202
6493.62735332202
6493.62735332202
6493.62735332202
6494.19955338639
6494.19955338639
6494.19955338639
6494.19955338639
6494.19955338639
6494.19955338639
6494.19955338639
6497.42700494962
6497.42700494962
6501.02290253678
6501.02290253678
6503.94280500031
6503.94280500031
6503.94280500031
6503.94280500031
6503.94280500031
6503.94280500031
6508.43057370008
6510.29367670254
6510.29367670254
6510.29367670254
6510.29367670254
6510.29367670254
6510.29367670254
6510.29367670254
6510.29367670254
6510.29367670254
6510.29367670254
6510.29367670254
6510.29367670254
6514.77042311614
6515.76390812256
6515.76390812256
6515.76390812256
6515.76390812256
6515.76390812256
6515.82726767257
6515.82726767257
6515.82726767257
6515.82726767257
6516.34448199724
6516.34448199724
6516.34448199724
6516.34448199724
6516.34448199724
6516.34448199724
6516.34448199724
6516.34448199724
6516.34448199724
6516.34448199724
6516.34448199724
6516.34448199724
6516.34448199724
6516.34448199724
6516.34448199724
6516.34448199724
6517.59118530443
6517.59118530443
6517.59118530443
6517.59118530443
6527.14941453761
6527.14941453761
6527.14941453761
6527.14941453761
6527.14941453761
6527.14941453761
6527.14941453761
6527.14941453761
6527.14941453761
6527.14941453761
6528.87331945156
6528.87331945156
6528.87331945156
6528.87331945156
6528.87331945156
6528.87331945156
6528.87331945156
6528.87331945156
6528.87331945156
6528.87331945156
6528.87331945156
6528.87331945156
6528.87331945156
6528.87331945156
6528.87331945156
6528.87331945156
6528.87331945156
6529.65366631565
6529.65366631565
6529.65366631565
6529.65366631565
6532.93343607762
6532.93343607762
6532.93343607762
6535.32729047989
6535.32729047989
6535.32729047989
6535.32729047989
6535.32729047989
6535.32729047989
6535.32729047989
6535.32729047989
6535.32729047989
6535.32729047989
6535.32729047989
6535.4683076954
6535.4683076954
6537.65687368173
6537.65687368173
6537.65687368173
6537.65687368173
6537.65687368173
6537.65687368173
6537.65687368173
6541.95321057978
6541.95321057978
6541.95321057978
6541.95321057978
6541.95321057978
6541.95321057978
6541.95321057978
6541.95321057978
6541.95321057978
6541.95321057978
6542.85443438171
6548.87063070073
6550.25825306073
6553.09397136713
6553.09397136713
6553.09397136713
6554.97266691025
6554.97266691025
6554.97266691025
6554.97266691025
6554.97266691025
6554.97266691025
6554.97266691025
6563.21296788573
6563.21296788573
6563.21296788573
6563.21296788573
6563.21296788573
6563.21296788573
6563.21296788573
6563.21296788573
6563.21296788573
6564.35904815236
6564.35904815236
6564.35904815236
6565.20841415885
6565.20841415885
6565.20841415885
6565.61073150843
6565.61073150843
6565.61073150843
6565.61073150843
6565.61073150843
6565.61073150843
6565.61073150843
6568.61125287338
6568.61125287338
6568.61125287338
6568.61125287338
6568.61125287338
6568.61125287338
6569.77584620882
6569.77584620882
6569.77584620882
6571.53576969448
6571.53576969448
6571.53576969448
6571.53576969448
6571.53576969448
6571.53576969448
6572.43405507644
6572.43405507644
6572.43405507644
6572.43405507644
6572.43405507644
6572.43405507644
6572.43405507644
6572.43405507644
6572.43405507644
6572.43405507644
6572.43405507644
6580.62555389361
6580.7304155729
6588.84701822093
6588.84701822093
6588.89136694
6588.89136694
6588.89136694
6588.89136694
6588.89136694
6591.06395369792
6591.06395369792
6591.06395369792
6591.06395369792
6591.06395369792
6591.06395369792
6591.06395369792
6591.06395369792
6591.06395369792
6591.06395369792
6591.06395369792
6591.06395369792
6591.06395369792
6591.06395369792
6591.06395369792
6591.06395369792
6591.06395369792
6591.06395369792
6591.06395369792
6591.06395369792
6591.06395369792
6591.06395369792
6591.06395369792
6591.06395369792
6591.06395369792
6591.06395369792
6591.06395369792
6591.06395369792
6591.06395369792
6591.06395369792
6591.06395369792
6591.06395369792
6591.06395369792
6591.06395369792
6592.10868939273
6592.10868939273
6592.10868939273
6592.10868939273
6592.41802665525
6592.5717884417
6592.5717884417
6592.5717884417
6592.5717884417
6592.5717884417
6592.5717884417
6593.54108890523
6596.45744392837
6600.19089121391
6600.19089121391
6600.19089121391
6600.19089121391
6600.19089121391
6600.19089121391
6600.19089121391
6600.86222254404
6600.86222254404
6600.86222254404
6600.86222254404
6600.86222254404
6601.66352582443
6606.04488684761
6606.04488684761
6610.32471506156
6610.32471506156
6610.32471506156
6610.32471506156
6610.32471506156
6611.75464174097
6611.75464174097
6611.75464174097
6613.27889345991
6613.27889345991
6613.27889345991
6613.27889345991
6613.27889345991
6613.27889345991
6616.504747226
6616.504747226
6616.504747226
6616.504747226
6616.504747226
6616.504747226
6616.504747226
6616.504747226
6617.83810209022
6617.83810209022
6619.66593453771
6619.66593453771
6620.55942854779
6620.55942854779
6620.55942854779
6620.55942854779
6620.55942854779
6621.94621037649
6621.94621037649
6622.37357143644
6622.37357143644
6622.37357143644
6622.37357143644
6622.37357143644
6628.54831920429
6632.37991193083
6632.37991193083
6632.37991193083
6632.37991193083
6636.58031756656
6636.58031756656
6636.58031756656
6636.58031756656
6636.58031756656
6636.58031756656
6636.58031756656
6636.58031756656
6636.58031756656
6636.96665454187
6636.96665454187
6636.96665454187
6636.96665454187
6636.96665454187
6636.96665454187
6636.96665454187
6636.96665454187
6636.96665454187
6636.96665454187
6636.96665454187
6636.96665454187
6636.96665454187
6637.13411525084
6637.13411525084
6637.13411525084
6637.13411525084
6637.13411525084
6637.13411525084
6637.13411525084
6637.13411525084
6637.13411525084
6637.13411525084
6637.13411525084
6637.13411525084
6637.13411525084
6637.13411525084
6637.13411525084
6637.13411525084
6637.13411525084
6637.13411525084
6637.13411525084
6637.13411525084
6639.50103695406
6639.50103695406
6639.50103695406
6639.50103695406
6639.50103695406
6639.85039486875
6639.85039486875
6639.85039486875
6639.85039486875
6639.85039486875
6642.70709834025
6644.4244860738
6644.4244860738
6644.4244860738
6644.4244860738
6644.4244860738
6644.4244860738
6644.4244860738
6644.4244860738
6644.4244860738
6644.4244860738
6644.4244860738
6644.4244860738
6644.4244860738
6646.34115097439
6646.34115097439
6646.34115097439
6646.34115097439
6646.34115097439
6646.34115097439
6646.34115097439
6646.34115097439
6646.34115097439
6646.34115097439
6646.34115097439
6646.34115097439
6646.34115097439
6646.34115097439
6646.34115097439
6646.34115097439
6652.12024392732
6652.12024392732
6653.24296894587
6657.87931918631
6659.06430391738
6659.06430391738
6659.06430391738
6659.06430391738
6659.06430391738
6659.06430391738
6659.06430391738
6659.06430391738
6659.06430391738
6659.06430391738
6659.06430391738
6659.06430391738
6659.06430391738
6659.06430391738
6659.06430391738
6659.06430391738
6659.06430391738
6659.06430391738
6659.26111465908
6659.26111465908
6659.26111465908
6659.26111465908
6659.26111465908
6660.72496623861
6663.20943377301
6663.20943377301
6663.20943377301
6663.20943377301
6666.2847791553
6666.2847791553
6666.2847791553
6666.2847791553
6666.2847791553
6666.2847791553
6666.2847791553
6666.2847791553
6666.2847791553
6666.2847791553
6666.2847791553
6666.2847791553
6666.2847791553
6666.2847791553
6666.2847791553
6666.2847791553
6666.2847791553
6666.2847791553
6666.2847791553
6666.2847791553
6668.92361253098
6668.92361253098
6668.92361253098
6668.92361253098
6668.92361253098
6669.21443882146
6669.21443882146
6669.21443882146
6669.21443882146
6669.21443882146
6669.21443882146
6669.21443882146
6669.21443882146
6669.21443882146
6669.21443882146
6669.21443882146
6669.21443882146
6669.21443882146
6669.21443882146
6671.69216366828
6671.69216366828
6671.69216366828
6671.69216366828
6671.69216366828
6671.69216366828
6671.69216366828
6671.69216366828
6671.69216366828
6671.69216366828
6671.69216366828
6676.22973924
6676.22973924
6676.22973924
6676.22973924
6676.22973924
6676.22973924
6676.22973924
6676.22973924
6676.30808049415
6676.30808049415
6676.30808049415
6676.30808049415
6676.30808049415
6676.30808049415
6684.87060679888
6684.87060679888
6684.87060679888
6684.87060679888
6684.87060679888
6684.87060679888
6684.87060679888
6684.87060679888
6684.87060679888
6684.87060679888
6684.87060679888
6684.87060679888
6684.87060679888
6684.87060679888
6684.87060679888
6684.87060679888
6685.88781404084
6685.88781404084
6685.88781404084
6685.88781404084
6685.88781404084
6685.88781404084
6686.82363049892
6686.82363049892
6686.82363049892
6688.08185488122
6688.08185488122
6688.08185488122
6688.34245619068
6688.34245619068
6688.34245619068
6688.34245619068
6688.34245619068
6688.34245619068
6688.34245619068
6688.34245619068
6688.34245619068
6688.34245619068
6688.34245619068
6692.67976824019
6692.67976824019
6692.67976824019
6692.67976824019
6692.67976824019
6692.67976824019
6692.67976824019
6692.67976824019
6692.67976824019
6692.67976824019
6692.67976824019
6692.67976824019
6692.67976824019
6692.67976824019
6692.67976824019
6692.67976824019
6693.39344097824
6697.87708094124
6697.87708094124
6697.87708094124
6697.87708094124
6697.87708094124
6697.87708094124
6697.87708094124
6697.87708094124
6697.87708094124
6697.87708094124
6697.87708094124
6697.87708094124
6697.87708094124
6697.87708094124
6697.87708094124
6697.87708094124
6697.87708094124
6700.41003115822
6700.41003115822
6700.41003115822
6700.41003115822
6700.41003115822
6701.0084062121
6701.0084062121
6701.0084062121
6701.0084062121
6701.89241023894
6701.89241023894
6701.89241023894
6701.89241023894
6703.35098547868
6703.35098547868
6703.35098547868
6703.35098547868
6703.35098547868
6703.35098547868
6703.35098547868
6703.35098547868
6703.35098547868
6703.35098547868
6703.35098547868
6703.35098547868
6703.35098547868
6703.35098547868
6703.35098547868
6703.86214701278
6703.86214701278
6703.86214701278
6703.86214701278
6705.60788044966
6705.91517164808
6705.91517164808
6705.91517164808
6705.91517164808
6705.91517164808
6709.35072832642
6709.35072832642
6709.35072832642
6709.35072832642
6709.62841540203
6709.62841540203
6709.62841540203
6709.62841540203
6709.62841540203
6709.62841540203
6710.65303859768
6710.65303859768
6710.65303859768
6716.48459725601
6716.48459725601
6716.48459725601
6716.48459725601
6716.48459725601
6716.48459725601
6716.48459725601
6716.48459725601
6716.48459725601
6716.48459725601
6716.48459725601
6716.48459725601
6716.48459725601
6716.48459725601
6716.48459725601
6716.48459725601
6716.48459725601
6716.48459725601
6716.61680146403
6716.61680146403
6718.09806695638
6718.09806695638
6718.09806695638
6718.09806695638
6718.09806695638
6718.09806695638
6718.09806695638
6718.09806695638
6718.09806695638
6720.06868454224
6728.46332982724
6728.46332982724
6728.46332982724
6728.46332982724
6728.46332982724
6728.46332982724
6728.46332982724
6728.46332982724
6728.46332982724
6728.46332982724
6728.46332982724
6728.46332982724
6728.46332982724
6728.46332982724
6728.46332982724
6729.2230487353
6729.2230487353
6729.2230487353
6729.2230487353
6730.77875829856
6730.77875829856
6731.34259043892
6731.34259043892
6731.34259043892
6731.34259043892
6732.17784520769
6732.17784520769
6732.17784520769
6732.17784520769
6732.17784520769
6732.17784520769
6732.17784520769
6732.17784520769
6732.17784520769
6732.17784520769
6732.17784520769
6732.17784520769
6732.17784520769
6732.17784520769
6732.17784520769
6732.17784520769
6733.06542957897
6733.06542957897
6733.06542957897
6733.06542957897
6733.06542957897
6733.06542957897
6733.06542957897
6733.06542957897
6740.10282333343
6740.10282333343
6740.10282333343
6740.10282333343
6740.10282333343
6740.73338277089
6740.73338277089
6740.73338277089
6740.73338277089
6742.18863737525
6742.18863737525
6742.18863737525
6742.18863737525
6742.42491875195
6742.42491875195
6742.42491875195
6742.42491875195
6742.42491875195
6742.42491875195
6742.42491875195
6742.42491875195
6742.42491875195
6742.42491875195
6742.42491875195
6742.42491875195
6742.95288455031
6742.95288455031
6742.95288455031
6742.95288455031
6742.95288455031
6742.95288455031
6742.95288455031
6742.95288455031
6742.95288455031
6742.95288455031
6742.95288455031
6742.95288455031
6742.95288455031
6742.95288455031
6742.95288455031
6747.29216252988
6747.29216252988
6750.95353975443
6750.95353975443
6751.04324629334
6751.04324629334
6751.04324629334
6751.04324629334
6751.04324629334
6751.04324629334
6751.04324629334
6751.04324629334
6751.04324629334
6751.04324629334
6751.99475263971
6751.99475263971
6751.99475263971
6751.99475263971
6751.99475263971
6751.99475263971
6751.99475263971
6751.99475263971
6751.99475263971
6751.99475263971
6751.99475263971
6753.22816754878
6753.22816754878
6753.22816754878
6753.22816754878
6753.22816754878
6753.22816754878
6753.22816754878
6753.22816754878
6753.22816754878
6753.22816754878
6753.22816754878
6753.22816754878
6753.22816754878
6753.22816754878
6753.22816754878
6754.5856474523
6755.06586715429
6755.41929850667
6757.30026257044
6757.30026257044
6757.30026257044
6757.30026257044
6757.30026257044
6759.50557006905
6759.50557006905
6759.50557006905
6759.50557006905
6759.50557006905
6764.68139500571
6764.68139500571
6764.68139500571
6764.68139500571
6764.68139500571
6764.68139500571
6765.84583245366
6766.6914752128
6766.6914752128
6766.6914752128
6766.6914752128
6766.6914752128
6767.51546224403
6767.51546224403
6767.51546224403
6767.69250113019
6767.69250113019
6767.69250113019
6767.69250113019
6767.69250113019
6767.69250113019
6767.69250113019
6769.78288519221
6772.34626065253
6772.34626065253
6772.34626065253
6772.34626065253
6772.34626065253
6772.99408020902
6772.99408020902
6772.99408020902
6772.99408020902
6772.99408020902
6772.99408020902
6772.99408020902
6772.99408020902
6772.99408020902
6772.99408020902
6772.99408020902
6772.99408020902
6772.99408020902
6772.99408020902
6772.99408020902
6772.99408020902
6772.99408020902
6772.99408020902
6772.99408020902
6772.99408020902
6772.99408020902
6772.99408020902
6772.99408020902
6772.99408020902
6772.99408020902
6772.99408020902
6772.99408020902
6772.99408020902
6772.99408020902
6772.99408020902
6772.99408020902
6772.99408020902
6772.99408020902
6772.99408020902
6772.99408020902
6772.99408020902
6772.99408020902
6773.79238292732
6773.79238292732
6774.31393428606
6774.31393428606
6778.06559404451
6778.06559404451
6778.06559404451
6778.06559404451
6778.06559404451
6778.06559404451
6778.06559404451
6778.06559404451
6778.06559404451
6778.06559404451
6778.06559404451
6778.06559404451
6778.30823453452
6778.30823453452
6778.30823453452
6778.30823453452
6778.30823453452
6783.66096242043
6783.66096242043
6783.66096242043
6783.66096242043
6783.66096242043
6783.66096242043
6783.66096242043
6783.66096242043
6783.66096242043
6783.66096242043
6783.66096242043
6783.66096242043
6783.66096242043
6787.60961346394
6787.60961346394
6787.60961346394
6787.60961346394
6787.60961346394
6787.60961346394
6787.60961346394
6787.60961346394
6787.60961346394
6787.60961346394
6787.60961346394
6787.60961346394
6789.85732552814
6793.7564563427
6793.7564563427
6793.7564563427
6793.7564563427
6793.7564563427
6793.7564563427
6793.7564563427
6793.7564563427
6793.7564563427
6793.7564563427
6793.7564563427
6793.7564563427
6793.7564563427
6793.7564563427
6793.7564563427
6793.7564563427
6793.7564563427
6796.23126796844
6796.23126796844
6796.23126796844
6796.23126796844
6796.23126796844
6796.23126796844
6796.23126796844
6796.23126796844
6796.23126796844
6805.42719619396
6805.42719619396
6805.42719619396
6813.19430845831
6813.19430845831
6813.19430845831
6813.19430845831
6813.19430845831
6813.19430845831
6813.19430845831
6813.19430845831
6813.19430845831
6813.19430845831
6813.19430845831
6813.19430845831
6813.19430845831
6813.19430845831
6813.19430845831
6813.19430845831
6813.19430845831
6813.19430845831
6813.19430845831
6813.19430845831
6813.19430845831
6813.19430845831
6813.19430845831
6813.19430845831
6813.19430845831
6815.87423053759
6817.18029064799
6817.18029064799
6817.18029064799
6817.18029064799
6817.18029064799
6817.18029064799
6817.18029064799
6817.18029064799
6817.18029064799
6821.96045532861
6825.75697152685
6825.75697152685
6825.75697152685
6825.75697152685
6825.75697152685
6825.75697152685
6825.75697152685
6825.75697152685
6825.75697152685
6825.75697152685
6825.75697152685
6825.75697152685
6825.75697152685
6825.75697152685
6825.75697152685
6825.75697152685
6825.75697152685
6833.27433912867
6833.27433912867
6833.27433912867
6833.27433912867
6833.27433912867
6833.27433912867
6833.27433912867
6834.12225925261
6834.12225925261
6834.12225925261
6834.12225925261
6834.12225925261
6834.12225925261
6834.12225925261
6834.12225925261
6834.12225925261
6834.12225925261
6834.12225925261
6834.12225925261
6834.12225925261
6834.12225925261
6834.12225925261
6834.12225925261
6834.12225925261
6834.12225925261
6834.12225925261
6834.43908119164
6834.43908119164
6834.43908119164
6834.43908119164
6834.43908119164
6834.43908119164
6834.43908119164
6834.43908119164
6834.43908119164
6834.43908119164
6834.43908119164
6834.47710837774
6843.07094250033
6843.07094250033
6843.07094250033
6843.07094250033
6843.14536071669
6843.14536071669
6843.14536071669
6843.14536071669
6843.14536071669
6843.14536071669
6843.25294709526
6843.25294709526
6843.25294709526
6843.25294709526
6843.25294709526
6843.25294709526
6843.25294709526
6843.25294709526
6843.25294709526
6845.68540540656
6845.68540540656
6845.68540540656
6845.68540540656
6845.68540540656
6845.68540540656
6845.68540540656
6845.68540540656
6847.63779382015
6847.63779382015
6847.63779382015
6847.63779382015
6847.63779382015
6847.63779382015
6847.63779382015
6847.63779382015
6847.63779382015
6847.63779382015
6847.92986812076
6847.92986812076
6847.92986812076
6847.92986812076
6847.92986812076
6847.92986812076
6847.92986812076
6847.92986812076
6847.92986812076
6847.92986812076
6847.92986812076
6847.92986812076
6847.92986812076
6854.75935529636
6854.75935529636
6854.75935529636
6854.75935529636
6854.75935529636
6854.75935529636
6858.02510651992
6858.02510651992
6858.02510651992
6858.02510651992
6858.02510651992
6858.02510651992
6858.02510651992
6858.02510651992
6858.02510651992
6858.02510651992
6858.02510651992
6858.02510651992
6860.09400916297
6860.09400916297
6860.09400916297
6860.09400916297
6860.09400916297
6860.09400916297
6860.09400916297
6860.09400916297
6860.09400916297
6860.09400916297
6860.09400916297
6860.09400916297
6860.09400916297
6860.09400916297
6860.09400916297
6860.09400916297
6860.09400916297
6860.09400916297
6860.09400916297
6860.09400916297
6860.09400916297
6860.09400916297
6860.09400916297
6860.09400916297
6860.09400916297
6862.92551305138
6862.92551305138
6862.92551305138
6862.92551305138
6862.92551305138
6862.92551305138
6862.92551305138
6864.08717829463
6864.08717829463
6864.08717829463
6864.08717829463
6864.08717829463
6867.13447661086
6867.13447661086
6867.13447661086
6867.13447661086
6867.13447661086
6867.13447661086
6867.13447661086
6867.13447661086
6867.13447661086
6867.13447661086
6867.13447661086
6867.13447661086
6867.13447661086
6867.13447661086
6867.13447661086
6867.13447661086
6867.13447661086
6867.13447661086
6867.13447661086
6867.13447661086
6867.13447661086
6867.13447661086
6867.13447661086
6867.13447661086
6872.56273612385
6872.56273612385
6872.56273612385
6872.56273612385
6872.56273612385
6872.56273612385
6880.29778561225
6880.29778561225
6880.29778561225
6880.29778561225
6880.29778561225
6880.29778561225
6880.29778561225
6880.29778561225
6884.50281241852
6884.50281241852

