3101.41793448465
3101.41793448465
3101.41793448465
3101.41793448465
3101.41793448465
3101.41793448465
3102.40973534168
3102.40973534168
3103.56967640777
3104.01395858157
3104.01395858157
3104.01395858157
3104.14409003343
3104.40443265619
3104.40443265619
3104.40443265619
3104.40443265619
3104.40443265619
3104.40443265619
3104.40443265619
3104.40443265619
3104.40443265619
3106.58581353893
3106.58581353893
3106.58581353893
3106.58581353893
3106.58581353893
3106.58581353893
3106.58581353893
3106.58581353893
3106.58581353893
3106.58581353893
3106.58581353893
3106.58581353893
3106.58581353893
3106.58581353893
3107.19457006514
3107.19457006514
3107.19457006514
3107.19457006514
3107.19457006514
3107.19457006514
3107.19457006514
3107.19457006514
3107.19457006514
3107.19457006514
3107.19457006514
3107.86255432559
3107.86255432559
3107.86255432559
3107.86255432559
3107.86255432559
3107.86255432559
3107.86255432559
3107.86255432559
3107.86255432559
3107.86255432559
3107.86255432559
3107.86255432559
3107.86255432559
3107.86255432559
3107.86255432559
3107.86255432559
3107.86255432559
3107.86255432559
3107.86255432559
3107.86255432559
3107.86255432559
3107.86255432559
3107.86255432559
3107.86255432559
3125.198999369
3125.198999369
3125.198999369
3125.198999369
3125.198999369
3125.198999369
3125.198999369
3125.198999369
3132.8188993644
3132.8188993644
3132.8188993644
3135.75723396578
3135.75723396578
3135.75723396578
3135.75723396578
3135.75723396578
3135.75723396578
3135.75723396578
3139.86354927481
3141.85583805278
3141.85583805278
3149.7522248125
3150.33029481189
3150.33029481189
3150.33029481189
3150.33029481189
3150.33029481189
3150.33029481189
3150.33029481189
3150.33029481189
3150.33029481189
3150.33029481189
3150.33029481189
3150.33029481189
3150.33029481189
3150.33029481189
3163.14844926629
3163.14844926629
3163.14844926629
3163.14844926629
3163.14844926629
3163.14844926629
3168.61753200393
3168.61753200393
3168.61753200393
3168.61753200393
3168.61753200393
3168.61753200393
3168.61753200393
3168.61753200393
3168.61753200393
3168.61753200393
3168.61753200393
3168.61753200393
3168.61753200393
3168.61753200393
3169.14692895402
3169.14692895402
3169.14692895402
3169.14692895402
3169.14692895402
3169.15143560575
3172.95909896239
3172.95909896239
3172.95909896239
3172.95909896239
3172.95909896239
3172.95909896239
3172.95909896239
3183.37222606931
3185.55696951378
3185.55696951378
3185.55696951378
3186.48503086679
3187.95733068334
3187.95733068334
3187.95733068334
3187.95733068334
3187.97291875118
3187.97291875118
3187.97291875118
3187.97291875118
3187.97291875118
3187.97291875118
3187.97291875118
3187.97291875118
3187.97291875118
3187.97291875118
3187.97291875118
3187.97291875118
3187.97291875118
3188.53442970027
3188.53442970027
3204.3774151734
3204.3774151734
3205.49313969165
3212.38539041378
3212.38539041378
3212.38539041378
3212.38539041378
3212.38539041378
3212.38539041378
3212.38539041378
3212.89456398055
3213.20245987143
3213.20245987143
3213.20245987143
3220.02946272487
3220.68864668913
3220.68864668913
3220.68864668913
3220.68864668913
3220.68864668913
3220.68864668913
3220.68864668913
3220.68864668913
3220.68864668913
3220.68864668913
3220.68864668913
3220.68864668913
3220.68864668913
3220.68864668913
3220.68864668913
3220.68864668913
3220.68864668913
3220.68864668913
3220.68864668913
3220.68864668913
3220.68864668913
3220.68864668913
3220.68864668913
3220.68864668913
3220.68864668913
3220.68864668913
3220.68864668913
3226.23852148129
3229.36004853647
3229.36004853647
3229.36004853647
3229.36004853647
3229.36004853647
3229.36004853647
3229.36004853647
3229.36004853647
3229.36004853647
3229.36004853647
3229.36004853647
3229.36004853647
3229.36004853647
3229.36004853647
3229.36004853647
3229.36004853647
3229.36004853647
3229.36004853647
3229.36004853647
3229.36004853647
3229.36004853647
3229.36004853647
3229.36004853647
3229.36004853647
3229.36004853647
3229.36004853647
3236.50237905355
3236.50237905355
3236.50237905355
3236.50237905355
3236.50237905355
3241.54026522798
3241.54026522798
3241.54026522798
3241.54026522798
3241.54026522798
3241.54026522798
3241.54026522798
3241.54026522798
3241.54026522798
3241.54026522798
3241.54026522798
3241.54026522798
3241.54026522798
3241.54026522798
3241.54026522798
3241.54026522798
3241.54026522798
3241.54026522798
3241.54026522798
3241.54026522798
3241.54026522798
3241.54026522798
3241.54026522798
3241.54026522798
3241.54026522798
3241.54026522798
3241.54026522798
3241.54026522798
3241.54026522798
3241.54026522798
3241.54026522798
3241.54026522798
3247.07050998779
3247.07050998779
3247.07050998779
3247.07050998779
3247.07050998779
3247.07050998779
3247.07050998779
3247.07050998779
3247.07050998779
3247.07050998779
3247.07050998779
3247.07050998779
3247.47331756443
3247.47331756443
3247.47331756443
3247.47331756443
3247.47331756443
3249.79862576106
3249.79862576106
3254.0420107911
3256.43439335325
3256.43439335325
3256.43439335325
3256.43439335325
3256.43439335325
3256.43439335325
3256.43439335325
3256.43439335325
3256.43439335325
3256.43439335325
3256.43439335325
3256.43439335325
3256.43439335325
3256.43439335325
3256.43439335325
3256.43439335325
3267.78430190983
3268.74808074093
3268.74808074093
3268.74808074093
3268.74808074093
3268.74808074093
3268.74808074093
3268.74808074093
3268.74808074093
3268.74808074093
3268.74808074093
3268.74808074093
3268.74808074093
3268.74808074093
3268.74808074093
3268.74808074093
3268.74808074093
3268.74808074093
3268.74808074093
3268.74808074093
3268.74808074093
3268.74808074093
3268.74808074093
3268.74808074093
3268.74808074093
3268.74808074093
3268.74808074093
3268.74808074093
3268.74808074093
3268.74808074093
3268.74808074093
3268.74808074093
3268.74808074093
3268.74808074093
3268.74808074093
3268.74808074093
3268.74808074093
3268.74808074093
3268.74808074093
3289.33417862045
3289.33417862045
3289.33417862045
3289.33417862045
3289.33417862045
3289.33417862045
3289.33417862045
3289.33417862045
3289.33417862045
3289.33417862045
3289.33417862045
3289.33417862045
3289.33417862045
3289.33417862045
3289.33417862045
3289.33417862045
3290.55976696195
3290.55976696195
3290.55976696195
3290.55976696195
3290.55976696195
3290.55976696195
3290.55976696195
3290.55976696195
3290.55976696195
3290.55976696195
3290.55976696195
3290.55976696195
3290.55976696195
3290.55976696195
3290.55976696195
3290.55976696195
3290.55976696195
3290.55976696195
3290.55976696195
3290.55976696195
3290.55976696195
3290.55976696195
3290.55976696195
3290.55976696195
3290.55976696195
3290.55976696195
3290.55976696195
3290.55976696195
3290.55976696195
3290.55976696195
3290.55976696195
3290.55976696195
3290.55976696195
3290.55976696195
3290.55976696195
3290.55976696195
3290.55976696195
3290.55976696195
3290.55976696195
3290.55976696195
3296.71566581238
3296.71566581238
3299.36491836401
3299.36491836401
3299.36491836401
3299.36491836401
3299.36491836401
3299.36491836401
3299.36491836401
3299.36491836401
3299.36491836401
3299.36491836401
3299.36491836401
3299.36491836401
3299.36491836401
3299.36491836401
3299.36491836401
3299.36491836401
3299.36491836401
3299.36491836401
3299.36491836401
3299.36491836401
3299.73058448954
3301.06632295749
3301.06632295749
3301.06632295749
3301.06632295749
3301.06632295749
3301.06632295749
3301.06632295749
3301.06632295749
3301.06632295749
3301.06632295749
3301.06632295749
3301.06632295749
3301.06632295749
3301.06632295749
3301.06632295749
3301.06632295749
3301.06632295749
3301.06632295749
3313.28045634273
3313.68647337895
3313.68647337895
3313.68647337895
3313.68647337895
3313.68647337895
3313.68647337895
3313.68647337895
3313.68647337895
3313.68647337895
3313.68647337895
3313.68647337895
3313.68647337895
3313.68647337895
3313.68647337895
3313.68647337895
3313.68647337895
3313.68647337895
3313.68647337895
3318.04255505468
3318.04255505468
3318.04255505468
3318.04255505468
3318.04255505468
3318.04255505468
3318.04255505468
3318.04255505468
3318.04255505468
3318.04255505468
3318.04255505468
3318.04255505468
3318.04255505468
3318.04255505468
3318.04255505468
3318.04255505468
3318.04255505468
3318.04255505468
3318.04255505468
3318.04255505468
3319.33997897668
3325.59611562552
3325.59611562552
3325.59611562552
3325.59611562552
3325.59611562552
3325.59611562552
3325.59611562552
3325.59611562552
3325.59611562552
3325.59611562552
3325.59611562552
3325.59611562552
3325.59611562552
3325.59611562552
3325.59611562552
3325.59611562552
3325.59611562552
3325.59611562552
3325.59611562552
3325.59611562552
3325.59611562552
3325.59611562552
3325.59611562552
3325.59611562552
3325.59611562552
3325.59611562552
3325.59611562552
3325.59611562552
3325.59611562552
3325.59611562552
3325.59611562552
3325.59611562552
3325.59611562552
3325.59611562552
3325.59611562552
3325.59611562552
3325.59611562552
3325.59611562552
3325.59611562552
3325.59611562552
3325.59611562552
3325.59611562552
3325.59611562552
3325.59611562552
3325.59611562552
3325.59611562552
3326.2564945906
3326.2564945906
3326.2564945906
3326.2564945906
3326.2564945906
3326.2564945906
3326.2564945906
3326.2564945906
3326.2564945906
3326.2564945906
3326.2564945906
3326.2564945906
3326.2564945906
3326.2564945906
3326.2564945906
3326.2564945906
3326.2564945906
3326.2564945906
3326.2564945906
3326.2564945906
3326.2564945906
3326.2564945906
3326.2564945906
3326.2564945906
3326.2564945906
3326.2564945906
3326.2564945906
3326.2564945906
3326.2564945906
3326.2564945906
3326.2564945906
3326.2564945906
3326.2564945906
3326.2564945906
3326.2564945906
3326.2564945906
3326.2564945906
3326.2564945906
3326.2564945906
3326.2564945906
3326.2564945906
3326.2564945906
3326.2564945906
3326.2564945906
3326.2564945906
3326.2564945906
3326.2564945906
3327.80917295146
3327.80917295146
3327.80917295146
3327.80917295146
3327.80917295146
3327.80917295146
3327.80917295146
3327.80917295146
3327.80917295146
3327.80917295146
3327.80917295146
3327.80917295146
3327.80917295146
3327.80917295146
3327.80917295146
3327.80917295146
3327.80917295146
3327.80917295146
3327.80917295146
3327.80917295146
3327.80917295146
3327.80917295146
3327.80917295146
3327.80917295146
3327.80917295146
3327.80917295146
3328.17695035393
3328.17695035393
3328.17695035393
3328.17695035393
3328.17695035393
3328.17695035393
3328.17695035393
3328.17695035393
3328.17695035393
3328.17695035393
3328.17695035393
3328.17695035393
3328.17695035393
3328.17695035393
3328.17695035393
3328.17695035393
3331.52124293114
3331.52124293114
3331.52124293114
3331.52124293114
3331.52124293114
3331.52124293114
3331.52124293114
3331.52124293114
3331.52124293114
3331.52124293114
3331.52124293114
3331.52124293114
3331.52124293114
3331.52124293114
3331.52124293114
3331.52124293114
3331.52124293114
3331.52124293114
3331.52124293114
3331.52124293114
3331.52124293114
3331.52124293114
3331.52124293114
3332.0189276375
3332.0189276375
3332.0189276375
3332.0189276375
3332.0189276375
3332.0189276375
3332.0189276375
3332.0189276375
3337.02587308809
3337.02587308809
3337.02587308809
3337.02587308809
3337.02587308809
3337.02587308809
3337.02587308809
3344.89411975204
3344.89411975204
3344.89411975204
3344.89411975204
3344.89411975204
3344.89411975204
3344.89411975204
3344.89411975204
3344.89411975204
3344.89411975204
3344.89411975204
3344.89411975204
3344.89411975204
3344.89411975204
3344.89411975204
3344.89411975204
3344.89411975204
3344.89411975204
3344.89411975204
3344.89411975204
3344.89411975204
3344.89411975204
3344.89411975204
3344.89411975204
3344.89411975204
3344.89411975204
3344.89411975204
3344.89411975204
3344.89411975204
3344.89411975204
3344.89411975204
3344.89411975204
3344.89411975204
3344.89411975204
3344.89411975204
3344.89411975204
3344.89411975204
3344.89411975204
3344.89411975204
3344.89411975204
3344.89411975204
3344.89411975204
3344.89411975204
3344.89411975204
3344.89411975204
3344.89411975204
3344.89411975204
3344.89411975204
3344.89411975204
3344.89411975204
3344.89411975204
3344.89411975204
3344.89411975204
3344.89411975204
3344.89411975204
3344.89411975204
3344.89411975204
3344.89411975204
3344.89411975204
3344.89411975204
3344.89411975204
3344.89411975204
3344.89411975204
3344.89411975204
3344.89411975204
3344.89411975204
3344.89411975204
3344.89411975204
3344.89411975204
3344.89411975204
3344.89411975204
3344.89411975204
3347.91063853391
3347.91063853391
3347.91063853391
3347.91063853391
3347.91063853391
3347.91063853391
3347.91063853391
3347.91063853391
3347.91063853391
3347.91063853391
3347.91063853391
3347.91063853391
3347.91063853391
3347.91063853391
3347.91063853391
3347.91063853391
3347.91063853391
3347.91063853391
3347.91063853391
3347.91063853391
3347.91063853391
3347.91063853391
3347.91063853391
3347.91063853391
3347.91063853391
3347.91063853391
3347.91063853391
3347.91063853391
3347.91063853391
3347.91063853391
3347.91063853391
3347.91063853391
3347.91063853391
3347.91063853391
3347.91063853391
3347.91063853391
3347.91063853391
3347.91063853391
3347.91063853391
3347.91063853391
3347.91063853391
3347.91063853391
3347.91063853391
3347.91063853391
3347.91063853391
3347.91063853391
3347.91063853391
3347.91063853391
3347.91063853391
3347.91063853391
3347.91063853391
3347.91063853391
3347.91063853391
3347.91063853391
3347.91063853391
3347.91063853391
3347.91063853391
3347.91063853391
3347.91063853391
3347.91063853391
3347.91063853391
3347.91063853391
3347.91063853391
3347.91063853391
3347.91063853391
3347.91063853391
3347.91063853391
3347.91063853391
3347.91063853391
3347.91063853391
3347.91063853391
3347.91063853391
3347.91063853391
3347.91063853391
3347.91063853391
3347.91063853391
3347.91063853391
3347.91063853391
3347.91063853391
3347.91063853391
3347.91063853391
3347.91063853391
3347.91063853391
3347.91063853391
3347.91063853391
3347.91063853391
3347.91063853391
3347.91063853391
3347.91063853391
3347.91063853391
3347.91063853391
3347.91063853391
3347.91063853391
3347.91063853391
3347.91063853391
3347.91063853391
3347.91063853391
3347.91063853391
3347.91063853391
3347.91063853391
3347.91063853391
3347.91063853391
3347.91063853391
3347.91063853391
3347.91063853391
3347.91063853391
3347.91063853391
3347.91063853391
3347.91063853391
3347.91063853391
3347.91063853391
3347.91063853391
3347.91063853391
3347.91063853391
3347.91063853391
3347.91063853391
3347.91063853391
3347.91063853391
3347.91063853391
3347.91063853391
3347.91063853391
3347.91063853391
3347.91063853391
3347.91063853391
3347.91063853391
3347.91063853391
3347.91063853391
3347.91063853391
3347.91063853391
3347.91063853391
3347.91063853391
3347.91063853391
3347.91063853391
3347.91063853391
3347.91063853391
3347.91063853391
3347.91063853391
3347.91063853391
3347.91063853391
3349.39267076118
3349.39267076118
3349.39267076118
3349.39267076118
3349.39267076118
3349.39267076118
3355.68798762759
3357.01263253568
3357.01263253568
3357.01263253568
3357.01263253568
3357.01263253568
3357.01263253568
3357.01263253568
3357.01263253568
3357.01263253568
3357.01263253568
3360.55203030164
3360.55203030164
3360.55203030164
3360.55203030164
3360.55203030164
3360.55203030164
3360.55203030164
3360.55203030164
3360.55203030164
3360.55203030164
3360.55203030164
3360.55203030164
3360.55203030164
3360.55203030164
3360.55203030164
3360.55203030164
3360.55203030164
3360.55203030164
3360.55203030164
3360.55203030164
3360.55203030164
3360.55203030164
3360.55203030164
3360.55203030164
3360.55203030164
3360.55203030164
3360.55203030164
3360.55203030164
3360.55203030164
3360.55203030164
3360.55203030164
3360.55203030164
3360.55203030164
3360.55203030164
3360.55203030164
3360.55203030164
3360.55203030164
3360.55203030164
3360.55203030164
3360.55203030164
3360.55203030164
3360.55203030164
3360.55203030164
3360.55203030164
3360.55203030164
3360.55203030164
3360.55203030164
3360.55203030164
3360.55203030164
3360.55203030164
3360.55203030164
3360.55203030164
3360.55203030164
3362.26646194795
3362.26646194795
3362.26646194795
3362.26646194795
3362.26646194795
3362.26646194795
3362.26646194795
3362.26646194795
3362.26646194795
3362.26646194795
3362.26646194795
3362.26646194795
3362.26646194795
3362.26646194795
3362.26646194795
3362.26646194795
3362.26646194795
3362.26646194795
3362.26646194795
3362.26646194795
3362.26646194795
3362.26646194795
3362.26646194795
3362.26646194795
3362.26646194795
3362.26646194795
3362.26646194795
3362.26646194795
3362.26646194795
3362.26646194795
3362.26646194795
3362.26646194795
3362.26646194795
3362.26646194795
3362.26646194795
3362.26646194795
3362.26646194795
3362.26646194795
3362.26646194795
3362.26646194795
3362.26646194795
3362.26646194795
3362.26646194795
3362.26646194795
3363.51145321356
3363.51145321356
3363.51145321356
3363.51145321356
3363.51145321356
3363.51145321356
3363.51145321356
3369.28043596244
3369.43448286358
3369.43448286358
3369.43448286358
3369.43448286358
3369.43448286358
3369.43448286358
3369.43448286358
3369.43448286358
3369.43448286358
3369.43448286358
3369.43448286358
3369.43448286358
3369.43448286358
3374.337179512
3374.337179512
3374.337179512
3374.337179512
3374.337179512
3374.337179512
3374.337179512
3374.337179512
3374.337179512
3374.337179512
3374.337179512
3374.337179512
3374.337179512
3374.337179512
3374.337179512
3374.337179512
3374.337179512
3374.337179512
3374.337179512
3374.337179512
3374.337179512
3374.337179512
3374.337179512
3374.337179512
3376.48645989558
3376.48645989558
3376.48645989558
3376.48645989558
3376.48645989558
3376.48645989558
3376.48645989558
3376.48645989558
3376.48645989558
3376.48645989558
3376.48645989558
3376.48645989558
3376.48645989558
3376.48645989558
3376.48645989558
3376.48645989558
3376.48645989558
3376.48645989558
3377.74430018354
3385.57394678382
3385.57394678382
3385.57394678382
3385.57394678382
3385.57394678382
3385.57394678382
3385.57394678382
3385.57394678382
3385.57394678382
3385.57394678382
3385.57394678382
3385.57394678382
3385.57394678382
3385.57394678382
3385.57394678382
3385.57394678382
3385.57394678382
3385.57394678382
3385.57394678382
3385.57394678382
3385.57394678382
3385.57394678382
3385.57394678382
3385.57394678382
3385.57394678382
3385.57394678382
3385.57394678382
3385.57394678382
3385.57394678382
3385.57394678382
3385.57394678382
3385.57394678382
3385.57394678382
3385.57394678382
3385.57394678382
3385.57394678382
3385.57394678382
3385.57394678382
3385.57394678382
3385.57394678382
3385.57394678382
3385.57394678382
3385.57394678382
3385.57394678382
3385.57394678382
3385.57394678382
3385.57394678382
3385.57394678382
3385.57394678382
3385.57394678382
3385.57394678382
3385.57394678382
3385.57394678382
3385.57394678382
3385.57394678382
3385.57394678382
3385.57394678382
3385.57394678382
3385.57394678382
3385.57394678382
3385.57394678382
3385.57394678382
3385.57394678382
3385.57394678382
3385.57394678382
3385.57394678382
3385.57394678382
3385.57394678382
3385.57394678382
3385.57394678382
3385.57394678382
3385.57394678382
3385.57394678382
3385.57394678382
3385.57394678382
3385.57394678382
3385.57394678382
3385.57394678382
3385.57394678382
3385.57394678382
3385.57394678382
3385.57394678382
3385.57394678382
3385.57394678382
3385.57394678382
3385.57394678382
3385.57394678382
3385.57394678382
3385.57394678382
3385.57394678382
3385.57394678382
3385.57394678382
3385.57394678382
3385.57394678382
3385.57394678382
3385.57394678382
3385.57394678382
3385.57394678382
3385.57394678382
3385.57394678382
3385.57394678382
3385.57394678382
3385.57394678382
3385.57394678382
3385.57394678382
3385.57394678382
3385.57394678382
3385.57394678382
3385.57394678382
3385.77949857807
3385.77949857807
3385.77949857807
3385.77949857807
3385.77949857807
3385.77949857807
3385.77949857807
3385.77949857807
3385.77949857807
3385.77949857807
3385.77949857807
3385.77949857807
3385.77949857807
3385.77949857807
3385.77949857807
3385.77949857807
3385.77949857807
3385.77949857807
3385.77949857807
3385.77949857807
3385.77949857807
3385.77949857807
3385.77949857807
3385.77949857807
3385.77949857807
3385.77949857807
3385.77949857807
3385.77949857807
3386.88628462908
3387.95315842499
3387.95315842499
3387.95315842499
3387.95315842499
3387.95315842499
3387.95315842499
3387.95315842499
3387.95315842499
3387.95315842499
3387.95315842499
3387.95315842499
3387.95315842499
3387.95315842499
3387.95315842499
3387.95315842499
3387.95315842499
3387.95315842499
3387.95315842499
3387.95315842499
3387.95315842499
3387.95315842499
3387.95315842499
3387.95315842499
3387.95315842499
3388.9214276297
3388.9214276297
3388.9214276297
3388.9214276297
3388.9214276297
3388.9214276297
3388.9214276297
3388.9214276297
3388.9214276297
3388.9214276297
3388.9214276297
3388.9214276297
3388.9214276297
3388.9214276297
3388.9214276297
3388.9214276297
3388.9214276297
3388.9214276297
3388.9214276297
3388.9214276297
3388.9214276297
3388.9214276297
3388.9214276297
3388.9214276297
3388.9214276297
3389.54703235397
3389.54703235397
3390.52731634382
3400.49182926291
3400.49182926291
3400.49182926291
3400.49182926291
3400.49182926291
3400.49182926291
3400.49182926291
3400.49182926291
3400.49182926291
3400.49182926291
3400.49182926291
3400.49182926291
3400.49182926291
3400.49182926291
3400.49182926291
3400.49182926291
3400.49182926291
3400.49182926291
3400.49182926291
3400.49182926291
3400.49182926291
3400.49182926291
3400.49182926291
3400.49182926291
3400.49182926291
3400.49182926291
3400.49182926291
3400.49182926291
3400.49182926291
3400.49182926291
3400.49182926291
3400.49182926291
3400.49182926291
3400.49182926291
3400.49182926291
3400.49182926291
3400.49182926291
3400.49182926291
3400.49182926291
3400.49182926291
3400.49182926291
3400.49182926291
3400.49182926291
3400.49182926291
3400.49182926291
3400.49182926291
3400.49182926291
3400.49182926291
3400.49182926291
3400.49182926291
3400.49182926291
3400.49182926291
3400.49182926291
3400.49182926291
3400.49182926291
3400.49182926291
3400.49182926291
3400.49182926291
3400.49182926291
3400.49182926291
3400.49182926291
3400.49182926291
3400.49182926291
3400.49182926291
3400.49182926291
3400.49182926291
3400.49182926291
3400.49182926291
3400.49182926291
3400.49182926291
3400.49182926291
3400.49182926291
3400.49182926291
3400.49182926291
3400.49182926291
3400.49182926291
3400.49182926291
3400.49182926291
3400.49182926291
3400.49182926291
3400.49182926291
3400.49182926291
3400.49182926291
3400.49182926291
3400.49182926291
3400.49182926291
3400.49182926291
3400.49182926291
3400.49182926291
3400.49182926291
3401.0429122639
3401.0429122639
3401.0429122639
3401.0429122639
3401.0429122639
3401.0429122639
3401.0429122639
3401.0429122639
3401.0429122639
3401.0429122639
3401.0429122639
3401.0429122639
3401.0429122639
3401.0429122639
3401.0429122639
3401.0429122639
3401.0429122639
3401.0429122639
3401.0429122639
3401.0429122639
3401.0429122639
3401.0429122639
3401.0429122639
3401.0429122639
3401.0429122639
3401.0429122639
3401.0429122639
3401.0429122639
3401.0429122639
3401.0429122639
3401.0429122639
3401.0429122639
3401.0429122639
3401.0429122639
3401.0429122639
3401.0429122639
3401.0429122639
3401.0429122639
3401.0429122639
3401.0429122639
3401.0429122639
3401.0429122639
3401.0429122639
3401.0429122639
3401.0429122639
3401.0429122639
3401.0429122639
3401.0429122639
3401.0429122639
3401.0429122639
3401.0429122639
3401.0429122639
3401.0429122639
3401.0429122639
3401.0429122639
3401.0429122639
3401.0429122639
3401.0429122639
3401.0429122639
3401.0429122639
3401.0429122639
3401.0429122639
3401.0429122639
3401.0429122639
3401.0429122639
3401.0429122639
3401.0429122639
3401.0429122639
3401.0429122639
3401.0429122639
3401.0429122639
3401.0429122639
3401.0429122639
3401.0429122639
3401.0429122639
3401.0429122639
3401.0429122639
3401.0429122639
3401.0429122639
3401.0429122639
3401.0429122639
3401.0429122639
3401.0429122639
3401.0429122639
3401.0429122639
3401.0429122639
3401.0429122639
3401.0429122639
3401.0429122639
3401.0429122639
3401.0429122639
3401.0429122639
3401.0429122639
3401.0429122639
3401.0429122639
3401.0429122639
3401.0429122639
3401.0429122639
3401.0429122639
3401.0429122639
3401.0429122639
3401.0429122639
3401.0429122639
3401.0429122639
3401.0429122639
3401.0429122639
3401.0429122639
3407.67673063585
3407.67673063585
3407.67673063585
3407.67673063585
3407.67673063585
3407.67673063585
3407.67673063585
3407.67673063585
3407.67673063585
3407.67673063585
3407.67673063585
3407.67673063585
3407.67673063585
3407.67673063585
3407.67673063585
3407.67673063585
3407.67673063585
3407.67673063585
3407.67673063585
3407.67673063585
3407.67673063585
3407.67673063585
3407.67673063585
3407.67673063585
3407.67673063585
3407.67673063585
3407.67673063585
3407.67673063585
3407.67673063585
3407.67673063585
3407.67673063585
3407.67673063585
3407.67673063585
3407.67673063585
3407.67673063585
3407.67673063585
3407.67673063585
3407.67673063585
3407.67673063585
3407.67673063585
3407.67673063585
3407.67673063585
3407.67673063585
3407.67673063585
3407.67673063585
3407.67673063585
3407.67673063585
3407.67673063585
3407.67673063585
3407.67673063585
3407.67673063585
3407.67673063585
3407.67673063585
3407.67673063585
3407.67673063585
3407.67673063585
3407.67673063585
3407.67673063585
3407.67673063585
3407.67673063585
3407.67673063585
3407.67673063585
3407.67673063585
3407.67673063585
3407.67673063585
3407.67673063585
3407.67673063585
3407.67673063585
3407.67673063585
3407.67673063585
3407.67673063585
3407.67673063585
3407.67673063585
3407.67673063585
3407.67673063585
3407.67673063585
3407.67673063585
3407.67673063585
3407.67673063585
3407.67673063585
3407.67673063585
3407.67673063585
3407.67673063585
3407.67673063585
3407.67673063585
3408.43083990347
3408.43083990347
3408.43083990347
3408.43083990347
3408.43083990347
3408.43083990347
3408.43083990347
3408.43083990347
3408.43083990347
3408.43083990347
3408.43083990347
3408.43083990347
3408.43083990347
3408.43083990347
3408.43083990347
3408.43083990347
3408.43083990347
3408.43083990347
3408.43083990347
3408.43083990347
3408.43083990347
3408.43083990347
3408.43083990347
3408.43083990347
3408.43083990347
3408.43083990347
3408.43083990347
3408.43083990347
3408.43083990347
3408.43083990347
3408.43083990347
3408.43083990347
3408.43083990347
3408.43083990347
3408.43083990347
3408.43083990347
3408.43083990347
3408.43083990347
3408.43083990347
3408.43083990347
3408.43083990347
3408.43083990347
3408.43083990347
3408.43083990347
3408.43083990347
3408.43083990347
3408.43083990347
3408.43083990347
3408.43083990347
3408.43083990347
3408.43083990347
3408.43083990347
3408.43083990347
3408.43083990347
3408.43083990347
3408.43083990347
3408.43083990347
3408.72446430903
3408.72446430903
3408.72446430903
3408.72446430903
3408.72446430903
3408.72446430903
3408.72446430903
3408.72446430903
3408.72446430903
3409.53375227529
3409.53375227529
3409.53375227529
3409.53375227529
3409.53375227529
3409.53375227529
3409.53375227529
3409.53375227529
3409.53375227529
3409.53375227529
3409.53375227529
3409.53375227529
3409.53375227529
3409.53375227529
3409.53375227529
3409.53375227529
3409.53375227529
3409.53375227529
3409.53375227529
3409.53375227529
3409.53375227529
3409.53375227529
3409.53375227529
3409.53375227529
3409.53375227529
3409.53375227529
3409.53375227529
3409.53375227529
3409.53375227529
3409.53375227529
3409.53375227529
3409.53375227529
3409.53375227529
3409.53375227529
3409.53375227529
3409.53375227529
3409.53375227529
3409.53375227529
3409.53375227529
3409.53375227529
3409.53375227529
3409.53375227529
3409.53375227529
3409.53375227529
3409.53375227529
3409.53375227529
3409.53375227529
3409.53375227529
3409.53375227529
3409.53375227529
3409.53375227529
3409.53375227529
3409.53375227529
3409.53375227529
3409.53375227529
3409.53375227529
3409.53375227529
3409.53375227529
3409.53375227529
3409.53375227529
3409.53375227529
3409.53375227529
3409.53375227529
3409.53375227529
3409.53375227529
3409.53375227529
3409.53375227529
3409.53375227529
3409.53375227529
3409.53375227529
3409.53375227529
3409.53375227529
3409.53375227529
3409.53375227529
3409.53375227529
3409.53375227529
3409.53375227529
3409.53375227529
3409.53375227529
3409.53375227529
3409.53375227529
3409.53375227529
3409.53375227529
3409.53375227529
3409.53375227529
3409.53375227529
3409.53375227529
3409.53375227529
3409.53375227529
3409.53375227529
3409.53375227529
3409.53375227529
3409.53375227529
3409.53375227529
3409.53375227529
3409.53375227529
3409.53375227529
3409.53375227529
3409.53375227529
3409.53375227529
3409.53375227529
3409.53375227529
3409.53375227529
3409.53375227529
3409.53375227529
3409.53375227529
3413.96296724319
3413.96296724319
3413.96296724319
3413.96296724319
3413.96296724319
3413.96296724319
3413.96296724319
3413.96296724319
3413.96296724319
3413.96296724319
3413.96296724319
3413.96296724319
3413.96296724319
3413.96296724319
3413.96296724319
3413.96296724319
3413.96296724319
3418.85178320599
3418.85178320599
3418.85178320599
3418.85178320599
3418.85178320599
3418.85178320599
3418.85178320599
3418.85178320599
3418.85178320599
3418.85178320599
3418.85178320599
3418.85178320599
3418.85178320599
3418.85178320599
3418.85178320599
3418.85178320599
3418.85178320599
3418.85178320599
3418.85178320599
3418.85178320599
3418.85178320599
3418.85178320599
3418.85178320599
3418.85178320599
3418.85178320599
3418.85178320599
3418.85178320599
3418.85178320599
3418.85178320599
3418.85178320599
3418.85178320599
3418.85178320599
3418.85178320599
3418.85178320599
3418.85178320599
3418.85178320599
3418.85178320599
3418.85178320599
3418.85178320599
3418.85178320599
3418.85178320599
3418.85178320599
3418.85178320599
3418.85178320599
3418.85178320599
3418.85178320599
3418.85178320599
3418.85178320599
3418.85178320599
3418.85178320599
3418.85178320599
3418.85178320599
3418.85178320599
3418.85178320599
3418.85178320599
3418.85178320599
3418.85178320599
3418.85178320599
3418.85178320599
3418.85178320599
3418.85178320599
3418.85178320599
3421.19527121557
3421.19527121557
3421.19527121557
3421.19527121557
3421.19527121557
3421.19527121557
3421.22692952732
3424.21123936175
3424.21123936175
3424.21123936175
3424.21123936175
3424.21123936175
3424.21123936175
3424.21123936175
3424.21123936175
3424.21123936175
3424.21123936175
3424.21123936175
3424.21123936175
3424.21123936175
3424.21123936175
3424.21123936175
3424.21123936175
3424.21123936175
3424.21123936175
3424.21123936175
3424.21123936175
3424.21123936175
3424.21123936175
3424.21123936175
3424.21123936175
3424.21123936175
3424.21123936175
3424.21123936175
3424.21123936175
3424.21123936175
3424.21123936175
3424.21123936175
3424.21123936175
3424.21123936175
3424.21123936175
3424.21123936175
3424.21123936175
3424.21123936175
3424.21123936175
3424.21123936175
3424.21123936175
3424.21123936175
3424.21123936175
3424.21123936175
3424.21123936175
3424.21123936175
3424.21123936175
3424.21123936175
3424.21123936175
3424.21123936175
3424.21123936175
3424.21123936175
3424.21123936175
3424.21123936175
3424.21123936175
3424.21123936175
3424.21123936175
3424.21123936175
3424.21123936175
3424.21123936175
3424.21123936175
3424.21123936175
3424.21123936175
3424.21123936175
3424.21123936175
3424.21123936175
3424.21123936175
3424.21123936175
3424.21123936175
3424.21123936175
3424.21123936175
3424.21123936175
3424.21123936175
3424.21123936175
3424.21123936175
3424.21123936175
3424.21123936175
3424.21123936175
3424.21123936175
3424.21123936175
3424.21123936175
3424.21123936175
3424.21123936175
3424.21123936175
3424.21123936175
3424.21123936175
3424.21123936175
3424.21123936175
3424.21123936175
3424.21123936175
3424.21123936175
3424.21123936175
3424.21123936175
3424.21123936175
3424.21123936175
3424.21123936175
3424.21123936175
3424.21123936175
3424.21123936175
3424.21123936175
3424.21123936175
3424.21123936175
3424.21123936175
3424.21123936175
3424.21123936175
3424.21123936175
3424.21123936175
3424.21123936175
3424.21123936175
3424.21123936175
3424.21123936175
3424.21123936175
3424.21123936175
3424.21123936175
3424.21123936175
3424.21123936175
3424.21123936175
3424.21123936175
3424.21123936175
3424.21123936175
3424.21123936175
3424.21123936175
3424.21123936175
3424.21123936175
3424.21123936175
3424.21123936175
3424.21123936175
3424.21123936175
3424.21123936175
3424.21123936175
3424.21123936175
3424.21123936175
3424.21123936175
3424.21123936175
3424.21123936175
3424.21123936175
3424.21123936175
3424.21123936175
3424.21123936175
3424.21123936175
3424.21123936175
3424.21123936175
3424.21123936175
3424.21123936175
3424.21123936175
3424.21123936175
3424.21123936175
3424.21123936175
3424.21123936175
3424.21123936175
3424.21123936175
3424.21123936175
3424.21123936175
3424.21123936175
3424.21123936175
3424.21123936175
3424.21123936175
3424.21123936175
3426.79366454646
3426.79366454646
3426.79366454646
3426.79366454646
3426.79366454646
3426.79366454646
3426.79366454646
3426.79366454646
3426.79366454646
3426.79366454646
3426.79366454646
3426.79366454646
3426.79366454646
3426.79366454646
3426.79366454646
3426.79366454646
3426.79366454646
3426.79366454646
3426.79366454646
3426.79366454646
3426.79366454646
3426.79366454646
3426.79366454646
3426.79366454646
3426.79366454646
3427.29598198237
3427.29598198237
3427.29598198237
3427.29598198237
3427.29598198237
3427.29598198237
3427.29598198237
3427.29598198237
3427.29598198237
3427.29598198237
3427.29598198237
3427.29598198237
3427.29598198237
3427.29598198237
3427.29598198237
3427.29598198237
3427.29598198237
3427.29598198237
3427.29598198237
3427.29598198237
3427.29598198237
3427.29598198237
3427.29598198237
3427.29598198237
3427.29598198237
3427.29598198237
3427.29598198237
3427.29598198237
3427.29598198237
3427.29598198237
3427.29598198237
3427.29598198237
3427.29598198237
3427.29598198237
3427.29598198237
3427.29598198237
3427.29598198237
3427.29598198237
3427.29598198237
3427.29598198237
3427.29598198237
3427.29598198237
3427.29598198237
3427.29598198237
3427.29598198237
3427.29598198237
3427.29598198237
3427.29598198237
3427.29598198237
3427.29598198237
3427.29598198237
3427.29598198237
3427.29598198237
3427.29598198237
3427.29598198237
3427.29598198237
3427.29598198237
3427.29598198237
3427.29598198237
3427.29598198237
3427.29598198237
3427.29598198237
3427.29598198237
3427.29598198237
3427.29598198237
3427.29598198237
3427.29598198237
3427.29598198237
3427.29598198237
3427.29598198237
3427.29598198237
3427.29598198237
3428.83042134734
3428.83042134734
3428.83042134734
3428.83042134734
3428.83063748269
3428.83063748269
3428.83063748269
3428.83063748269
3428.83063748269
3428.83063748269
3428.83063748269
3428.83063748269
3428.83063748269
3428.83063748269
3428.83063748269
3428.83063748269
3428.83063748269
3428.83063748269
3428.83063748269
3428.83063748269
3428.83063748269
3428.83063748269
3428.83063748269
3428.83063748269
3428.83063748269
3428.83063748269
3428.83063748269
3428.83063748269
3428.83063748269
3428.83063748269
3428.83063748269
3428.83063748269
3428.83063748269
3428.83063748269
3428.83063748269
3428.83063748269
3428.83063748269
3428.83063748269
3428.83063748269
3428.86076121054
3428.86076121054
3428.86076121054
3428.86076121054
3428.86076121054
3428.86076121054
3428.86076121054
3428.86076121054
3428.86076121054
3428.86076121054
3428.86076121054
3428.86076121054
3428.86076121054
3428.86076121054
3428.86076121054
3428.86076121054
3428.86076121054
3428.86076121054
3428.86076121054
3429.28990549411
3429.4871976853
3429.4871976853
3429.4871976853
3429.4871976853
3429.4871976853
3429.4871976853
3429.4871976853
3429.4871976853
3429.4871976853
3429.4871976853
3429.4871976853
3429.4871976853
3429.4871976853
3429.4871976853
3429.4871976853
3429.4871976853
3429.4871976853
3429.4871976853
3429.4871976853
3429.4871976853
3429.4871976853
3429.4871976853
3429.4871976853
3429.4871976853
3429.4871976853
3429.4871976853
3429.4871976853
3429.4871976853
3429.4871976853
3429.4871976853
3429.4871976853
3429.98352651464
3429.98352651464
3429.98352651464
3429.98352651464
3429.98352651464
3429.98352651464
3429.98352651464
3429.98352651464
3429.98352651464
3429.98352651464
3429.98352651464
3429.98352651464
3429.98352651464
3429.98352651464
3429.98352651464
3429.98352651464
3429.98352651464
3429.98352651464
3429.98352651464
3429.98352651464
3429.98352651464
3429.98352651464
3429.98352651464
3429.98352651464
3429.98352651464
3429.98352651464
3429.98352651464
3429.98352651464
3429.98352651464
3429.98352651464
3429.98352651464
3429.98352651464
3429.98352651464
3429.98352651464
3429.98352651464
3429.98352651464
3429.98352651464
3429.98352651464
3429.98352651464
3429.98352651464
3429.98352651464
3429.98352651464
3429.98352651464
3429.98352651464
3429.98352651464
3429.98352651464
3429.98352651464
3429.98352651464
3429.98352651464
3429.98352651464
3429.98352651464
3429.98352651464
3429.98352651464
3429.98352651464
3429.98352651464
3429.98352651464
3429.98352651464
3429.98352651464
3429.98352651464
3429.98352651464
3429.98352651464
3429.98352651464
3429.98352651464
3429.98352651464
3429.98352651464
3429.98352651464
3429.98352651464
3429.98352651464
3429.98352651464
3429.98352651464
3429.98352651464
3429.98352651464
3429.98352651464
3429.98352651464
3429.98352651464
3429.98352651464
3429.98352651464
3429.98352651464
3429.98352651464
3431.01749280534
3431.01749280534
3431.01749280534
3431.01749280534
3431.01749280534
3431.01749280534
3431.01749280534
3431.01749280534
3431.01749280534
3431.01749280534
3431.01749280534
3431.01749280534
3431.01749280534
3431.01749280534
3431.01749280534
3431.01749280534
3431.01749280534
3431.01749280534
3431.01749280534
3431.01749280534
3431.01749280534
3431.01749280534
3431.01749280534
3431.01749280534
3431.01749280534
3431.01749280534
3431.01749280534
3431.01749280534
3431.01749280534
3431.01749280534
3431.01749280534
3431.01749280534
3431.01749280534
3431.01749280534
3431.01749280534
3431.01749280534
3431.01749280534
3431.01749280534
3431.01749280534
3431.01749280534
3431.01749280534
3431.01749280534
3431.01749280534
3431.01749280534
3431.01749280534
3431.01749280534
3431.01749280534
3431.01749280534
3431.01749280534
3431.01749280534
3431.01749280534
3431.01749280534
3431.01749280534
3431.01749280534
3431.01749280534
3431.01749280534
3431.01749280534
3431.01749280534
3431.01749280534
3431.01749280534
3431.01749280534
3431.01749280534
3431.01749280534
3431.01749280534
3431.01749280534
3431.01749280534
3431.01749280534
3431.01749280534
3431.01749280534
3431.01749280534
3431.01749280534
3431.01749280534
3431.01749280534
3431.01749280534
3431.01749280534
3431.01749280534
3431.01749280534
3431.01749280534
3431.01749280534
3431.01749280534
3431.01749280534
3431.01749280534
3431.01749280534
3431.01749280534
3431.01749280534
3431.01749280534
3431.01749280534
3431.01749280534
3431.01749280534
3431.01749280534
3431.01749280534
3431.01749280534
3431.01749280534
3431.01749280534
3431.01749280534
3431.01749280534
3431.01749280534
3431.01749280534
3431.01749280534
3431.01749280534
3431.01749280534
3431.01749280534
3431.01749280534
3431.01749280534
3431.01749280534
3431.01749280534
3431.01749280534
3431.01749280534
3431.01749280534
3431.01749280534
3431.01749280534
3431.01749280534
3431.01749280534
3431.01749280534
3431.01749280534
3431.01749280534
3431.01749280534
3431.01749280534
3431.01749280534
3431.01749280534
3431.01749280534
3431.01749280534
3431.01749280534
3431.01749280534
3431.01749280534
3431.01749280534
3431.01749280534
3431.01749280534
3431.01749280534
3431.01749280534
3431.01749280534
3431.01749280534
3431.01749280534
3431.01749280534
3431.01749280534
3431.01749280534
3431.01749280534
3431.01749280534
3431.01749280534
3431.01749280534
3431.01749280534
3431.01749280534
3431.01749280534
3431.01749280534
3431.01749280534
3431.01749280534
3431.01749280534
3431.90776234732
3431.90776234732
3431.90776234732
3431.90776234732
3431.90776234732
3431.90776234732
3431.90776234732
3431.90776234732
3431.90776234732
3431.90776234732
3431.90776234732
3431.90776234732
3431.90776234732
3431.90776234732
3431.90776234732
3431.90776234732
3431.90776234732
3431.90776234732
3431.90776234732
3431.90776234732
3431.90776234732
3431.90776234732
3431.90776234732
3431.90776234732
3431.90776234732
3431.90776234732
3431.90776234732
3431.90776234732
3431.90776234732
3431.90776234732
3431.90776234732
3431.90776234732
3431.90776234732
3431.90776234732
3431.90776234732
3431.90776234732
3431.90776234732
3431.90776234732
3431.90776234732
3431.90776234732
3431.90776234732
3431.90776234732
3431.90776234732
3431.90776234732
3431.90776234732
3431.90776234732
3431.90776234732
3431.90776234732
3431.90776234732
3431.90776234732
3431.90776234732
3431.90776234732
3431.90776234732
3431.90776234732
3431.90776234732
3431.90776234732
3431.90776234732
3431.90776234732
3431.90776234732
3431.90776234732
3431.90776234732
3431.90776234732
3431.90776234732
3431.90776234732
3431.90776234732
3431.90776234732
3431.90776234732
3431.90776234732
3431.90776234732
3431.90776234732
3431.90776234732
3431.90776234732
3431.90776234732
3431.90776234732
3431.90776234732
3431.90776234732
3431.90776234732
3431.90776234732
3431.90776234732
3431.90776234732
3431.90776234732
3431.90776234732
3431.90776234732
3431.90776234732
3432.89947990725
3432.89947990725
3432.89947990725
3432.89947990725
3432.89947990725
3432.89947990725
3432.89947990725
3432.89947990725
3432.89947990725
3432.89947990725
3432.89947990725
3432.89947990725
3432.89947990725
3432.89947990725
3432.89947990725
3432.89947990725
3432.89947990725
3432.89947990725
3432.89947990725
3432.89947990725
3432.89947990725
3432.89947990725
3432.89947990725
3432.89947990725
3432.89947990725
3432.89947990725
3432.89947990725
3432.89947990725
3432.89947990725
3432.89947990725
3432.89947990725
3432.89947990725
3432.89947990725
3432.89947990725
3432.89947990725
3432.89947990725
3432.89947990725
3432.89947990725
3432.89947990725
3432.89947990725
3432.89947990725
3432.89947990725
3432.89947990725
3432.89947990725
3432.89947990725
3432.89947990725
3432.89947990725
3432.89947990725
3432.89947990725
3432.89947990725
3432.89947990725
3432.89947990725
3432.89947990725
3432.89947990725
3432.89947990725
3432.89947990725
3432.89947990725
3432.89947990725
3432.89947990725
3434.83681183927
3436.41418382483
3436.41418382483
3436.41418382483
3436.41418382483
3436.41418382483
3436.41418382483
3436.41418382483
3436.41418382483
3436.41418382483
3436.41418382483
3436.41418382483
3436.41418382483
3436.41418382483
3436.41418382483
3436.41418382483
3436.41418382483
3436.41418382483
3436.41418382483
3436.41418382483
3436.94722556475
3436.94722556475
3436.94722556475
3436.94722556475
3436.94722556475
3436.94722556475
3436.94722556475
3436.94722556475
3436.94722556475
3436.94722556475
3436.94722556475
3436.94722556475
3436.94722556475
3436.94722556475
3436.94722556475
3436.94722556475
3436.94722556475
3436.94722556475
3436.94722556475
3436.94722556475
3436.94722556475
3436.94722556475
3436.94722556475
3436.94722556475
3436.94722556475
3436.94722556475
3436.94722556475
3436.94722556475
3436.94722556475
3436.94722556475
3436.94722556475
3436.94722556475
3436.94722556475
3436.94722556475
3436.94722556475
3436.94722556475
3436.94722556475
3436.94722556475
3436.94722556475
3436.94722556475
3436.94722556475
3436.94722556475
3436.94722556475
3436.94722556475
3436.94722556475
3436.94722556475
3436.94722556475
3436.94722556475
3436.94722556475
3436.94722556475
3436.94722556475
3436.94722556475
3436.94722556475
3436.94722556475
3436.94722556475
3436.94722556475
3436.94722556475
3436.94722556475
3436.94722556475
3436.94722556475
3436.94722556475
3436.94722556475
3436.94722556475
3436.94722556475
3437.87353474858
3438.15937500667
3438.15937500667
3438.15937500667
3438.15937500667
3438.15937500667
3438.15937500667
3438.15937500667
3438.15937500667
3438.15937500667
3438.15937500667
3438.15937500667
3438.15937500667
3438.15937500667
3438.15937500667
3438.15937500667
3438.15937500667
3441.93622853132
3447.25619859179
3447.25619859179
3447.25619859179
3447.25619859179
3447.25619859179
3447.25619859179
3447.25619859179
3447.25619859179
3447.25619859179
3447.25619859179
3447.25619859179
3447.25619859179
3447.25619859179
3447.25619859179
3447.25619859179
3447.25619859179
3447.25619859179
3447.25619859179
3447.25619859179
3447.25619859179
3447.25619859179
3447.25619859179
3447.25619859179
3447.25619859179
3447.25619859179
3447.25619859179
3447.25619859179
3447.25619859179
3447.25619859179
3447.25619859179
3447.25619859179
3447.25619859179
3447.25619859179
3447.25619859179
3447.25619859179
3447.25619859179
3447.25619859179
3447.25619859179
3447.25619859179
3447.25619859179
3447.25619859179
3447.25619859179
3447.25619859179
3447.25619859179
3447.25619859179
3447.25619859179
3447.25619859179
3447.25619859179
3447.25619859179
3447.25619859179
3447.25619859179
3447.25619859179
3447.25619859179
3447.25619859179
3447.25619859179
3447.25619859179
3447.25619859179
3447.25619859179
3447.25619859179
3447.25619859179
3447.25619859179
3447.25619859179
3447.25619859179
3447.25619859179
3447.25619859179
3447.25619859179
3447.25619859179
3447.25619859179
3447.25619859179
3447.25619859179
3447.25619859179
3447.25619859179
3447.25619859179
3447.25619859179
3447.25619859179
3447.25619859179
3447.25619859179
3447.25619859179
3447.25619859179
3447.25619859179
3447.25619859179
3447.25619859179
3447.25619859179
3447.25619859179
3447.25619859179
3447.25619859179
3447.25619859179
3447.25619859179
3447.25619859179
3447.25619859179
3447.25619859179
3447.25619859179
3447.25619859179
3447.25619859179
3448.14402032181
3448.14402032181
3448.14402032181
3448.14402032181
3448.14402032181
3448.14402032181
3448.14402032181
3448.14402032181
3448.14402032181
3448.14402032181
3448.14402032181
3448.14402032181
3448.14402032181
3448.14402032181
3448.14402032181
3448.14402032181
3448.14402032181
3448.14402032181
3448.14402032181
3448.14402032181
3448.14402032181
3448.14402032181
3455.65696952309
3455.65696952309
3455.65696952309
3455.65696952309
3455.65696952309
3455.65696952309
3455.65696952309
3455.65696952309
3455.65696952309
3455.65696952309
3455.65696952309
3455.65696952309
3455.65696952309
3455.65696952309
3455.65696952309
3455.65696952309
3455.65696952309
3455.65696952309
3455.65696952309
3455.65696952309
3455.65696952309
3455.65696952309
3455.65696952309
3455.65696952309
3455.65696952309
3455.65696952309
3455.65696952309
3455.65696952309
3455.65696952309
3455.65696952309
3455.65696952309
3455.65696952309
3455.65696952309
3455.65696952309
3455.65696952309
3455.65696952309
3455.65696952309
3455.65696952309
3455.65696952309
3455.65696952309
3455.65696952309
3455.65696952309
3455.65696952309
3455.65696952309
3455.65696952309
3455.65696952309
3455.65696952309
3455.65696952309
3455.65696952309
3455.65696952309
3455.65696952309
3455.65696952309
3455.65696952309
3455.65696952309
3455.65696952309
3455.65696952309
3455.65696952309
3455.65696952309
3455.65696952309
3455.65696952309
3455.65696952309
3455.65696952309
3455.65696952309
3455.65696952309
3455.65696952309
3455.65696952309
3455.65696952309
3455.65696952309
3455.65696952309
3455.65696952309
3455.65696952309
3455.65696952309
3455.65696952309
3455.65696952309
3455.65696952309
3455.65696952309
3455.65696952309
3455.65696952309
3455.65696952309
3455.65696952309
3455.65696952309
3455.65696952309
3455.65696952309
3455.65696952309
3455.65696952309
3455.65696952309
3455.65696952309
3455.65696952309
3455.65696952309
3455.65696952309
3455.65696952309
3455.65696952309
3455.65696952309
3455.65696952309
3455.65696952309
3455.65696952309
3455.65696952309
3455.65696952309
3455.65696952309
3455.65696952309
3455.65696952309
3455.65696952309
3455.65696952309
3455.65696952309
3455.65696952309
3455.65696952309
3455.65696952309
3455.65696952309
3455.65696952309
3455.65696952309
3455.65696952309
3455.65696952309
3455.65696952309
3455.65696952309
3455.65696952309
3455.65696952309
3455.65696952309
3455.65696952309
3455.65696952309
3455.65696952309
3455.65696952309
3455.65696952309
3455.65696952309
3455.65696952309
3455.65696952309
3455.65696952309
3455.65696952309
3455.65696952309
3455.65696952309
3455.65696952309
3455.65696952309
3455.65696952309
3455.65696952309
3455.65696952309
3455.65696952309
3455.65696952309
3455.65696952309
3455.65696952309
3455.65696952309
3455.65696952309
3455.65696952309
3456.80472919514
3456.80472919514
3456.80472919514
3456.80472919514
3456.80472919514
3456.80472919514
3456.80472919514
3456.80472919514
3456.80472919514
3456.80472919514
3456.80472919514
3456.80472919514
3456.80472919514
3456.80472919514
3456.80472919514
3456.80472919514
3456.80472919514
3456.80472919514
3456.80472919514
3459.65193704282
3459.65193704282
3459.65193704282
3459.65193704282
3459.65193704282
3459.65193704282
3459.65193704282
3459.65193704282
3459.65193704282
3460.26251224018
3460.26251224018
3460.26251224018
3460.26251224018
3460.26251224018
3460.42954300158
3460.42954300158
3460.42954300158
3460.42954300158
3460.42954300158
3460.42954300158
3460.42954300158
3460.42954300158
3460.42954300158
3460.42954300158
3460.42954300158
3460.42954300158
3460.42954300158
3460.42954300158
3460.42954300158
3460.42954300158
3460.42954300158
3460.42954300158
3460.42954300158
3460.42954300158
3460.42954300158
3460.42954300158
3460.42954300158
3460.42954300158
3460.42954300158
3460.42954300158
3460.42954300158
3460.42954300158
3460.42954300158
3460.42954300158
3460.42954300158
3460.42954300158
3460.42954300158
3460.42954300158
3460.42954300158
3460.42954300158
3460.42954300158
3460.42954300158
3460.42954300158
3460.42954300158
3460.42954300158
3460.42954300158
3460.42954300158
3460.42954300158
3460.42954300158
3460.42954300158
3460.42954300158
3460.42954300158
3460.42954300158
3460.42954300158
3460.42954300158
3460.42954300158
3460.42954300158
3460.42954300158
3460.42954300158
3460.42954300158
3460.42954300158
3460.42954300158
3460.42954300158
3460.42954300158
3460.42954300158
3460.42954300158
3460.42954300158
3460.42954300158
3460.42954300158
3460.42954300158
3460.42954300158
3460.42954300158
3460.42954300158
3460.42954300158
3460.42954300158
3460.42954300158
3460.42954300158
3460.42954300158
3460.42954300158
3460.42954300158
3460.42954300158
3460.42954300158
3460.42954300158
3460.46372422769
3460.46372422769
3460.46372422769
3460.46372422769
3460.46372422769
3460.46372422769
3460.46372422769
3460.46372422769
3460.46372422769
3460.46372422769
3460.46372422769
3460.46372422769
3460.46372422769
3460.46372422769
3460.46372422769
3460.46372422769
3460.46372422769
3460.46372422769
3460.46372422769
3460.46372422769
3460.46372422769
3460.46372422769
3460.46372422769
3460.46372422769
3460.46372422769
3460.46372422769
3460.46372422769
3460.46372422769
3460.46372422769
3460.46372422769
3460.46372422769
3460.46372422769
3460.46372422769
3460.46372422769
3460.46372422769
3460.46372422769
3460.46372422769
3460.46372422769
3460.46372422769
3460.46372422769
3460.46372422769
3460.46372422769
3460.46372422769
3460.46372422769
3460.46372422769
3460.46372422769
3460.46372422769
3460.46372422769
3460.46372422769
3460.46372422769
3460.46372422769
3460.46372422769
3460.46372422769
3460.46372422769
3460.46372422769
3460.46372422769
3460.46372422769
3460.46372422769
3460.46372422769
3460.46372422769
3460.46372422769
3460.46372422769
3460.46372422769
3460.46372422769
3460.46372422769
3460.46372422769
3460.46372422769
3460.46372422769
3460.46372422769
3460.46372422769
3460.46372422769
3460.46372422769
3460.46372422769
3460.46372422769
3460.46372422769
3460.46372422769
3460.46372422769
3460.46372422769
3460.46372422769
3460.46372422769
3460.46372422769
3460.46372422769
3460.46372422769
3460.46372422769
3460.46372422769
3460.46372422769
3460.46372422769
3460.46372422769
3460.46372422769
3460.46372422769
3460.46372422769
3460.46372422769
3460.46372422769
3460.46372422769
3460.46372422769
3460.46372422769
3460.46372422769
3460.46372422769
3460.46372422769
3460.46372422769
3460.46372422769
3460.46372422769
3460.46372422769
3460.46372422769
3460.46372422769
3460.46372422769
3460.46372422769
3460.46372422769
3460.46372422769
3460.46372422769
3460.46372422769
3460.46372422769
3460.46372422769
3460.46372422769
3460.46372422769
3460.46372422769
3460.46372422769
3460.46372422769
3460.46372422769
3460.46372422769
3460.46372422769
3460.46372422769
3460.46372422769
3460.46372422769
3460.46372422769
3460.46372422769
3460.46372422769
3460.46372422769
3460.46372422769
3461.58270485966
3461.58270485966
3461.58270485966
3461.58270485966
3461.58270485966
3461.58270485966
3461.58270485966
3461.58270485966
3461.58270485966
3461.58270485966
3461.58270485966
3461.58270485966
3461.58270485966
3461.58270485966
3461.58270485966
3461.58270485966
3461.67374885009
3461.67374885009
3461.67374885009
3461.67374885009
3461.67374885009
3461.67374885009
3461.67374885009
3461.67374885009
3461.67374885009
3461.67374885009
3461.67374885009
3461.67374885009
3461.67374885009
3461.67374885009
3461.67374885009
3461.67374885009
3461.67374885009
3461.67374885009
3461.67374885009
3461.67374885009
3461.67374885009
3461.67374885009
3461.67374885009
3465.39806344989
3465.39806344989
3465.39806344989
3465.39806344989
3465.39806344989
3465.39806344989
3465.39806344989
3465.39806344989
3466.68203176184
3468.48215268374
3468.48215268374
3468.48215268374
3468.48215268374
3468.48215268374
3468.48215268374
3468.48215268374
3468.48215268374
3468.48215268374
3468.48215268374
3468.48215268374
3468.48215268374
3468.48215268374
3468.48215268374
3468.48215268374
3468.48215268374
3468.48215268374
3468.48215268374
3468.48215268374
3468.48215268374
3468.48215268374
3468.48215268374
3468.48215268374
3468.48215268374
3468.48215268374
3468.48215268374
3468.48215268374
3468.48215268374
3468.48215268374
3468.48215268374
3468.48215268374
3468.48215268374
3468.48215268374
3468.48215268374
3468.48215268374
3468.48215268374
3468.48215268374
3468.48215268374
3468.48215268374
3468.48215268374
3468.48215268374
3468.48215268374
3468.48215268374
3468.48215268374
3468.48215268374
3468.48215268374
3468.48215268374
3468.48215268374
3468.48215268374
3468.48215268374
3468.48215268374
3468.48215268374
3468.48215268374
3468.48215268374
3468.48215268374
3468.48215268374
3468.48215268374
3468.48215268374
3468.48215268374
3470.50606711972
3470.50606711972
3470.50606711972
3470.50606711972
3470.50606711972
3470.50606711972
3470.50606711972
3470.50606711972
3470.50606711972
3470.50606711972
3470.50606711972
3470.50606711972
3470.50606711972
3470.50606711972
3470.50606711972
3470.50606711972
3470.50606711972
3470.50606711972
3470.50606711972
3470.50606711972
3470.50606711972
3470.50606711972
3470.50606711972
3470.50606711972
3470.50606711972
3470.50606711972
3470.50606711972
3470.50606711972
3470.50606711972
3470.50606711972
3470.50606711972
3470.50606711972
3470.50606711972
3470.50606711972
3470.50606711972
3470.50606711972
3470.50606711972
3470.50606711972
3470.50606711972
3470.50606711972
3481.74367881604
3481.74367881604
3481.74367881604
3481.74367881604
3481.74367881604
3481.74367881604
3481.74367881604
3481.74367881604
3481.74367881604
3481.74367881604
3481.74367881604
3481.74367881604
3481.74367881604
3481.74367881604
3481.74367881604
3481.74367881604
3481.74367881604
3481.74367881604
3481.74367881604
3481.74367881604
3481.74367881604
3481.74367881604
3481.74367881604
3481.74367881604
3481.74367881604
3481.74367881604
3481.74367881604
3481.74367881604
3481.74367881604
3481.74367881604
3481.74367881604
3481.74367881604
3481.74367881604
3481.74367881604
3481.74367881604
3481.74367881604
3481.74367881604
3481.74367881604
3481.74367881604
3481.74367881604
3481.74367881604
3481.74367881604
3481.74367881604
3481.74367881604
3481.74367881604
3481.74367881604
3481.74367881604
3481.74367881604
3481.74367881604
3481.74367881604
3481.74367881604
3481.74367881604
3481.74367881604
3481.74367881604
3481.74367881604
3481.74367881604
3481.74367881604
3481.74367881604
3481.74367881604
3481.74367881604
3481.74367881604
3481.74367881604
3481.74367881604
3481.74367881604
3481.74367881604
3481.74367881604
3481.74367881604
3481.74367881604
3481.74367881604
3481.74367881604
3481.74367881604
3481.74367881604
3481.74367881604
3481.74367881604
3481.74367881604
3481.74367881604
3481.74367881604
3481.74367881604
3481.74367881604
3481.74367881604
3481.74367881604
3481.74367881604
3481.74367881604
3481.74367881604
3481.74367881604
3481.74367881604
3481.74367881604
3481.74367881604
3481.74367881604
3481.74367881604
3481.74367881604
3481.74367881604
3481.74367881604
3481.74367881604
3481.74367881604
3481.74367881604
3481.74367881604
3481.74367881604
3481.74367881604
3481.74367881604
3481.74367881604
3481.74367881604
3481.74367881604
3481.81658040789
3481.81658040789
3481.81658040789
3481.81658040789
3481.81658040789
3481.81658040789
3481.81658040789
3481.81658040789
3481.81658040789
3481.81658040789
3481.81658040789
3481.81658040789
3481.81658040789
3481.81658040789
3481.81658040789
3481.81658040789
3481.81658040789
3481.81658040789
3481.81658040789
3481.81658040789
3481.81658040789
3481.81658040789
3481.81658040789
3481.81658040789
3481.81658040789
3481.81658040789
3481.81658040789
3481.81658040789
3481.81658040789
3481.81658040789
3481.81658040789
3481.81658040789
3481.81658040789
3481.81658040789
3481.81658040789
3481.81658040789
3481.81658040789
3481.81658040789
3481.81658040789
3481.81658040789
3481.81658040789
3481.81658040789
3481.81658040789
3481.81658040789
3481.81658040789
3481.81658040789
3481.81658040789
3481.81658040789
3481.81658040789
3481.81658040789
3481.81658040789
3481.81658040789
3481.81658040789
3481.81658040789
3481.81658040789
3481.81658040789
3481.81658040789
3481.81658040789
3481.81658040789
3481.81658040789
3481.81658040789
3481.81658040789
3481.81658040789
3481.81658040789
3481.81658040789
3481.81658040789
3481.81658040789
3481.81658040789
3481.81658040789
3481.81658040789
3481.81658040789
3481.81658040789
3481.81658040789
3481.81658040789
3481.81658040789
3481.81658040789
3481.81658040789
3481.81658040789
3481.81658040789
3481.81658040789
3481.81658040789
3481.81658040789
3481.81658040789
3481.81658040789
3481.81658040789
3481.81658040789
3481.81658040789
3482.99988330409
3482.99988330409
3482.99988330409
3482.99988330409
3482.99988330409
3482.99988330409
3482.99988330409
3482.99988330409
3482.99988330409
3482.99988330409
3482.99988330409
3482.99988330409
3482.99988330409
3482.99988330409
3482.99988330409
3482.99988330409
3482.99988330409
3482.99988330409
3482.99988330409
3482.99988330409
3482.99988330409
3482.99988330409
3482.99988330409
3482.99988330409
3482.99988330409
3482.99988330409
3482.99988330409
3482.99988330409
3482.99988330409
3482.99988330409
3482.99988330409
3482.99988330409
3482.99988330409
3482.99988330409
3482.99988330409
3482.99988330409
3482.99988330409
3482.99988330409
3482.99988330409
3482.99988330409
3482.99988330409
3482.99988330409
3482.99988330409
3482.99988330409
3482.99988330409
3482.99988330409
3482.99988330409
3482.99988330409
3482.99988330409
3482.99988330409
3482.99988330409
3482.99988330409
3482.99988330409
3482.99988330409
3482.99988330409
3482.99988330409
3482.99988330409
3482.99988330409
3485.29484016488
3485.29484016488
3485.29484016488
3485.29484016488
3485.29484016488
3485.29484016488
3485.29484016488
3485.29484016488
3485.29484016488
3485.29484016488
3485.29484016488
3485.29484016488
3485.29484016488
3485.29484016488
3485.29484016488
3485.29484016488
3485.29484016488
3485.29484016488
3485.29484016488
3485.29484016488
3485.29484016488
3485.29484016488
3485.29484016488
3485.29484016488
3485.29484016488
3485.29484016488
3485.29484016488
3485.29484016488
3485.29484016488
3485.29484016488
3485.29484016488
3485.29484016488
3485.29484016488
3485.29484016488
3485.29484016488
3485.29484016488
3485.29484016488
3485.29484016488
3485.29484016488
3485.29484016488
3485.29484016488
3485.29484016488
3485.29484016488
3485.29484016488
3485.29484016488
3485.29484016488
3485.29484016488
3485.29484016488
3485.29484016488
3485.29484016488
3485.29484016488
3485.29484016488
3485.29484016488
3485.29484016488
3485.29484016488
3485.29484016488
3485.29484016488
3485.29484016488
3485.29484016488
3485.29484016488
3485.29484016488
3488.07375383089
3493.62192026965
3493.62192026965
3493.62192026965
3493.62192026965
3493.62192026965
3493.62192026965
3493.62192026965
3493.62192026965
3493.62192026965
3493.62192026965
3493.62192026965
3493.62192026965
3493.62192026965
3493.62192026965
3493.62192026965
3493.62192026965
3493.62192026965
3493.62192026965
3493.62192026965
3493.62192026965
3493.62192026965
3493.62192026965
3493.62192026965
3493.62192026965
3493.62192026965
3493.62192026965
3493.62192026965
3493.62192026965
3493.62192026965
3493.62192026965
3493.62192026965
3493.62192026965
3493.62192026965
3493.62192026965
3493.62192026965
3493.62192026965
3493.62192026965
3493.62192026965
3493.62192026965
3493.62192026965
3493.62192026965
3493.62192026965
3493.62192026965
3493.62192026965
3493.62192026965
3493.62192026965
3493.62192026965
3493.62192026965
3493.62192026965
3493.62192026965
3493.62225017295
3493.62225017295
3493.62225017295
3493.62225017295
3493.62225017295
3493.62225017295
3493.62225017295
3493.62225017295
3493.62225017295
3493.62225017295
3493.62225017295
3493.62225017295
3493.62225017295
3493.62225017295
3493.62225017295
3493.62225017295
3493.62225017295
3493.62225017295
3493.62225017295
3493.62225017295
3493.62225017295
3493.62225017295
3493.62225017295
3493.62225017295
3493.62225017295
3493.62225017295
3493.62225017295
3493.62225017295
3493.62225017295
3493.62225017295
3493.62225017295
3493.62225017295
3493.62225017295
3493.62225017295
3493.62225017295
3493.62225017295
3493.62225017295
3493.62225017295
3493.62225017295
3493.62225017295
3493.62225017295
3493.62225017295
3493.62225017295
3493.62225017295
3493.62225017295
3493.62225017295
3493.62225017295
3493.62225017295
3493.62225017295
3493.62225017295
3493.62225017295
3493.62225017295
3493.62225017295
3493.62225017295
3493.62225017295
3493.62225017295
3493.62225017295
3493.62225017295
3493.62225017295
3493.62225017295
3493.62225017295
3493.62225017295
3493.62225017295
3493.62225017295
3493.62225017295
3493.62225017295
3493.62225017295
3493.62225017295
3493.62225017295
3493.62225017295
3493.62225017295
3493.62225017295
3493.62225017295
3493.62225017295
3493.62225017295
3493.62225017295
3493.62225017295
3493.62225017295
3493.62225017295
3493.62225017295
3493.62225017295
3493.62225017295
3493.62225017295
3493.62225017295
3493.62225017295
3499.49290343318
3501.4816544351
3501.4816544351
3501.4816544351
3501.4816544351
3503.9463489514
3504.96075107844
3504.96075107844
3504.96075107844
3504.96075107844
3504.96075107844
3504.96075107844
3504.96075107844
3504.96075107844
3504.96075107844
3504.96075107844
3504.96075107844
3504.96075107844
3504.96075107844
3504.96075107844
3504.96075107844
3504.96075107844
3504.96075107844
3504.96075107844
3504.96075107844
3504.96075107844
3504.96075107844
3504.96075107844
3504.96075107844
3504.96075107844
3504.96075107844
3504.96075107844
3504.96075107844
3504.96075107844
3504.96075107844
3504.96075107844
3504.96075107844
3504.96075107844
3504.96075107844
3504.96075107844
3504.96075107844
3504.96075107844
3504.96075107844
3504.96075107844
3504.96075107844
3504.96075107844
3508.11308617678
3508.11308617678
3508.11308617678
3508.11308617678
3508.11308617678
3508.11308617678
3508.11308617678
3508.11308617678
3508.11308617678
3508.11308617678
3508.11308617678
3508.11308617678
3508.11308617678
3508.11308617678
3508.11308617678
3508.11308617678
3508.11308617678
3508.11308617678
3508.11308617678
3508.11308617678
3508.11308617678
3508.11308617678
3509.839948671
3509.839948671
3509.839948671
3509.839948671
3509.839948671
3509.839948671
3509.839948671
3509.839948671
3509.839948671
3509.839948671
3509.839948671
3509.839948671
3509.839948671
3509.839948671
3509.839948671
3509.839948671
3509.839948671
3509.839948671
3509.839948671
3509.839948671
3509.839948671
3509.839948671
3509.839948671
3509.839948671
3509.839948671
3509.839948671
3509.839948671
3509.839948671
3509.839948671
3509.839948671
3509.839948671
3509.839948671
3509.839948671
3509.839948671
3509.839948671
3509.839948671
3509.839948671
3509.839948671
3509.839948671
3509.839948671
3509.839948671
3509.839948671
3509.839948671
3509.839948671
3509.839948671
3509.839948671
3515.47993104479
3516.0822874778
3516.0822874778
3516.0822874778
3516.0822874778
3516.0822874778
3516.0822874778
3516.0822874778
3516.0822874778
3516.0822874778
3516.0822874778
3516.0822874778
3516.0822874778
3516.0822874778
3516.0822874778
3516.0822874778
3516.0822874778
3516.0822874778
3516.0822874778
3516.0822874778
3516.0822874778
3516.0822874778
3516.0822874778
3516.0822874778
3516.0822874778
3516.0822874778
3516.0822874778
3516.0822874778
3516.0822874778
3516.0822874778
3516.0822874778
3516.0822874778
3516.0822874778
3516.0822874778
3516.0822874778
3516.0822874778
3516.0822874778
3516.0822874778
3516.0822874778
3516.0822874778
3516.0822874778
3516.0822874778
3516.0822874778
3516.0822874778
3516.0822874778
3516.0822874778
3516.0822874778
3516.0822874778
3516.0822874778
3516.0822874778
3516.0822874778
3516.0822874778
3516.0822874778
3516.0822874778
3516.0822874778
3516.0822874778
3516.0822874778
3516.0822874778
3516.0822874778
3516.0822874778
3516.0822874778
3516.0822874778
3516.0822874778
3516.0822874778
3516.0822874778
3516.0822874778
3516.0822874778
3516.0822874778
3516.0822874778
3516.0822874778
3516.0822874778
3516.0822874778
3516.0822874778
3516.0822874778
3516.0822874778
3516.0822874778
3516.0822874778
3516.0822874778
3516.0822874778
3516.0822874778
3516.0822874778
3516.0822874778
3516.0822874778
3516.0822874778
3516.0822874778
3516.0822874778
3516.0822874778
3516.0822874778
3516.0822874778
3516.0822874778
3516.0822874778
3516.0822874778
3516.0822874778
3516.0822874778
3516.0822874778
3516.0822874778
3516.0822874778
3516.0822874778
3516.0822874778
3516.0822874778
3516.0822874778
3516.0822874778
3516.0822874778
3516.0822874778
3516.0822874778
3516.0822874778
3516.0822874778
3516.0822874778
3516.0822874778
3516.0822874778
3516.0822874778
3516.0822874778
3516.0822874778
3516.0822874778
3516.0822874778
3516.0822874778
3516.0822874778
3516.0822874778
3516.0822874778
3516.0822874778
3516.0822874778
3516.0822874778
3516.0822874778
3516.0822874778
3516.0822874778
3516.0822874778
3516.0822874778
3516.0822874778
3516.0822874778
3516.0822874778
3516.0822874778
3516.0822874778
3516.0822874778
3516.0822874778
3516.0822874778
3516.0822874778
3516.0822874778
3516.0822874778
3516.0822874778
3516.0822874778
3516.0822874778
3516.0822874778
3516.0822874778
3516.0822874778
3516.0822874778
3516.0822874778
3516.0822874778
3516.0822874778
3516.0822874778
3516.0822874778
3516.0822874778
3516.0822874778
3516.0822874778
3516.0822874778
3516.0822874778
3516.0822874778
3516.0822874778
3516.0822874778
3516.0822874778
3516.0822874778
3516.0822874778
3516.0822874778
3516.0822874778
3516.0822874778
3516.0822874778
3516.0822874778
3516.0822874778
3516.0822874778
3516.0822874778
3516.0822874778
3516.0822874778
3516.0822874778
3516.0822874778
3516.0822874778
3516.0822874778
3516.0822874778
3516.0822874778
3516.0822874778
3516.0822874778
3516.0822874778
3516.0822874778
3516.0822874778
3516.0822874778
3516.0822874778
3516.0822874778
3516.0822874778
3516.0822874778
3516.0822874778
3516.0822874778
3516.0822874778
3516.0822874778
3516.0822874778
3516.0822874778
3516.0822874778
3516.0822874778
3516.0822874778
3516.0822874778
3516.0822874778
3516.0822874778
3516.0822874778
3518.45553743937
3518.45553743937
3518.45553743937
3518.45553743937
3518.45553743937
3518.45553743937
3518.45553743937

