3122.01391447439
3539.69412177625
3658.69123422606
3720.10973546683
3786.80022592525
3817.8152473943
3849.72890647654
3863.35511085362
3890.65790927552
3907.4914836092
3934.90807822197
3942.26220790949
3947.1286380844
3970.76418303891
3981.76296039569
3991.12031408303
3999.17182561506
4011.15055212292
4032.05930540221
4051.42825269403
4062.21460222253
4075.9620986033
4076.65213619183
4076.65213619183
4082.64686093981
4087.48308765577
4088.32476549042
4094.68444767544
4112.30041157433
4114.81567854392
4117.67246762143
4134.34971359755
4137.17597573369
4137.43533055821
4149.01850937196
4154.3980215086
4174.90051437447
4179.16297521896
4180.00615996902
4180.69353891131
4198.12904098618
4209.45342980305
4210.17244805453
4214.03404474822
4216.88540481153
4216.88540481153
4216.88540481153
4230.06873798032
4238.05906211205
4240.18499090463
4242.90354115179
4244.30596447197
4245.26830672526
4246.45976870265
4246.45976870265
4249.76942843522
4251.27999571313
4254.05926622929
4256.35814719335
4259.76145158174
4259.76145158174
4265.17034952801
4265.94727243833
4269.41366042537
4269.41366042537
4273.90322812686
4274.33951871368
4274.95585454728
4275.32235898311
4275.32235898311
4279.3973200143
4279.3973200143
4289.43465007027
4293.24197872124
4300.83627301174
4303.4353219193
4303.4353219193
4303.4353219193
4303.4353219193
4303.4353219193
4305.2398045381
4305.2398045381
4305.2398045381
4310.69503794097
4311.3834100125
4326.1168844163
4332.29280300587
4332.29280300587
4332.29280300587
4332.29280300587
4334.97173423093
4336.01775452727
4338.52233919392
4341.64137142065
4341.64137142065
4343.70302081166
4345.36695658927
4352.11563348176
4352.11563348176
4355.32919796196
4355.32919796196
4355.8418795109
4355.8418795109
4355.8418795109
4355.8418795109
4355.8418795109
4355.8418795109
4355.8418795109
4355.8418795109
4359.10686588433
4364.54079178161
4364.54079178161
4364.54079178161
4365.93301498416
4368.94088693619
4371.81651055017
4377.03392924676
4379.009182166
4383.51199485843
4387.28819695155
4387.28819695155
4387.28819695155
4387.28819695155
4387.28819695155
4389.8506461156
4392.00437229121
4392.00437229121
4397.42575207867
4398.60181435642
4400.85974902153
4403.04334926459
4403.90477909298
4403.90477909298
4404.76003771544
4404.76003771544
4404.76003771544
4404.76003771544
4405.24326204823
4405.73415742214
4405.73415742214
4405.73415742214
4410.46485697902
4410.46485697902
4410.46485697902
4410.46485697902
4410.46485697902
4411.05195870776
4413.02021220846
4413.02021220846
4424.37362242331
4427.45869250788
4427.45869250788
4427.45869250788
4427.48030290713
4428.96523796647
4428.96523796647
4429.27426020661
4429.27426020661
4430.60121556989
4430.60121556989
4430.60121556989
4432.4379719953
4432.4379719953
4432.4379719953
4432.4379719953
4434.77488611765
4434.77488611765
4434.77488611765
4435.51993778815
4435.51993778815
4435.51993778815
4435.51993778815
4435.51993778815
4435.51993778815
4438.35950298681
4438.35950298681
4438.35950298681
4438.35950298681
4438.35950298681
4438.35950298681
4438.35950298681
4438.35950298681
4438.35950298681
4438.35950298681
4438.35950298681
4438.35950298681
4439.28687811785
4439.28687811785
4439.28687811785
4439.28687811785
4439.28687811785
4439.28687811785
4439.28687811785
4439.28687811785
4439.28687811785
4440.72523007296
4440.72523007296
4440.72523007296
4441.44251101611
4443.39602037212
4444.32476964676
4444.32476964676
4447.78458549029
4447.78458549029
4447.78458549029
4447.78458549029
4447.78458549029
4447.78458549029
4447.78458549029
4448.1255774833
4448.1255774833
4448.1255774833
4457.41792019001
4457.41792019001
4457.41792019001
4457.41792019001
4459.98630556958
4459.98630556958
4462.32919645608
4462.32919645608
4463.98272869419
4463.98272869419
4463.98272869419
4463.98272869419
4463.98272869419
4465.37967619576
4465.37967619576
4465.50878858852
4472.11154384877
4472.11154384877
4472.11154384877
4472.11154384877
4472.11154384877
4472.11154384877
4472.11154384877
4472.3314895852
4472.3314895852
4472.3314895852
4472.3314895852
4472.86620408505
4472.86620408505
4473.88910018197
4473.88910018197
4473.88910018197
4473.88910018197
4480.35076962566
4480.35076962566
4480.35076962566
4480.35076962566
4480.35076962566
4480.35076962566
4480.35076962566
4481.06965124456
4481.06965124456
4481.06965124456
4481.06965124456
4481.93736172704
4481.93736172704
4481.93736172704
4481.93736172704
4482.95410793202
4484.87398705923
4484.87398705923
4484.87398705923
4484.87398705923
4486.14233294843
4486.49911909276
4487.20302590468
4487.20302590468
4487.20302590468
4487.20302590468
4487.20302590468
4487.20302590468
4487.20302590468
4487.20302590468
4487.20302590468
4487.20302590468
4487.20302590468
4487.20302590468
4487.20302590468
4487.20302590468
4487.20302590468
4487.20302590468
4491.29593717884
4491.29593717884
4491.29593717884
4491.29593717884
4491.29593717884
4491.29593717884
4495.59603645132
4496.565422643
4496.565422643
4496.565422643
4496.565422643
4496.565422643
4496.565422643
4496.565422643
4496.565422643
4496.565422643
4496.565422643
4496.565422643
4496.565422643
4496.565422643
4496.565422643
4496.565422643
4496.565422643
4497.29933292941
4499.47023834153
4499.47023834153
4499.47023834153
4499.47023834153
4506.07296954954
4506.07296954954
4506.07296954954
4506.11408100167
4506.11408100167
4506.11408100167
4506.11408100167
4507.97803238021
4507.97803238021
4507.97803238021
4507.97803238021
4509.93328835577
4509.93328835577
4509.93328835577
4509.93328835577
4509.93328835577
4509.94873512354
4509.94873512354
4514.61832327828
4514.61832327828
4517.78853735942
4519.93757577815
4519.93757577815
4519.93757577815
4519.93757577815
4519.93757577815
4519.93757577815
4519.93757577815
4519.93757577815
4519.93757577815
4519.93757577815
4521.44401466533
4521.4440337819
4521.4440337819
4521.4440337819
4521.4440337819
4521.4440337819
4521.4440337819
4521.4440337819
4524.27331873199
4524.27331873199
4524.27331873199
4524.27331873199
4524.27331873199
4524.27331873199
4524.27331873199
4524.27331873199
4524.27331873199
4524.27331873199
4524.79508187602
4524.79508187602
4524.79508187602
4524.79508187602
4524.79508187602
4528.08084933865
4528.08084933865
4528.08084933865
4528.08084933865
4528.08084933865
4528.08084933865
4528.08084933865
4528.08084933865
4530.33458277927
4530.33458277927
4530.33458277927
4530.33458277927
4530.33458277927
4530.33458277927
4530.33458277927
4530.33458277927
4530.33458277927
4530.33458277927
4530.33458277927
4530.33458277927
4530.33458277927
4530.33458277927
4531.52901954224
4531.52901954224
4531.52901954224
4531.52901954224
4531.52901954224
4535.97891580655
4535.97891580655
4535.97891580655
4537.12572384347
4537.12572384347
4537.12572384347
4538.28537038738
4538.28537038738
4538.28537038738
4538.28537038738
4538.28537038738
4538.28537038738
4538.28537038738
4538.28537038738
4538.28537038738
4538.28537038738
4538.28537038738
4542.14272585975
4542.14272585975
4542.14272585975
4542.14272585975
4542.14272585975
4542.14272585975
4542.14272585975
4542.71839420282
4542.71839420282
4542.71839420282
4543.38171328206
4543.38171328206
4543.38171328206
4543.38171328206
4543.38171328206
4543.38171328206
4543.38171328206
4544.589938569
4545.16039424373
4545.16039424373
4545.16039424373
4545.16039424373
4545.16039424373
4548.8102318591
4548.8102318591
4548.8102318591
4548.8102318591
4553.91591210858
4553.91591210858
4553.91591210858
4553.91591210858
4553.91591210858
4553.91591210858
4553.91591210858
4553.91591210858
4553.91591210858
4553.91591210858
4557.95088592497
4557.95088592497
4557.95088592497
4557.96294572034
4557.96294572034
4557.96294572034
4557.96294572034
4557.96294572034
4557.96294572034
4557.96294572034
4557.96294572034
4561.35258360394
4562.28429970072
4562.28429970072
4562.28429970072
4562.28429970072
4562.28429970072
4562.28429970072
4570.59483933696
4570.59483933696
4570.59483933696
4572.31244613873
4572.31244613873
4572.31244613873
4572.31244613873
4572.31244613873
4572.31244613873
4572.31244613873
4572.31244613873
4572.31244613873
4572.31244613873
4572.31244613873
4581.61226707474
4581.61226707474
4581.61226707474
4581.61226707474
4581.61226707474
4581.61226707474
4581.61226707474
4581.61226707474
4581.61226707474
4581.61226707474
4586.64243885375
4586.64243885375
4586.64243885375
4586.64243885375
4586.64243885375
4586.64243885375
4586.64243885375
4586.64243885375
4586.64243885375
4586.64243885375
4586.64243885375
4586.64243885375
4586.64243885375
4586.64243885375
4586.64243885375
4586.64243885375
4586.64243885375
4586.64243885375
4586.64243885375
4586.64243885375
4586.64243885375
4586.64243885375
4586.64243885375
4586.64243885375
4586.64243885375
4586.64243885375
4586.64243885375
4586.64243885375
4586.64243885375
4586.64243885375
4586.64243885375
4586.64243885375
4586.64243885375
4586.64243885375
4586.64243885375
4586.64243885375
4586.64243885375
4586.64243885375
4586.64243885375
4586.64243885375
4586.64243885375
4586.64243885375
4586.64243885375
4586.64243885375
4586.64243885375
4586.64243885375
4586.64243885375
4586.64243885375
4586.64243885375
4586.64243885375
4586.64243885375
4586.64243885375
4586.64243885375
4586.64243885375
4586.64243885375
4586.64243885375
4586.64243885375
4586.64243885375
4586.64243885375
4586.64243885375
4586.64243885375
4586.64243885375
4586.64243885375
4586.64243885375
4589.6055744813
4589.6055744813
4589.6055744813
4589.6055744813
4589.6055744813
4589.6055744813
4589.6055744813
4589.6055744813
4589.6055744813
4589.6055744813
4589.6055744813
4589.6055744813
4589.6055744813
4589.6055744813
4589.87466889786
4589.87466889786
4589.87466889786
4589.87466889786
4589.87466889786
4589.87466889786
4594.65323547472
4594.65323547472
4598.68974348302
4600.11561597623
4600.11561597623
4600.11561597623
4600.11561597623
4600.11561597623
4600.11561597623
4600.11561597623
4600.11561597623
4600.11561597623
4600.11561597623
4600.11561597623
4600.11561597623
4600.11561597623
4600.11561597623
4600.11561597623
4600.11561597623
4600.11561597623
4600.11561597623
4600.11561597623
4600.11561597623
4600.9197981769
4600.9197981769
4600.9197981769
4600.9197981769
4600.9197981769
4600.9197981769
4600.9197981769
4600.9197981769
4600.9197981769
4600.9197981769
4600.9197981769
4600.9197981769
4600.9197981769
4604.01152624702
4604.01152624702
4604.01152624702
4604.01152624702
4604.01152624702
4604.01152624702
4604.01152624702
4604.01152624702
4604.01152624702
4606.60014629273
4606.60014629273
4607.99614984524
4610.16864579698
4610.16864579698
4610.16864579698
4610.16864579698
4610.40420474467
4610.40420474467
4610.40420474467
4610.40420474467
4610.40420474467
4612.21871946463
4612.21871946463
4612.21871946463
4612.21871946463
4612.21871946463
4612.21871946463
4612.21871946463
4612.21871946463
4612.21871946463
4612.21871946463
4612.21871946463
4612.21871946463
4612.21871946463
4612.21871946463
4612.21871946463
4613.97854124359
4613.97854124359
4613.97854124359
4614.61824773083
4614.61824773083
4614.61824773083
4617.54977918546
4617.54977918546
4617.54977918546
4617.54977918546
4618.06826060701
4618.06826060701
4619.51808514999
4619.51808514999
4619.51808514999
4619.51808514999
4619.51808514999
4619.51808514999
4619.51808514999
4619.51808514999
4619.51808514999
4619.51808514999
4619.51808514999
4619.51808514999
4619.51808514999
4621.49753555314
4621.49753555314
4623.29125877922
4623.29125877922
4623.29125877922
4623.29125877922
4623.29125877922
4623.29125877922
4623.29125877922
4623.29125877922
4624.71308346211
4624.71308346211
4625.63220798217
4625.63220798217
4625.63220798217
4625.63220798217
4625.63220798217
4625.63220798217
4625.63220798217
4626.91895121215
4626.91895121215
4626.91895121215
4626.91895121215
4626.91895121215
4626.91895121215
4626.91895121215
4626.91895121215
4626.91895121215
4626.91895121215
4626.91895121215
4626.91895121215
4626.91895121215
4626.91895121215
4626.91895121215
4626.91895121215
4626.91895121215
4626.91895121215
4626.91895121215
4626.91895121215
4626.91895121215
4626.91895121215
4626.91895121215
4626.91895121215
4626.91895121215
4626.91895121215
4627.94894068554
4627.94894068554
4628.43364135749
4628.43364135749
4628.43364135749
4628.43364135749
4628.43364135749
4628.43364135749
4628.43364135749
4628.43364135749
4628.43364135749
4628.43364135749
4628.43364135749
4628.43364135749
4628.43364135749
4628.43364135749
4628.43364135749
4628.43364135749
4628.43364135749
4630.61414849815
4630.61414849815
4630.61414849815
4630.61414849815
4630.61414849815
4631.21827009148
4631.21827009148
4631.21827009148
4632.54315289068
4632.54315289068
4632.54315289068
4632.54315289068
4632.54315289068
4632.54315289068
4632.54315289068
4632.54315289068
4635.92556744963
4635.92556744963
4635.92556744963
4638.88748430271
4638.88748430271
4638.88748430271
4638.88748430271
4638.88748430271
4638.88748430271
4638.88748430271
4638.88748430271
4638.88748430271
4638.88748430271
4638.88748430271
4638.88748430271
4638.88748430271
4638.88748430271
4638.88748430271
4638.88748430271
4638.88748430271
4638.88748430271
4638.88748430271
4638.88748430271
4638.88748430271
4638.88748430271
4638.88748430271
4638.88748430271
4638.88748430271
4638.88748430271
4638.88748430271
4638.88748430271
4638.88748430271
4638.88748430271
4638.88748430271
4638.88748430271
4638.88748430271
4638.88748430271
4638.88748430271
4640.19671006954
4640.19671006954
4640.19671006954
4640.19671006954
4640.19671006954
4640.19671006954
4640.19671006954
4640.19671006954
4640.19671006954
4640.19671006954
4640.19671006954
4640.19671006954
4640.19671006954
4640.19671006954
4640.19671006954
4640.19671006954
4640.2064662291
4645.84278315887
4645.84278315887
4645.84278315887
4645.84278315887
4647.83438918876
4647.83438918876
4647.83438918876
4647.83438918876
4647.83438918876
4647.83438918876
4647.83438918876
4647.83438918876
4647.83438918876
4647.83438918876
4647.83438918876
4647.83438918876
4647.83438918876
4647.83438918876
4650.02233241731
4650.02233241731
4650.02233241731
4650.02233241731
4650.02233241731
4650.02233241731
4650.02233241731
4650.02233241731
4650.02233241731
4650.02233241731
4650.02233241731
4650.02233241731
4650.90685826762
4650.90685826762
4650.90685826762
4650.90685826762
4650.90685826762
4650.90685826762
4650.90685826762
4650.90685826762
4650.90685826762
4650.90685826762
4650.90685826762
4650.90685826762
4650.90685826762
4650.90685826762
4650.90685826762
4650.90685826762
4650.90685826762
4650.90685826762
4650.90685826762
4650.90685826762
4650.90685826762
4650.90685826762
4650.90685826762
4650.90685826762
4650.90685826762
4650.90685826762
4650.90685826762
4650.90685826762
4650.90685826762
4650.90685826762
4650.90685826762
4650.90685826762
4650.90685826762
4651.16103731203
4655.99286372907
4655.99286372907
4655.99286372907
4655.99286372907
4655.99286372907
4655.99286372907
4657.63126258569
4658.66317684801
4658.66317684801
4658.66317684801
4658.66317684801
4658.72487569324
4658.72487569324
4658.72487569324
4658.72487569324
4658.72487569324
4658.72487569324
4658.72487569324
4658.72487569324
4658.72487569324
4658.72487569324
4658.72487569324
4658.72487569324
4658.72487569324
4658.72487569324
4658.72487569324
4658.72487569324
4658.72487569324
4658.72487569324
4658.72487569324
4658.72487569324
4661.49697080142
4663.53169644196
4663.53169644196
4663.53169644196
4668.78610640843
4668.78610640843
4668.78610640843
4668.78610640843
4668.78610640843
4668.78610640843
4668.78610640843
4668.78610640843
4668.78610640843
4668.78610640843
4668.78610640843
4668.78610640843
4668.78610640843
4668.78610640843
4668.78610640843
4668.78610640843
4668.78610640843
4668.78610640843
4668.78610640843
4668.78610640843
4668.78610640843
4668.78610640843
4668.78610640843
4668.78610640843
4668.78610640843
4668.78610640843
4668.78610640843
4668.78610640843
4668.78610640843
4668.78610640843
4669.82759081346
4669.82759081346
4669.82759081346
4669.82759081346
4670.63132640448
4670.63132640448
4670.63132640448
4670.63132640448
4670.63132640448
4672.37911326129
4672.37911326129
4672.37911326129
4672.37911326129
4672.37911326129
4672.37911326129
4672.37911326129
4672.37911326129
4672.37911326129
4672.37911326129
4672.37911326129
4672.37911326129
4672.37911326129
4672.37911326129
4672.37911326129
4672.37911326129
4673.68132272317
4673.68132272317
4673.68132272317
4673.68132272317
4673.68132272317
4673.68132272317
4673.68132272317
4673.68132272317
4673.68132272317
4673.68132272317
4673.68132272317
4673.68132272317
4673.68132272317
4673.68132272317
4673.68132272317
4675.87522609979
4675.87522609979
4675.87522609979
4675.87522609979
4675.87522609979
4675.87522609979
4675.87522609979
4675.87522609979
4675.87522609979
4675.87522609979
4675.87522609979
4675.87522609979
4675.87522609979
4675.87522609979
4675.87522609979
4675.87522609979
4675.87522609979
4675.87522609979
4675.87522609979
4675.87522609979
4675.87522609979
4675.87522609979
4675.87522609979
4675.87522609979
4675.87522609979
4675.87522609979
4675.87522609979
4675.87522609979
4675.87522609979
4675.87522609979
4675.87522609979
4675.87522609979
4675.87522609979
4675.87522609979
4675.87522609979
4675.87522609979
4675.87522609979
4675.87522609979
4675.87522609979
4676.42449742845
4676.79254506311
4676.79254506311
4676.79254506311
4676.79254506311
4676.79254506311
4676.79254506311
4676.79254506311
4676.79254506311
4676.79254506311
4676.79254506311
4676.79254506311
4676.79254506311
4676.79254506311
4676.79254506311
4676.79254506311
4676.79254506311
4676.79254506311
4677.97476384775
4677.97476384775
4682.35417253854
4682.35417253854
4682.35417253854
4682.35417253854
4682.35417253854
4682.35417253854
4682.35417253854
4682.35417253854
4682.35417253854
4682.35417253854
4682.35417253854
4682.35417253854
4682.35417253854
4682.35417253854
4682.35417253854
4682.35417253854
4682.35417253854
4682.35417253854
4682.35417253854
4682.35417253854
4682.35417253854
4682.35417253854
4685.46426855703
4685.46426855703
4685.46426855703
4685.46426855703
4685.46426855703
4685.46426855703
4685.46426855703
4685.78342878698
4685.78342878698
4687.18346809172
4687.18346809172
4687.18346809172
4687.18346809172
4687.18346809172
4687.18346809172
4687.18346809172
4687.18346809172
4687.18346809172
4687.18346809172
4687.18346809172
4687.18346809172
4687.18346809172
4688.91527379186
4688.91527379186
4688.91527379186
4688.91527379186
4688.91527379186
4688.91527379186
4689.87642161172
4689.87642161172
4689.87642161172
4689.87642161172
4689.87642161172
4689.87642161172
4689.87642161172
4689.87642161172
4689.87642161172
4689.87642161172
4689.87642161172
4689.87642161172
4689.87642161172
4689.87642161172
4689.87642161172
4689.87642161172
4690.98097604511
4690.98097604511
4690.98097604511
4690.98097604511
4690.98097604511
4690.98097604511
4690.98097604511
4690.98097604511
4690.98097604511
4690.98097604511
4690.98097604511
4690.98097604511
4690.98097604511
4690.98097604511
4690.98097604511
4690.98097604511
4690.98097604511
4690.98097604511
4690.98097604511
4690.98097604511
4690.98097604511
4690.98097604511
4690.98097604511
4692.01251261167
4692.01251261167
4692.01251261167
4692.01251261167
4692.01251261167
4697.48671143635
4697.48671143635
4697.48671143635
4697.48671143635
4697.48671143635
4697.48671143635
4697.48671143635
4697.48671143635
4697.48671143635
4697.48671143635
4697.48671143635
4697.48671143635
4697.48671143635
4697.48671143635
4697.48671143635
4698.630500622
4698.630500622
4698.630500622
4698.630500622
4698.630500622
4698.630500622
4698.630500622
4698.630500622
4698.630500622
4698.630500622
4698.630500622
4699.81456826286
4700.79589839946
4700.79589839946
4700.79589839946
4700.79589839946
4702.93243973528
4702.93243973528
4702.93243973528
4704.04562385254
4704.04562385254
4704.04562385254
4707.74191649743
4707.74191649743
4707.74191649743
4707.74191649743
4707.74191649743
4707.74191649743
4707.74191649743
4707.74191649743
4707.74191649743
4707.74191649743
4707.74191649743
4707.74191649743
4707.74191649743
4707.74191649743
4707.74191649743
4707.74191649743
4707.74191649743
4707.74191649743
4707.74191649743
4707.74191649743
4707.74191649743
4707.74191649743
4707.74191649743
4707.74191649743
4707.74191649743
4707.74191649743
4707.74191649743
4707.74191649743
4707.74191649743
4707.74191649743
4707.74191649743
4707.74191649743
4707.74191649743
4707.74191649743
4707.74191649743
4707.74191649743
4707.74191649743
4707.74191649743
4707.74191649743
4707.74191649743
4707.74191649743
4707.74191649743
4707.74191649743
4707.74191649743
4707.74191649743
4707.74191649743
4709.71010134443
4709.71010134443
4709.71010134443
4709.71010134443
4709.71010134443
4709.71010134443
4709.71010134443
4710.06668896245
4710.06668896245
4710.06668896245
4710.06668896245
4710.06668896245
4710.06668896245
4710.06668896245
4710.06668896245
4710.06668896245
4710.06668896245
4710.06668896245
4710.06668896245
4710.06668896245
4710.06668896245
4710.06668896245
4710.06668896245
4710.06668896245
4710.06668896245
4710.06668896245
4710.06668896245
4710.06668896245
4710.06668896245
4710.06668896245
4710.06668896245
4710.06668896245
4710.06668896245
4710.53738232506
4710.53738232506
4710.53738232506
4710.53738232506
4710.53738232506
4710.53738232506
4710.53738232506
4710.53738232506
4710.82710739972
4710.82710739972
4710.82710739972
4710.82710739972
4712.82959242955
4712.82959242955
4712.82959242955
4712.82959242955
4712.82959242955
4712.82959242955
4712.82959242955
4712.82959242955
4712.82959242955
4712.82959242955
4712.82959242955
4712.82959242955
4712.82959242955
4712.82959242955
4720.04094582288
4720.04094582288
4720.04094582288
4720.04094582288
4720.04094582288
4720.04094582288
4720.04094582288
4720.04094582288
4720.04094582288
4720.04094582288
4720.04094582288
4720.04094582288
4720.04094582288
4720.04094582288
4720.04094582288
4720.04094582288
4726.06960948503
4726.06960948503
4726.06960948503
4726.06960948503
4726.06960948503
4726.06960948503
4726.06960948503
4726.06960948503
4726.06960948503
4726.06960948503
4726.06960948503
4726.06960948503
4730.3149682157
4730.93161743689
4730.93161743689
4730.93161743689
4730.93161743689
4730.93161743689
4730.93161743689
4730.93161743689
4730.93161743689
4730.93161743689
4730.93161743689
4735.5776206057
4735.5776206057
4735.5776206057
4735.5776206057
4735.5776206057
4738.13552657253
4738.13552657253
4738.13552657253
4738.13552657253
4738.13552657253
4738.13552657253
4738.13552657253
4741.80341763124
4743.66891417401
4743.66891417401
4743.66891417401
4743.66891417401
4743.66891417401
4743.66891417401
4743.66891417401
4743.66891417401
4744.27235116234
4744.27235116234
4744.27235116234
4744.27235116234
4744.27235116234
4744.27235116234
4744.27235116234
4744.27235116234
4745.5617650311
4747.29573153617
4747.29573153617
4747.29573153617
4747.29573153617
4747.29573153617
4747.29573153617
4747.29573153617
4747.29573153617
4747.29573153617
4747.29573153617
4747.29573153617
4747.29573153617
4747.29573153617
4749.11373783299
4749.11373783299
4749.11373783299
4749.11373783299
4749.11373783299
4749.11373783299
4749.11373783299
4749.11373783299
4749.76957468739
4751.22090683437
4751.22090683437
4751.22090683437
4751.22090683437
4753.75971778641
4753.75971778641
4753.75971778641
4753.75971778641
4753.75971778641
4753.75971778641
4753.75971778641
4753.75971778641
4753.91334801397
4753.91334801397
4754.30590510751
4754.30590510751
4760.12087683174
4760.12087683174
4760.12087683174
4763.46718288804
4763.46718288804
4768.21439268829
4768.21439268829
4768.21439268829
4768.21439268829
4768.21439268829
4768.21439268829
4768.21439268829
4768.21439268829
4768.96525318097
4768.96525318097
4768.96525318097
4768.96525318097
4768.96525318097
4770.43709609626
4770.43709609626
4770.43709609626
4770.43709609626
4770.43709609626
4770.43709609626
4770.43709609626
4770.43709609626
4770.43709609626
4770.43709609626
4770.43709609626
4770.43709609626
4770.43709609626
4770.43709609626
4770.43709609626
4770.43709609626
4770.43709609626
4770.43709609626
4771.40264201047
4771.40264201047
4771.40264201047
4774.84915262989
4774.84915262989
4774.84915262989
4774.84915262989
4774.84915262989
4774.84915262989
4774.84915262989
4774.84915262989
4774.84915262989
4774.84915262989
4774.84915262989
4774.84915262989
4774.84915262989
4774.84915262989
4774.84915262989
4774.84915262989
4774.84915262989
4774.84915262989
4774.84915262989
4774.84915262989
4778.77422112829
4778.77422112829
4778.82935077252
4778.82935077252
4778.82935077252
4779.36157733234
4779.36157733234
4779.36157733234
4779.36157733234
4779.36157733234
4779.36157733234
4779.36157733234
4779.36157733234
4779.36157733234
4779.36157733234
4779.36157733234
4779.36157733234
4779.36157733234
4779.36157733234
4779.36157733234
4779.36157733234
4779.36157733234
4779.36157733234
4779.36157733234
4779.36157733234
4779.36157733234
4779.36157733234
4779.36157733234
4779.36157733234
4779.36157733234
4780.89657844787
4780.89657844787
4780.89657844787
4780.89657844787
4780.89657844787
4780.89657844787
4780.89657844787
4780.89657844787
4782.21661078754
4782.21661078754
4782.21661078754
4783.44939541685
4783.44939541685
4787.28420642134
4787.28420642134
4787.28420642134
4787.28420642134
4787.28420642134
4787.28420642134
4787.28420642134
4787.28420642134
4787.28420642134
4787.28420642134
4789.14469493165
4790.43314408861
4790.43314408861
4790.43314408861
4790.43314408861
4790.43314408861
4790.43314408861
4790.43314408861
4790.43314408861
4790.43314408861
4790.43314408861
4790.43314408861
4790.43314408861
4790.43314408861
4791.70208338686
4791.70208338686
4792.32672697403
4792.32672697403
4792.32672697403
4792.42955521077
4792.42955521077
4792.42955521077
4792.76026024545
4792.76026024545
4792.76026024545
4792.76026024545
4797.49013210472
4797.49013210472
4797.49013210472
4797.49013210472
4797.49013210472
4797.49013210472
4797.49013210472
4797.49013210472
4797.49013210472
4797.49013210472
4797.49013210472
4797.49013210472
4797.49013210472
4797.49013210472
4797.49013210472
4797.49013210472
4797.49013210472
4797.49013210472
4797.49013210472
4797.49013210472
4797.49013210472
4797.49013210472
4797.49013210472
4797.49013210472
4797.49013210472
4797.49013210472
4797.49013210472
4797.49013210472
4798.40651266564
4798.40651266564
4799.85577238104
4799.85577238104
4799.85577238104
4799.85577238104
4799.85577238104
4799.85577238104
4799.85577238104
4799.85577238104
4799.85577238104
4799.85577238104
4799.85577238104
4799.85577238104
4799.85577238104
4799.85577238104
4799.85577238104
4799.85577238104
4799.85577238104
4799.85577238104
4799.85577238104
4799.85577238104
4799.85577238104
4799.85577238104
4799.85577238104
4799.85577238104
4799.85577238104
4800.50593421656
4800.50593421656
4800.50593421656
4800.50593421656
4800.50593421656
4800.50593421656
4800.50593421656
4800.97145712504
4800.97145712504
4800.97145712504
4800.97145712504
4800.97145712504
4800.97145712504
4800.97145712504
4800.97145712504
4800.97145712504
4800.97145712504
4800.97145712504
4803.26155306864
4803.26155306864
4803.26155306864
4803.26155306864
4805.5430967383
4808.13966195702
4808.13966195702
4808.13966195702
4808.13966195702
4808.13966195702
4808.13966195702
4808.13966195702
4808.13966195702
4808.13966195702
4808.13966195702
4808.13966195702
4808.13966195702
4808.13966195702
4808.13966195702
4808.13966195702
4808.13966195702
4808.13966195702
4808.13966195702
4808.13966195702
4808.13966195702
4808.13966195702
4808.13966195702
4808.13966195702
4808.13966195702
4808.13966195702
4808.13966195702
4809.20838594414
4809.20838594414
4809.20838594414
4809.20838594414
4809.20838594414
4810.88902334581
4810.88902334581
4810.88902334581
4810.88902334581
4810.88902334581
4810.88902334581
4810.88902334581
4810.88902334581
4810.88902334581
4811.77109826788
4811.77109826788
4811.77109826788
4811.77109826788
4811.77109826788
4811.77109826788
4811.77109826788
4811.77109826788
4811.77109826788
4811.77109826788
4811.77109826788
4811.77109826788
4811.77205050744
4811.77205050744
4811.77205050744
4811.77205050744
4811.77205050744
4811.77205050744
4814.31829951815
4814.31829951815
4814.31829951815
4814.31829951815
4814.31829951815
4814.31829951815
4814.31829951815
4814.31829951815
4814.31829951815
4814.31829951815
4814.31829951815
4814.31829951815
4814.31829951815
4814.31829951815
4814.31829951815
4814.31829951815
4814.31829951815
4814.31829951815
4814.31829951815
4814.31829951815
4814.31829951815
4814.31829951815
4814.31829951815
4814.31829951815
4814.31829951815
4814.31829951815
4814.31829951815
4814.31829951815
4814.31829951815
4814.31829951815
4816.23999034446
4816.23999034446
4816.23999034446
4816.23999034446
4816.23999034446
4816.23999034446
4816.23999034446
4816.23999034446
4816.23999034446
4816.23999034446
4816.23999034446
4816.23999034446
4816.23999034446
4816.23999034446
4816.23999034446
4816.23999034446
4816.23999034446
4816.23999034446
4816.23999034446
4819.20779753128
4819.20779753128
4819.20779753128
4819.20779753128
4819.20779753128
4819.20779753128
4819.20779753128
4819.20779753128
4819.20779753128
4819.20779753128
4819.20779753128
4819.20779753128
4819.20779753128
4819.20779753128
4822.96085461249
4822.96085461249
4822.96085461249
4822.96085461249
4822.96085461249
4822.96085461249
4822.96085461249
4822.96085461249
4822.96085461249
4822.96085461249
4823.7654739009
4823.7654739009
4826.32495776573
4826.32495776573
4826.32495776573
4827.92828048137
4827.92828048137
4827.92828048137
4827.92828048137
4827.92828048137
4827.92828048137
4827.92828048137
4827.92828048137
4827.92828048137
4827.92828048137
4827.92828048137
4827.92828048137
4827.92828048137
4827.92828048137
4827.92828048137
4827.92828048137
4829.15487594687
4829.15487594687
4829.15487594687
4829.15487594687
4829.15487594687
4829.15487594687
4830.58041774953
4830.58041774953
4830.58041774953
4830.58041774953
4830.58041774953
4830.58041774953
4830.58041774953
4830.58041774953
4832.42778494093
4832.42778494093
4832.42778494093
4832.42778494093
4832.42778494093
4832.42778494093
4832.42778494093
4832.42778494093
4832.42778494093
4832.42778494093
4832.42778494093
4832.42778494093
4832.42778494093
4834.37204999487
4834.37204999487
4834.37204999487
4834.37204999487
4835.31108239704
4835.31108239704
4835.31108239704
4835.31108239704
4835.31108239704
4835.31108239704
4835.31108239704
4835.31108239704
4838.9165083538
4838.9165083538
4838.9165083538
4838.9165083538
4838.9165083538
4838.9165083538
4838.9165083538
4838.9165083538
4841.06411728963
4841.06411728963
4841.06411728963
4842.73740594203
4842.73740594203
4842.73740594203
4842.73740594203
4844.89944782131
4844.89944782131
4844.89944782131
4844.89944782131
4844.89944782131
4844.89944782131
4844.89944782131
4844.89944782131
4844.89944782131
4844.89944782131
4844.89944782131
4844.89944782131
4849.84836153276
4849.84836153276
4849.84836153276
4849.84836153276
4849.84836153276
4849.84836153276
4849.84836153276
4849.84836153276
4849.84836153276
4849.84836153276
4850.56855924496
4850.56855924496
4850.56855924496
4850.56855924496
4853.44980792568
4853.44980792568
4853.44980792568
4853.44980792568
4853.44980792568
4853.44980792568
4853.44980792568
4853.44980792568
4853.44980792568
4853.44980792568
4853.44980792568
4853.44980792568
4853.44980792568
4853.44980792568
4853.44980792568
4856.79370059565
4856.79370059565
4856.79370059565
4856.79370059565
4856.79370059565
4856.79370059565
4856.79370059565
4856.79370059565
4856.79370059565
4856.79370059565
4856.79370059565
4856.79370059565
4856.79370059565
4861.28995508334
4861.28995508334
4861.28995508334
4861.28995508334
4861.28995508334
4861.28995508334
4861.28995508334
4861.28995508334
4861.28995508334
4861.28995508334
4861.28995508334
4861.28995508334
4861.28995508334
4861.28995508334
4861.28995508334
4861.28995508334
4861.28995508334
4861.28995508334
4861.28995508334
4861.28995508334
4861.28995508334
4861.28995508334
4861.28995508334
4861.28995508334
4861.28995508334
4861.28995508334
4861.28995508334
4861.28995508334
4861.28995508334
4861.28995508334
4861.46226308482
4861.46226308482
4861.46226308482
4861.46226308482
4861.99920500578
4861.99920500578
4861.99920500578
4862.81708103117
4862.81708103117
4862.81708103117
4864.92113255127
4864.92113255127
4864.92113255127
4864.92113255127
4864.92113255127
4864.92113255127
4864.92113255127
4867.23659946197
4867.23659946197
4867.23659946197
4867.23659946197
4867.23659946197
4867.23659946197
4867.23659946197
4867.23659946197
4867.23659946197
4867.23659946197
4867.23659946197
4867.23659946197
4867.23659946197
4867.23659946197
4867.23659946197
4867.23659946197
4867.23659946197
4867.23659946197
4871.57040855021
4871.99189991921
4872.38571926153
4872.38571926153
4872.38571926153
4874.14991788378
4874.14991788378
4874.14991788378
4874.14991788378
4874.14991788378
4874.14991788378
4874.14991788378
4875.90073040559
4875.90073040559
4875.90073040559
4875.90073040559
4875.90073040559
4875.90073040559
4875.90073040559
4875.90073040559
4875.90073040559
4875.90073040559
4875.90073040559
4875.90073040559
4875.90073040559
4875.90073040559
4875.90073040559
4875.90073040559
4875.90073040559
4875.90073040559
4875.90073040559
4875.90073040559
4875.90073040559
4875.90073040559
4875.90073040559
4875.90073040559
4875.90073040559
4875.90073040559
4875.90073040559
4875.90073040559
4875.90073040559
4875.90073040559
4875.90073040559
4875.90073040559
4875.90073040559
4875.90073040559
4875.90073040559
4875.90073040559
4875.90073040559
4875.90073040559
4875.90073040559
4875.90073040559
4875.90073040559
4875.90073040559
4877.60055611612
4877.60055611612
4877.60055611612
4877.60055611612
4877.60055611612
4877.60055611612
4877.60055611612
4877.60055611612
4877.60055611612
4877.60055611612
4877.60055611612
4877.60055611612
4877.60055611612
4877.60055611612
4877.94500797866
4877.94500797866
4877.94500797866
4877.94500797866
4877.94500797866
4877.94500797866
4877.94500797866
4878.42576567372
4878.42576567372
4878.42576567372
4878.42576567372
4878.42576567372
4878.42576567372
4878.42576567372
4878.42576567372
4878.42576567372
4878.42576567372
4878.42576567372
4878.42576567372
4878.42576567372
4878.42576567372
4878.42576567372
4879.21850090168
4879.21850090168
4879.21850090168
4879.21850090168
4879.21850090168
4879.21850090168
4879.21850090168
4879.21850090168
4879.21850090168
4879.21850090168
4879.21850090168
4879.21850090168
4879.21850090168
4879.21850090168
4879.21850090168
4879.3299110257
4879.3299110257
4880.07492309434
4880.07492309434
4880.07492309434
4880.07492309434
4880.07492309434
4880.07492309434
4880.07492309434
4880.07492309434
4880.07492309434
4880.07492309434
4882.40905330048
4882.40905330048
4884.81650252074
4884.81650252074
4884.81650252074
4885.49312288043
4885.49312288043
4885.49312288043
4885.49312288043
4885.49312288043
4885.49312288043
4885.49312288043
4885.81815194525
4885.81815194525
4885.81815194525
4885.81815194525
4885.81815194525
4885.81815194525
4885.81815194525
4885.81815194525
4885.81815194525
4885.81815194525
4885.81815194525
4885.81815194525
4885.81815194525
4885.81815194525
4885.81815194525
4885.81815194525
4885.81815194525
4885.81815194525
4885.81815194525
4885.81815194525
4885.81815194525
4885.81815194525
4885.81815194525
4885.81815194525
4885.95999701538
4885.95999701538
4885.95999701538
4885.95999701538
4886.99078330188
4886.99078330188
4887.19089260507
4887.19089260507
4887.19089260507
4887.19089260507
4887.19089260507
4887.19089260507
4887.19089260507
4887.19089260507
4887.19089260507
4887.19089260507
4887.19089260507
4887.19089260507
4887.19089260507
4887.19089260507
4887.19089260507
4887.19089260507
4887.19089260507
4887.19089260507
4887.19089260507
4887.19089260507
4887.19089260507
4887.19089260507
4887.19089260507
4887.19089260507
4887.19089260507
4887.19089260507
4887.19089260507
4887.19089260507
4887.19089260507
4887.19089260507
4887.19089260507
4887.19089260507
4887.19089260507
4887.19089260507
4887.19089260507
4887.19089260507
4887.19089260507
4887.19089260507
4887.19089260507
4887.19089260507
4887.19089260507
4887.19089260507
4888.34688514528
4888.34688514528
4888.34688514528
4888.34688514528
4888.34688514528
4888.34688514528
4888.34688514528
4888.34688514528
4888.34688514528
4888.34688514528
4889.25310886145
4891.26755464445
4891.26755464445
4891.26755464445
4893.07355518752
4893.07355518752
4893.07355518752
4893.07355518752
4893.07355518752
4893.07355518752
4893.07355518752
4893.43281140729
4893.43281140729
4893.43281140729
4893.43281140729
4893.43281140729
4893.43281140729
4893.43281140729
4893.43281140729
4893.43281140729
4893.43281140729
4893.43281140729
4893.43281140729
4893.43281140729
4898.58752082569
4898.58752082569
4902.14829071546
4902.14829071546
4902.14829071546
4902.14829071546
4902.14829071546
4902.14829071546
4902.14829071546
4902.14829071546
4902.14829071546
4902.14829071546
4902.14829071546
4902.14829071546
4902.14829071546
4902.34137547824
4902.34137547824
4902.34137547824
4904.73248564785
4904.73248564785
4904.73248564785
4904.73248564785
4904.73248564785
4904.73248564785
4904.73248564785
4908.20034950297
4908.20034950297
4908.20034950297
4908.20034950297
4908.20034950297
4908.20034950297
4908.20034950297
4909.42797206909
4909.42797206909
4911.53828082479
4911.53828082479
4911.53828082479
4911.53828082479
4911.53828082479
4911.53828082479
4911.53828082479
4911.53828082479
4911.53828082479
4911.53828082479
4911.53828082479
4911.53828082479
4911.53828082479
4911.53828082479
4911.53828082479
4911.98292370872
4911.98292370872
4911.98292370872
4911.98292370872
4911.98292370872
4911.98292370872
4911.98292370872
4911.98292370872
4911.98292370872
4917.92714182763
4917.92714182763
4917.92714182763
4921.55105640821
4921.55105640821
4921.55105640821
4921.55105640821
4921.55105640821
4921.55105640821
4921.55105640821
4921.55105640821
4921.55105640821
4921.55105640821
4921.55105640821
4921.55105640821
4921.55105640821
4921.55105640821
4921.55105640821
4921.55105640821
4921.55105640821
4921.55105640821
4925.99541078147
4925.99541078147
4925.99541078147
4925.99541078147
4925.99541078147
4925.99541078147
4925.99541078147
4925.99541078147
4925.99541078147
4925.99541078147
4925.99541078147
4925.99541078147
4925.99541078147
4925.99541078147
4925.99541078147
4925.99541078147
4925.99541078147
4925.99541078147
4925.99541078147
4925.99541078147
4926.83740672815
4926.83740672815
4926.83740672815
4926.83740672815
4929.66878948441
4929.66878948441
4929.66878948441
4929.66878948441
4929.66878948441
4929.66878948441
4929.66878948441
4929.66878948441
4929.66878948441
4929.66878948441
4929.66878948441
4929.66878948441
4929.66878948441
4929.66878948441
4929.66878948441
4929.66878948441
4929.66878948441
4929.66878948441
4929.66878948441
4930.16603771351
4930.16603771351
4930.16603771351
4930.16603771351
4930.16603771351
4930.16603771351
4930.16603771351
4930.16603771351
4930.16603771351
4930.65964359526
4931.72723433
4933.26851391625
4933.26851391625
4933.26851391625
4933.26851391625
4933.26851391625
4933.26851391625
4933.26851391625
4933.26851391625
4933.26851391625
4933.26851391625
4933.26851391625
4933.26851391625
4933.26851391625
4933.26851391625
4939.20663409048
4939.20663409048
4939.20663409048
4939.20663409048
4939.20663409048
4939.20663409048
4939.20663409048
4939.20663409048
4939.20663409048
4939.20663409048
4941.39851764179
4941.39851764179
4942.66092889613
4942.66092889613
4942.66092889613
4942.66092889613
4942.66092889613
4942.66092889613
4942.66092889613
4942.66092889613
4942.66092889613
4942.66092889613
4942.66092889613
4942.66092889613
4942.66092889613
4942.66092889613
4942.66092889613
4942.66092889613
4942.66092889613
4942.66092889613
4942.66092889613
4942.66092889613
4942.66092889613
4942.66092889613
4942.66092889613
4942.66092889613
4942.66092889613
4942.66092889613
4942.74030482469
4942.74030482469
4942.74030482469
4942.74030482469
4942.74030482469
4942.74030482469
4942.74030482469
4942.74030482469
4942.74030482469
4942.74030482469
4942.74030482469
4942.74030482469
4942.74030482469
4942.74030482469
4942.74030482469
4946.15820522109
4946.9967671373
4946.9967671373
4946.9967671373
4946.9967671373
4946.9967671373
4946.9967671373
4946.9967671373
4946.9967671373
4946.9967671373
4946.9967671373
4946.9967671373
4946.9967671373
4946.9967671373
4949.92143475513
4953.35660114185
4953.35660114185
4955.81067036487
4955.81067036487
4955.81067036487
4955.81067036487
4955.81067036487
4955.81067036487
4955.81067036487
4955.87187349423
4962.38460046681
4962.38460046681
4962.38460046681
4962.38460046681
4962.38460046681
4962.38460046681
4962.38460046681
4962.38460046681
4962.38460046681
4962.38460046681
4962.38460046681
4962.38460046681
4962.38460046681
4962.38460046681
4962.38460046681
4962.38460046681
4962.38460046681
4962.38460046681
4962.38460046681
4962.38460046681
4962.69617079174
4962.69617079174
4962.69617079174
4964.8580073225
4964.8580073225
4964.8580073225
4964.8580073225
4964.8580073225
4964.8580073225
4964.8580073225
4964.8580073225
4964.8580073225
4964.8580073225
4964.8580073225
4964.8580073225
4964.8580073225
4964.8580073225
4964.8580073225
4964.8580073225
4964.8580073225
4964.8580073225
4964.8580073225
4964.8580073225
4964.8580073225
4964.8580073225
4964.8580073225
4964.8580073225
4964.8580073225
4964.8580073225
4964.8580073225
4964.8580073225
4964.8580073225
4964.8580073225
4965.39630293633
4965.39630293633
4965.39630293633
4965.39630293633
4965.39630293633
4972.7978768862
4972.7978768862
4972.7978768862
4972.7978768862
4972.7978768862
4972.7978768862
4972.7978768862
4974.64086502722
4974.93070706265
4974.93070706265
4974.93070706265
4974.93070706265
4974.93070706265
4974.93070706265
4974.93070706265
4974.93070706265
4974.93070706265
4974.93070706265
4974.93070706265
4974.93070706265
4974.93070706265
4974.93070706265
4974.93070706265
4974.93070706265
4974.93070706265
4975.93638805369
4977.03955263375
4977.03955263375
4977.03955263375
4977.03955263375
4977.03955263375
4977.03955263375
4977.03955263375
4977.67815300805
4977.67815300805
4977.67815300805
4977.67815300805
4977.67815300805
4977.67815300805
4977.67815300805
4978.63845842257
4978.63845842257
4978.63845842257
4978.63845842257
4978.63845842257
4978.63845842257
4978.63845842257
4978.63845842257
4980.43284940317
4980.43284940317
4980.43284940317
4980.43284940317
4980.43284940317
4980.43284940317
4980.43284940317
4980.43284940317
4980.43284940317
4980.43284940317
4980.43284940317
4980.43284940317
4982.22234640967
4982.22234640967
4982.22234640967
4982.31557508299
4982.31557508299
4982.31557508299
4982.51904615964
4982.51904615964
4982.51904615964
4985.00885993308
4985.00885993308
4985.00885993308
4986.20819836688
4986.20819836688
4986.20819836688
4986.20819836688
4986.20819836688
4986.20819836688
4986.20819836688
4986.20819836688
4986.20819836688
4986.20819836688
4986.20819836688
4986.20819836688
4986.20819836688
4986.20819836688
4986.20819836688
4986.20819836688
4986.20819836688
4986.20819836688
4986.20819836688
4986.20819836688
4986.20819836688
4986.20819836688
4986.20819836688
4986.20819836688
4989.72009040641
4989.72009040641
4989.72009040641
4989.72009040641
4989.72009040641
4989.72009040641
4989.72009040641
4989.72009040641
4989.72009040641
4989.72009040641
4990.92647488202
4990.92647488202
4990.92647488202
4990.92647488202
4990.92647488202
4990.92647488202
4990.92647488202
4990.92647488202
4990.92647488202
4990.92647488202
4990.92647488202
4990.92647488202
4990.92647488202
4990.92647488202
4990.92647488202
4990.92647488202
4990.92647488202
4990.92647488202
4990.92647488202
4990.92647488202
4990.92647488202
4990.92647488202
4990.92647488202
4990.92647488202
4990.92647488202
4992.56368588906
4992.56368588906
4992.56368588906
4992.56368588906
4992.56368588906
4992.56368588906
4992.56368588906
4992.56368588906
4992.56368588906
4992.56368588906
4992.56368588906
4992.56368588906
4992.56368588906
4992.56368588906
4992.56368588906
4992.56368588906
4993.92347784376
4993.92347784376
4993.92347784376
4993.92347784376
4993.92347784376
4993.92347784376
4993.92347784376
4993.92347784376
4993.92347784376
4993.92347784376
4993.92347784376
4993.92347784376
4993.92347784376
4993.92347784376
4993.92347784376
4993.92347784376
4993.92347784376
4993.92347784376
4993.92347784376
4993.92347784376
4993.92347784376
4993.92347784376
4993.92347784376
4993.92347784376
4993.92347784376
4993.92347784376
4993.92347784376
4993.92347784376
4993.92347784376
4993.92347784376
4993.92347784376
4993.92347784376
4993.92347784376
4993.92347784376
4993.92347784376
4993.92347784376
4993.92347784376
4993.92347784376
4993.92347784376
4993.92347784376
4993.92347784376
4997.46041765066
5001.08823931084
5001.08823931084
5001.34327590386
5001.34327590386
5001.34327590386
5001.34327590386
5001.34327590386
5001.34327590386
5001.34327590386
5001.34327590386
5001.34327590386
5001.34327590386
5001.34327590386
5001.34327590386
5001.34327590386
5001.34327590386
5001.34327590386
5001.34327590386
5001.34327590386
5001.34327590386
5001.34327590386
5001.34327590386
5001.34327590386
5001.34327590386
5001.34327590386
5001.34327590386
5001.34327590386
5001.34327590386
5001.34327590386
5001.34327590386
5001.34327590386
5001.34327590386
5001.34327590386
5001.34327590386
5001.34327590386
5001.34327590386
5003.53674520995
5003.53674520995
5003.53674520995
5003.53674520995
5003.53674520995
5003.53674520995
5003.53674520995
5004.82702536438
5004.82702536438
5004.82702536438
5004.83086157427
5004.83086157427
5004.83086157427
5004.83086157427
5004.83086157427
5004.83086157427
5004.83086157427
5004.83086157427
5004.83086157427
5004.83086157427
5004.83086157427
5004.83086157427
5004.83086157427
5004.83086157427
5004.83086157427
5004.83086157427
5004.83086157427
5004.86948490521
5004.86948490521
5004.86948490521
5006.1072263993
5006.1072263993
5006.1072263993
5006.1072263993
5006.1072263993
5006.1072263993
5006.1072263993
5006.1072263993
5006.1072263993
5006.1072263993
5006.1072263993
5006.1072263993
5006.1072263993
5006.1072263993
5006.1072263993
5006.1072263993
5006.1072263993
5006.1072263993
5006.1072263993
5006.1072263993
5006.1072263993
5010.79183307829
5012.41171311943
5012.41171311943
5012.41171311943
5012.41171311943
5012.41171311943
5012.41171311943
5012.41171311943
5012.41171311943
5012.41171311943
5012.41171311943
5012.41171311943
5012.41171311943
5012.41171311943
5012.41171311943
5012.41171311943
5012.41171311943
5012.41171311943
5014.98035241397
5014.98035241397
5014.98035241397
5014.98035241397
5014.98035241397
5014.98035241397
5014.98035241397
5020.64784870141
5020.64784870141
5020.64784870141
5020.64784870141
5020.64784870141
5020.64784870141
5020.64784870141
5020.64784870141
5020.64784870141
5020.64784870141
5020.64784870141
5020.64784870141
5020.64784870141
5020.64784870141
5020.64784870141
5020.64784870141
5020.64784870141
5020.64784870141
5020.64784870141
5020.64784870141
5020.64784870141
5020.64784870141
5020.64784870141
5020.64784870141
5020.64784870141
5020.64784870141
5020.64784870141
5020.64784870141
5020.64784870141
5020.64784870141
5020.64784870141
5020.64784870141
5020.64784870141
5020.64784870141
5020.64784870141
5020.64784870141
5020.64784870141
5020.64784870141
5020.64784870141
5020.64784870141
5020.64784870141
5020.64784870141
5020.64784870141
5020.64784870141
5020.64784870141
5020.64784870141
5020.64784870141
5020.64784870141
5020.64784870141
5020.64784870141
5020.64784870141
5020.64784870141
5020.64784870141
5020.64784870141
5020.64784870141
5020.64784870141
5020.64784870141
5020.64784870141
5020.64784870141
5020.64784870141
5020.64784870141
5020.64784870141
5020.64784870141
5020.64784870141
5020.64784870141
5020.64784870141
5020.64784870141
5020.64784870141
5020.64784870141
5020.64784870141
5020.64784870141
5020.64784870141
5020.64784870141
5020.64784870141
5020.64784870141
5020.64784870141
5020.64784870141
5020.64784870141
5020.64784870141
5020.64784870141
5020.64784870141
5020.64784870141
5020.64784870141
5020.64784870141
5020.64784870141
5020.64784870141
5020.64784870141
5020.64784870141
5021.60713177837
5021.60713177837
5021.60713177837
5021.60713177837
5021.60713177837
5021.60713177837
5021.60713177837
5021.60713177837
5021.60713177837
5021.60713177837
5021.60713177837
5021.60713177837
5021.60713177837
5021.60713177837
5021.60713177837
5021.85846387124
5021.85846387124
5021.85846387124
5021.85846387124
5021.85846387124
5026.09024965761
5027.08837613812
5027.08837613812
5027.08837613812
5027.08837613812
5027.08837613812
5027.08837613812
5027.08837613812
5027.08837613812
5027.08837613812
5027.92310952951
5027.92310952951
5027.92310952951
5027.92310952951
5027.92310952951
5027.92310952951
5027.92310952951
5027.92310952951
5028.20795853317
5028.20795853317
5028.20795853317
5028.20795853317
5028.20795853317
5028.20795853317
5028.20795853317
5028.20795853317
5028.20795853317
5028.20795853317
5028.20795853317
5028.20795853317
5029.71729187633
5029.71729187633
5029.71729187633
5029.71729187633
5029.71729187633
5029.71729187633
5029.71729187633
5029.71729187633
5029.71729187633
5029.71729187633
5029.71729187633
5029.71729187633
5029.71729187633
5029.71729187633
5029.71729187633
5029.71729187633
5029.71729187633
5029.71729187633
5035.60964028685
5035.60964028685
5035.60964028685
5035.60964028685
5035.60964028685
5035.60964028685
5035.60964028685
5038.37807587949
5038.37807587949
5038.37807587949
5038.37807587949
5038.37807587949
5038.96921660817
5038.96921660817
5038.96921660817
5038.96921660817
5038.96921660817
5038.96921660817
5038.96921660817
5038.96921660817
5038.96921660817
5038.96921660817
5038.96921660817
5043.86100433746
5043.86100433746
5043.86100433746
5043.86100433746
5043.86100433746
5043.86100433746
5043.86100433746
5043.86100433746
5043.86100433746
5043.86100433746
5043.86100433746
5043.86100433746
5043.86100433746
5043.86100433746
5043.86100433746
5043.86100433746
5043.86100433746
5043.86100433746
5043.86100433746
5043.86100433746
5043.86100433746
5043.86100433746
5044.64626648174
5044.64626648174
5044.64626648174
5044.64626648174
5044.64626648174
5044.64626648174
5044.64626648174
5044.64626648174
5044.64626648174
5044.64626648174
5044.64626648174
5044.64626648174
5044.64626648174
5044.64626648174
5044.64626648174
5044.64626648174
5044.64626648174
5044.64626648174
5044.64626648174
5044.64626648174
5044.64626648174
5044.64626648174
5044.64626648174
5044.64626648174
5044.64626648174
5044.64626648174
5044.64626648174
5044.98181650056
5044.98181650056
5044.98181650056
5044.98181650056
5044.98181650056
5044.98181650056
5044.98181650056
5044.98181650056
5044.98181650056
5044.98181650056
5047.55779383812
5047.55779383812
5047.55779383812
5047.55779383812
5047.55779383812
5047.55779383812
5047.55779383812
5047.55779383812
5047.55779383812
5047.55779383812
5047.55779383812
5047.55779383812
5047.55779383812
5047.55779383812
5047.55779383812
5047.55779383812
5047.55779383812
5047.55779383812
5047.55779383812
5047.55779383812
5047.55779383812
5047.55779383812
5047.55779383812
5047.55779383812
5047.55779383812
5047.55779383812
5047.55779383812
5047.55779383812
5047.55779383812
5047.55779383812
5047.55779383812
5047.55779383812
5047.55779383812
5047.55779383812
5047.55779383812
5047.55779383812
5047.55779383812
5047.55779383812
5047.55779383812
5047.55779383812
5047.55779383812
5047.55779383812
5047.55779383812
5047.55779383812
5047.55779383812
5047.55779383812
5047.55779383812
5047.55779383812
5047.55779383812
5047.67211244465
5047.67211244465
5047.67211244465
5047.67211244465
5047.67211244465
5052.75583479616
5052.84296914566
5052.84296914566
5052.84296914566
5054.20572359232
5054.20572359232
5054.20572359232
5054.20572359232
5054.20572359232
5054.20572359232
5054.20572359232
5054.20572359232
5054.20572359232
5054.20572359232
5054.52369627255
5054.52369627255
5054.52369627255
5054.52369627255
5055.90918288479
5055.90918288479
5055.90918288479
5055.90918288479
5055.90918288479
5055.90918288479
5055.90918288479
5057.23873519167
5058.25813508752
5058.25813508752
5058.25813508752
5058.25813508752
5058.25813508752
5058.25813508752
5058.25813508752
5058.25813508752
5058.25813508752
5058.25813508752
5058.25813508752
5058.25813508752
5058.25813508752
5058.25813508752
5058.25813508752
5058.25813508752
5058.25813508752
5058.25813508752
5058.25813508752
5058.25813508752
5058.25813508752
5058.25813508752
5058.25813508752
5058.4105591099
5058.4105591099
5058.4105591099
5060.76186441181
5060.76186441181
5060.76186441181
5060.76186441181
5060.76186441181
5062.62343226265
5062.62343226265
5062.62343226265
5062.62343226265
5062.62343226265
5062.62343226265
5062.62343226265
5062.62343226265
5062.62343226265
5062.62343226265
5062.62343226265
5062.62343226265
5064.20293507505
5064.20293507505
5064.20293507505
5064.20293507505
5064.20293507505
5064.20293507505
5064.20293507505
5072.59691380485
5072.59691380485
5072.59691380485
5072.59691380485
5072.59691380485
5072.59691380485
5072.59691380485
5072.59691380485
5072.59691380485
5072.59691380485
5072.59691380485
5072.59691380485
5072.59691380485
5073.00628446757
5073.00628446757
5073.00628446757
5073.00628446757
5073.00628446757
5073.1387068231
5073.1387068231
5073.1387068231
5073.1387068231
5073.1387068231
5073.1387068231
5073.1387068231
5073.1387068231
5073.1387068231
5073.1387068231
5073.1387068231
5073.1387068231
5073.1387068231
5073.1387068231
5073.1387068231
5073.1387068231
5073.1387068231
5075.30973307852
5075.30973307852
5075.30973307852
5075.30973307852
5075.30973307852
5075.30973307852
5075.30973307852
5075.30973307852
5076.88514837605
5076.88514837605
5076.88514837605
5076.88514837605
5077.22601420066
5077.22601420066
5077.22601420066
5077.22601420066
5077.22601420066
5082.53948854687
5082.53948854687
5082.53948854687
5082.53948854687
5082.53948854687
5082.53948854687
5082.53948854687
5082.53948854687
5082.53948854687
5082.53948854687
5082.53948854687
5082.68925651631
5082.70791063132
5082.70791063132
5082.70791063132
5082.70791063132
5083.36430157803
5083.36430157803
5083.36430157803
5083.36430157803
5083.36430157803
5083.36430157803
5083.36430157803
5083.36430157803
5083.86685350907
5083.86685350907
5083.86685350907
5083.86685350907
5083.86685350907
5083.86685350907
5084.09418403831
5084.09418403831
5084.09418403831
5084.09418403831
5084.09418403831
5084.09418403831
5084.09418403831
5084.09418403831
5084.09418403831
5084.09418403831
5084.09418403831
5084.09418403831
5084.09418403831
5084.09418403831
5084.09418403831
5084.09418403831
5084.09418403831
5087.75910484756
5087.86198958928
5087.86198958928
5087.86198958928
5092.68139069035
5092.68139069035
5092.68139069035
5092.68139069035
5092.68139069035
5092.68139069035
5092.68139069035
5092.68139069035
5092.68139069035
5092.68139069035
5092.68139069035
5092.68139069035
5092.68139069035
5092.68139069035
5097.5354979041
5097.5354979041
5097.5354979041
5097.5354979041
5097.5354979041
5097.5354979041
5097.5354979041
5097.5354979041
5097.5354979041
5097.5354979041
5097.5354979041
5097.5354979041
5097.5354979041
5097.5354979041
5097.5354979041
5097.5354979041
5097.5354979041
5097.5354979041
5097.5354979041
5097.5354979041
5097.5354979041
5097.5354979041
5097.5354979041
5097.5354979041
5097.5354979041
5097.5354979041
5104.64068190999
5104.64068190999
5104.64068190999
5104.64068190999
5104.64068190999
5104.64068190999
5104.64068190999
5104.64068190999
5104.64068190999
5104.64068190999
5104.64068190999
5104.64068190999
5104.64068190999
5104.64068190999
5104.64068190999
5104.64068190999
5104.64068190999
5104.64068190999
5104.64068190999
5104.64068190999
5104.64068190999
5104.64068190999
5104.64068190999
5104.64068190999
5104.64068190999
5104.64068190999
5104.64068190999
5104.64068190999
5104.64068190999
5104.64068190999
5104.64068190999
5104.64068190999
5104.64068190999
5104.64068190999
5104.64068190999
5104.64068190999
5104.64068190999
5104.94919969318
5104.94919969318
5104.94919969318
5104.94919969318
5104.94919969318
5104.94919969318
5104.94919969318
5104.94919969318
5104.94919969318
5104.94919969318
5104.94919969318
5104.94919969318
5104.94919969318
5104.94919969318
5104.94919969318
5104.94919969318
5104.94919969318
5104.94919969318
5104.94919969318
5104.94919969318
5104.94919969318
5104.94919969318
5104.94919969318
5104.94919969318
5104.94919969318
5104.94919969318
5107.89527829955
5107.89527829955
5107.89527829955
5107.89527829955
5107.89527829955
5107.89527829955
5108.06277330072
5108.06277330072
5108.06277330072
5108.06277330072
5108.06277330072
5108.06277330072
5108.06277330072
5108.06277330072
5108.06277330072
5108.06277330072
5108.06277330072
5108.06277330072
5108.06277330072
5108.06277330072
5108.47820667621
5108.47820667621
5108.47820667621
5108.47820667621
5113.42176123336
5113.58264078946
5113.58264078946
5113.58264078946
5113.58264078946
5113.58264078946
5113.58264078946
5113.58264078946
5113.58264078946
5113.58264078946
5113.58264078946
5113.58264078946
5116.01984975428
5116.01984975428
5116.01984975428
5116.01984975428
5116.01984975428
5117.52496687357
5117.52496687357
5117.52496687357
5117.52496687357
5117.52496687357
5117.52496687357
5117.52496687357
5117.52496687357
5117.52496687357
5117.52496687357
5117.52496687357
5117.52496687357
5117.52496687357
5117.52496687357
5117.52496687357
5117.52496687357
5120.78303706345
5120.78303706345
5120.78303706345
5120.78303706345
5120.78303706345
5124.07517251076
5130.84704019713
5130.84704019713
5130.84704019713
5130.84704019713
5130.84704019713
5130.84704019713
5130.84704019713
5130.84704019713
5130.84704019713
5131.36421036467
5131.36421036467
5131.36421036467
5131.36421036467
5131.36421036467
5131.36421036467
5131.36421036467
5131.36421036467
5131.36421036467
5131.36421036467
5134.82800450379
5134.82800450379
5134.82800450379
5134.82800450379
5134.82800450379
5134.82800450379
5134.82800450379
5134.82800450379
5134.82800450379
5134.82800450379
5134.82800450379
5134.82800450379
5134.82800450379
5134.82800450379
5134.82800450379
5134.82800450379
5134.82800450379
5134.82800450379
5134.82800450379
5134.82800450379
5134.82800450379
5134.82800450379
5134.82800450379
5134.82800450379
5134.82800450379
5134.82800450379
5134.82800450379
5134.82800450379
5134.82800450379
5134.82800450379
5134.82800450379
5134.82800450379
5134.82800450379
5134.82800450379
5134.82800450379
5134.82800450379
5134.82800450379
5134.82800450379
5134.82800450379
5134.82800450379
5134.82800450379
5134.82800450379
5134.82800450379
5134.82800450379
5134.82800450379
5134.82800450379
5134.82800450379
5134.82800450379
5134.82800450379
5134.82800450379
5134.82800450379
5134.82800450379
5134.82800450379
5134.82800450379
5134.82800450379
5134.82800450379
5134.82800450379
5134.82800450379
5134.82800450379
5134.82800450379
5134.82800450379
5134.82800450379
5134.82800450379
5134.82800450379
5134.82800450379
5134.82800450379
5134.82800450379
5134.82800450379
5134.82800450379
5134.82800450379
5134.82800450379
5134.82800450379
5134.82800450379
5134.82800450379
5134.82800450379
5134.82800450379
5134.82800450379
5134.82800450379
5134.82800450379
5134.82800450379
5134.82800450379
5134.82800450379
5134.82800450379
5134.82800450379
5134.82800450379
5134.82800450379
5134.82800450379
5134.82800450379
5134.82800450379
5134.82800450379
5134.82800450379
5134.82800450379
5134.82800450379
5134.82800450379
5134.82800450379
5134.82800450379
5134.82800450379
5134.82800450379
5134.82800450379
5134.82800450379
5134.82800450379
5134.82800450379
5134.82800450379
5134.82800450379
5135.82737427219
5135.82737427219
5135.82737427219
5135.82737427219
5135.82737427219
5139.19644599543
5139.19644599543
5139.19644599543
5139.19644599543
5139.19644599543
5139.19644599543
5139.19644599543
5139.19644599543
5139.19644599543
5139.19644599543
5139.19644599543
5139.19644599543
5139.19644599543
5139.19644599543
5139.19644599543
5139.19644599543
5139.19644599543
5143.93137098069
5143.93137098069
5143.93137098069
5143.93137098069
5143.93137098069
5143.93137098069
5143.93137098069
5143.93137098069
5143.93137098069
5143.93137098069
5143.93137098069
5143.93137098069
5143.93137098069
5143.93137098069
5143.93137098069
5143.93137098069
5143.93137098069
5143.93137098069
5143.93137098069
5143.93137098069
5143.93137098069
5143.93137098069
5143.93137098069
5143.93137098069
5143.93137098069
5143.93137098069
5143.93137098069
5143.93137098069
5143.93137098069
5143.93137098069
5143.93137098069
5143.93137098069
5143.93137098069
5143.93137098069
5143.93137098069
5143.93137098069
5143.93137098069
5143.93137098069
5143.93137098069
5143.93137098069
5143.93137098069
5143.93137098069
5143.93137098069
5143.93137098069
5143.93137098069
5143.93137098069
5143.93137098069
5143.93137098069
5143.93137098069
5143.93137098069
5143.93137098069
5145.31399249884
5145.31399249884
5145.31399249884
5145.31399249884
5145.31399249884
5145.53178752492
5145.53178752492
5145.53178752492
5145.53178752492
5145.53178752492
5145.53178752492
5145.53178752492
5145.53178752492
5145.53178752492
5145.53178752492
5145.53178752492
5145.53178752492
5145.53178752492
5145.53178752492
5145.53178752492
5145.53178752492
5145.53178752492
5145.53178752492
5145.53178752492
5145.53178752492
5145.62578183909
5145.62578183909
5145.62578183909
5145.62578183909
5145.62578183909
5145.62578183909
5145.62578183909
5145.62578183909
5145.62578183909
5145.62578183909
5145.62578183909
5145.62578183909
5145.62578183909
5145.62578183909
5145.62578183909
5145.62578183909
5145.62578183909
5145.62578183909
5145.62578183909
5145.62578183909
5145.62578183909
5145.62578183909
5145.62578183909
5145.62578183909
5145.62578183909
5145.62578183909
5145.62578183909
5148.18541252424
5148.18541252424
5148.18541252424
5148.18541252424
5148.18541252424
5148.18541252424
5148.18541252424
5148.18541252424
5148.18541252424
5148.18541252424
5148.18541252424
5148.18541252424
5148.18541252424
5148.18541252424
5148.18541252424
5148.18541252424
5148.18541252424
5148.18541252424
5148.18541252424
5148.18541252424
5148.18541252424
5148.18541252424
5148.18541252424
5148.18541252424
5148.18541252424
5148.18541252424
5149.90359418819
5149.90359418819
5149.90359418819
5149.90359418819
5149.90359418819
5149.90359418819
5149.90359418819
5149.90359418819
5149.90359418819
5149.90359418819
5149.90359418819
5149.90359418819
5149.90359418819
5149.90359418819
5149.90359418819
5149.90359418819
5149.90359418819
5149.90359418819
5151.29410078661
5151.29410078661
5151.29410078661
5151.29410078661
5151.29410078661
5151.29410078661
5151.29410078661
5151.29410078661
5151.29410078661
5151.29410078661
5151.29410078661
5151.29410078661
5151.29410078661
5151.29410078661
5151.29410078661
5151.29410078661
5151.29410078661
5151.29410078661
5151.29410078661
5151.29410078661
5151.29410078661
5151.29410078661
5151.29410078661
5152.01410291975
5152.5649734542
5152.5649734542
5152.5649734542
5152.5649734542
5152.5649734542
5152.5649734542
5152.5649734542
5152.5649734542
5152.5649734542
5152.5649734542
5152.5649734542
5152.5649734542
5152.5649734542
5152.5649734542
5152.5649734542
5152.5649734542
5152.5649734542
5152.5649734542
5152.5649734542
5152.5649734542
5152.5649734542
5152.5649734542
5152.5649734542
5152.5649734542
5152.5649734542
5152.5649734542
5152.5649734542
5152.5649734542
5152.5649734542
5152.5649734542
5156.31388195074
5156.31388195074
5156.31388195074
5156.31388195074
5156.31388195074
5156.31388195074
5156.31388195074
5156.31388195074
5156.31388195074
5156.31388195074
5156.31388195074
5156.31388195074
5156.31388195074
5156.31388195074
5156.31388195074
5156.31388195074
5156.31388195074
5156.31388195074
5156.31388195074
5156.31388195074
5156.67525647693
5156.67525647693
5156.67525647693
5156.67525647693
5156.67525647693
5156.71502887699
5156.71502887699
5156.71502887699
5156.71502887699
5156.71502887699
5156.71502887699
5156.71502887699
5156.71502887699
5156.71502887699
5156.71502887699
5156.71502887699
5156.71502887699
5156.71502887699
5156.71502887699
5156.71502887699
5156.71502887699
5156.71502887699
5156.71502887699
5156.76101172291
5156.76101172291
5156.76101172291
5156.76101172291
5156.76101172291
5156.76101172291
5156.76101172291
5156.76101172291
5156.76101172291
5156.76101172291
5156.76101172291
5156.76101172291
5156.76101172291
5156.76101172291
5156.76101172291
5156.76101172291
5156.76101172291
5156.76101172291
5156.76101172291
5156.76101172291
5156.76101172291
5157.1897641232
5157.1897641232
5157.1897641232
5157.1897641232
5157.1897641232
5157.1897641232
5157.1897641232
5157.1897641232
5157.1897641232
5157.1897641232
5157.1897641232
5157.1897641232
5157.1897641232
5157.1897641232
5157.1897641232
5157.1897641232
5157.1897641232
5157.1897641232
5157.1897641232
5157.1897641232
5157.1897641232
5157.1897641232
5157.1897641232
5157.1897641232
5157.1897641232
5160.82326281132
5160.82326281132
5160.82326281132
5160.82326281132
5160.82326281132
5160.82326281132
5160.82326281132
5160.82326281132
5160.82326281132
5160.82326281132
5160.82326281132
5160.82326281132
5160.82326281132
5160.82326281132
5160.82326281132
5160.82326281132
5160.82326281132
5160.82326281132
5160.82326281132
5160.82326281132
5160.82326281132
5160.82326281132
5164.08592099029
5164.08592099029
5164.78368659883
5165.27352561082
5165.27352561082
5165.6785408751
5165.6785408751
5165.6785408751
5165.6785408751
5165.6785408751
5165.6785408751
5165.6785408751
5165.6785408751
5165.6785408751
5165.6785408751
5165.6785408751
5165.6785408751
5165.6785408751
5165.6785408751
5165.6785408751
5165.6785408751
5165.6785408751
5165.6785408751
5165.6785408751
5165.6785408751
5165.6785408751
5165.6785408751
5165.6785408751
5165.6785408751
5165.6785408751
5165.6785408751
5165.6785408751
5165.6785408751
5165.6785408751
5167.94406356335
5167.94406356335
5167.94406356335
5167.94406356335
5167.94406356335
5167.94406356335
5167.94406356335
5167.94406356335
5167.94406356335
5167.94406356335
5167.94406356335
5167.94406356335
5167.94406356335
5167.94406356335
5167.94406356335
5167.94406356335
5167.94406356335
5169.82684082886
5169.82684082886
5169.82684082886
5169.82684082886
5169.82684082886
5171.4295223853
5171.4295223853
5171.4295223853
5171.4295223853
5171.4295223853
5171.4295223853
5171.4295223853
5171.4295223853
5171.4295223853
5171.4295223853
5171.4295223853
5173.40830794993
5173.40830794993
5173.40830794993
5173.40830794993
5173.40830794993
5173.40830794993
5173.40830794993
5173.40830794993
5173.40830794993
5173.40830794993
5173.40830794993
5173.40830794993
5173.40830794993
5173.40830794993
5173.40830794993
5173.40830794993
5173.40830794993
5173.40830794993
5173.40830794993
5173.40830794993
5173.40830794993
5173.40830794993
5174.34209259536
5174.34209259536
5174.34209259536
5174.34209259536
5174.34209259536
5174.34209259536
5174.34209259536
5177.23380664609
5177.23380664609
5177.23380664609
5177.23380664609
5177.23380664609
5177.23380664609
5177.23380664609
5177.23380664609
5177.23380664609
5177.23380664609
5177.23380664609
5177.23380664609
5177.23380664609
5177.23380664609
5177.23380664609
5177.23380664609
5177.23380664609
5177.23380664609
5177.23380664609
5177.23380664609
5177.23380664609
5177.23380664609
5177.23380664609
5177.23380664609
5180.66683610743
5180.80958439356
5180.80958439356
5180.80958439356
5180.80958439356
5180.80958439356
5180.80958439356
5180.80958439356
5180.80958439356
5180.80958439356
5180.80958439356
5180.80958439356
5182.61124286454
5182.61124286454
5182.61124286454
5182.61124286454
5182.61124286454
5182.61124286454
5182.61124286454
5182.61124286454
5182.61124286454
5182.61124286454
5182.61124286454
5182.61124286454
5182.61124286454
5182.61124286454
5182.61124286454
5182.61124286454
5182.61124286454
5182.61124286454
5182.61124286454
5187.6906373608
5188.62685097791
5188.62685097791
5190.54234889235
5190.54234889235
5190.54234889235
5190.54234889235
5190.54234889235
5190.54234889235
5190.54234889235
5190.54234889235
5190.54234889235
5190.54234889235
5190.54234889235
5190.54234889235
5190.86993371616
5190.86993371616
5190.86993371616
5190.86993371616
5190.86993371616

