1681.57014861477
1874.3771879799
2023.99236311693
2119.21290420388
2142.49638708632
2186.66182463314
2198.02436001568
2219.88122479796
2239.85211937365
2267.12849461873
2290.864400105
2320.33551495261
2336.67203819948
2350.81061950308
2358.31266691086
2366.49338887808
2378.40336218505
2381.7128693929
2393.57460215689
2402.62679290338
2404.36675827657
2415.8268587652
2418.6316441414
2431.08432458807
2437.68901726201
2449.50255371626
2462.69549383414
2464.06427513979
2472.98755731627
2480.01630132665
2480.01630132665
2483.54625212314
2485.2636971605
2489.31151718932
2496.34973509464
2500.71959031711
2514.09383040747
2518.86021298
2527.21847397848
2529.81673369765
2535.58341631022
2536.94317614134
2536.94317614134
2537.09386805523
2540.27125250387
2540.5699717467
2542.42789393927
2542.42789393927
2542.42789393927
2542.42789393927
2542.74614816146
2545.9308975331
2548.26813648473
2550.64267380989
2555.43963242745
2555.43963242745
2555.43963242745
2555.45361432804
2557.52918877147
2562.34809998827
2564.03969659641
2573.4178929845
2573.6070547552
2581.21647014461
2581.21647014461
2585.16617869106
2592.68333192555
2592.68333192555
2596.92042796014
2602.21216378915
2602.21216378915
2604.94414338674
2605.12980580903
2619.67673267275
2620.36816477931
2620.36816477931
2620.36816477931
2622.03047276664
2622.03047276664
2626.00695760194
2626.00695760194
2627.41432655864
2629.07327207567
2639.21849147824
2643.23257191026
2649.89715954408
2649.98557168225
2649.98557168225
2649.98557168225
2649.98557168225
2649.98557168225
2649.98557168225
2649.98557168225
2649.98557168225
2649.98557168225
2651.58045930155
2651.58045930155
2652.96847067556
2652.96847067556
2652.96847067556
2652.96847067556
2652.96847067556
2652.96847067556
2652.96847067556
2652.96847067556
2652.96847067556
2659.34150700371
2659.34150700371
2659.34150700371
2659.52814954356
2659.52814954356
2659.52814954356
2659.52814954356
2660.65596261073
2660.65596261073
2660.65596261073
2661.66188527502
2663.27004242394
2664.87686878955
2665.759799649
2666.12066568648
2667.37196179033
2667.37196179033
2667.38223489411
2668.95924021267
2668.95924021267
2668.95924021267
2668.95924021267
2668.95924021267
2668.95924021267
2668.95924021267
2672.94693517035
2676.38022418311
2678.50345240351
2678.50345240351
2678.50345240351
2678.50345240351
2678.50345240351
2678.50345240351
2682.18252069653
2682.18252069653
2684.00383793082
2684.00383793082
2685.74680376513
2687.7478414635
2692.83996112107
2692.83996112107
2693.31027211856
2693.31027211856
2694.0342121111
2696.59504067841
2697.84126070839
2697.84126070839
2698.06919506355
2698.06919506355
2698.06919506355
2698.06919506355
2698.3467918691
2702.01333518134
2708.53768280836
2708.53768280836
2709.60740674232
2709.60740674232
2709.60740674232
2709.60740674232
2709.60740674232
2709.60740674232
2709.60740674232
2709.60740674232
2709.97882890524
2709.97882890524
2709.97882890524
2709.97882890524
2711.03302507348
2711.64429320423
2711.67480808593
2711.67480808593
2711.67480808593
2711.67480808593
2711.67480808593
2711.67480808593
2711.67480808593
2711.67480808593
2714.62671687505
2714.87084403419
2714.87084403419
2714.87084403419
2714.87084403419
2716.00003357853
2716.00003357853
2716.00003357853
2717.20281774294
2717.20281774294
2717.20281774294
2717.20281774294
2717.20281774294
2717.20281774294
2721.10440144587
2721.41405223897
2722.42341610572
2722.42341610572
2725.24140089506
2725.24140089506
2725.24140089506
2725.24140089506
2725.24140089506
2725.24140089506
2725.24140089506
2725.24140089506
2725.24140089506
2725.24140089506
2725.24140089506
2725.24140089506
2725.24140089506
2727.57777501836
2727.57777501836
2727.95161744956
2727.95161744956
2728.05645109083
2728.38404386508
2728.38404386508
2728.38404386508
2728.38404386508
2729.37819571821
2729.37819571821
2729.37819571821
2729.83319049413
2729.83319049413
2729.83319049413
2729.83319049413
2729.83319049413
2729.83319049413
2729.86710518588
2729.86710518588
2729.86710518588
2729.86710518588
2729.86710518588
2729.86710518588
2730.81388951795
2730.81388951795
2730.81388951795
2730.81388951795
2730.81388951795
2730.81388951795
2730.81388951795
2730.81388951795
2730.81388951795
2730.81388951795
2732.50262147314
2732.50262147314
2732.50262147314
2734.75633747059
2736.1788523863
2736.1788523863
2736.1788523863
2736.1788523863
2736.1788523863
2736.1788523863
2736.1788523863
2736.1788523863
2736.1788523863
2736.1788523863
2736.71447741353
2736.71447741353
2737.17036160633
2737.17036160633
2737.17036160633
2737.17036160633
2739.43840960036
2739.43840960036
2739.43840960036
2739.43840960036
2739.43840960036
2740.7145593791
2740.7145593791
2740.7145593791
2740.7145593791
2740.7145593791
2740.7145593791
2741.61010465365
2741.61010465365
2741.61010465365
2741.61010465365
2741.61010465365
2741.61010465365
2741.61010465365
2741.61010465365
2741.61010465365
2741.61010465365
2741.61010465365
2741.61010465365
2741.61010465365
2741.61010465365
2741.61010465365
2741.61010465365
2741.61010465365
2741.61010465365
2741.61010465365
2741.61010465365
2741.61010465365
2741.61010465365
2741.61010465365
2741.61010465365
2741.61010465365
2741.61010465365
2743.07599856886
2743.07599856886
2743.78048820022
2744.27278096622
2744.27278096622
2744.27278096622
2745.11046065096
2745.11046065096
2745.11046065096
2745.11046065096
2745.11046065096
2745.11046065096
2745.11046065096
2745.11046065096
2746.2718108002
2746.2718108002
2746.82011060636
2746.82011060636
2746.82011060636
2746.82011060636
2746.82011060636
2746.82011060636
2746.82011060636
2746.82011060636
2746.82011060636
2746.82011060636
2752.31042736522
2752.31042736522
2756.821337872
2756.821337872
2756.821337872
2756.821337872
2756.821337872
2756.821337872
2758.91099432495
2758.91099432495
2758.91099432495
2758.91099432495
2759.10356612314
2759.10356612314
2759.10356612314
2759.10356612314
2759.10356612314
2759.10356612314
2759.10356612314
2759.10356612314
2759.10356612314
2759.10356612314
2759.57437159287
2759.57437159287
2759.57437159287
2759.57437159287
2759.57437159287
2759.57437159287
2759.57437159287
2759.57437159287
2759.57437159287
2759.57437159287
2759.57437159287
2759.57437159287
2759.57437159287
2759.61936855136
2759.61936855136
2759.61936855136
2759.61936855136
2759.61936855136
2759.61936855136
2759.61936855136
2761.47401446467
2765.78290459693
2765.78290459693
2765.78290459693
2765.78290459693
2765.78290459693
2765.78290459693
2767.7376197461
2769.87335321991
2769.87335321991
2769.87335321991
2769.87335321991
2769.87335321991
2769.87335321991
2769.87335321991
2769.87335321991
2769.87335321991
2769.87335321991
2769.87335321991
2769.87335321991
2769.87335321991
2769.87335321991
2769.87335321991
2769.87335321991
2769.87335321991
2769.87335321991
2769.87335321991
2769.87335321991
2769.87335321991
2769.87335321991
2769.87335321991
2769.87335321991
2769.87335321991
2769.87335321991
2769.87335321991
2769.87335321991
2770.03625613803
2770.03625613803
2770.03625613803
2770.03625613803
2770.03625613803
2770.03625613803
2770.03625613803
2770.03625613803
2770.03625613803
2770.03625613803
2770.03625613803
2770.03625613803
2771.08759053091
2771.08759053091
2772.64438153004
2772.64438153004
2772.64438153004
2772.64438153004
2773.03557434146
2773.03557434146
2773.03557434146
2773.03557434146
2773.03557434146
2773.03557434146
2773.03557434146
2773.03557434146
2773.03557434146
2773.03557434146
2773.03557434146
2773.03557434146
2773.03557434146
2775.54980279612
2775.54980279612
2776.80548101739
2776.80548101739
2776.80548101739
2776.80548101739
2776.80548101739
2776.80548101739
2776.80548101739
2776.80548101739
2776.80548101739
2776.80548101739
2776.80548101739
2776.80548101739
2776.80548101739
2776.80548101739
2776.80548101739
2777.68320810081
2777.68320810081
2777.68320810081
2777.68320810081
2778.14781324888
2778.80862486122
2778.80862486122
2778.80862486122
2778.80862486122
2778.80862486122
2778.80862486122
2778.80862486122
2778.80862486122
2778.80862486122
2778.80862486122
2778.80862486122
2778.80862486122
2778.80862486122
2779.61443496776
2779.61443496776
2782.4602224135
2782.4602224135
2782.4602224135
2782.4602224135
2782.4602224135
2782.4602224135
2782.4602224135
2782.4602224135
2782.4602224135
2782.4602224135
2782.4602224135
2784.21997251074
2784.21997251074
2784.21997251074
2784.21997251074
2784.21997251074
2784.21997251074
2784.21997251074
2784.21997251074
2784.21997251074
2784.21997251074
2784.21997251074
2784.21997251074
2786.52050769197
2786.52050769197
2787.77522640819
2787.77522640819
2787.77522640819
2787.77522640819
2787.92230077668
2787.92230077668
2787.92230077668
2787.92230077668
2787.92230077668
2787.92230077668
2787.92230077668
2787.92230077668
2787.92230077668
2787.92230077668
2787.92230077668
2787.92230077668
2787.92230077668
2787.92230077668
2787.92230077668
2787.92230077668
2788.77914765866
2788.77914765866
2788.77914765866
2788.94960586842
2788.94960586842
2788.94960586842
2788.94960586842
2788.94960586842
2789.03605802259
2789.03605802259
2789.03605802259
2789.03605802259
2789.03605802259
2789.03605802259
2789.03605802259
2789.03605802259
2789.57793770043
2789.57793770043
2789.57793770043
2789.57793770043
2789.57793770043
2789.57793770043
2789.57793770043
2789.57793770043
2789.57793770043
2789.57793770043
2789.57793770043
2789.57793770043
2789.57793770043
2789.57793770043
2789.57793770043
2789.57793770043
2789.57793770043
2789.57793770043
2789.57793770043
2789.57793770043
2789.57793770043
2789.57793770043
2789.57793770043
2789.57793770043
2789.57793770043
2789.57793770043
2789.57793770043
2791.47621244185
2791.47621244185
2791.47621244185
2791.47621244185
2791.47621244185
2791.47621244185
2791.47621244185
2791.47621244185
2791.47621244185
2791.47621244185
2791.4833866641
2791.4833866641
2791.4833866641
2791.4833866641
2791.4833866641
2793.24631799566
2793.24631799566
2793.24631799566
2793.24631799566
2793.24631799566
2793.24631799566
2793.24631799566
2793.24631799566
2793.24631799566
2793.24631799566
2793.24631799566
2793.24631799566
2793.24631799566
2793.24631799566
2793.24631799566
2793.24631799566
2793.75573146611
2793.78943808129
2795.69888004648
2795.69888004648
2795.74297988452
2795.74995783505
2795.74995783505
2796.6898031474
2796.6898031474
2796.6898031474
2796.6898031474
2796.6898031474
2796.6898031474
2796.6898031474
2796.6898031474
2796.88469340888
2796.88469340888
2796.88469340888
2796.88469340888
2796.88469340888
2796.88469340888
2797.37034499319
2797.37034499319
2797.37034499319
2797.37034499319
2797.37034499319
2797.37034499319
2797.37034499319
2797.37034499319
2797.37034499319
2797.37034499319
2797.37034499319
2797.37034499319
2797.37034499319
2797.37034499319
2797.37034499319
2797.37034499319
2797.37034499319
2797.37034499319
2797.37034499319
2797.37034499319
2797.37034499319
2797.37034499319
2797.37034499319
2797.37034499319
2798.3219241625
2798.3219241625
2798.3219241625
2798.3219241625
2798.3219241625
2798.97838358205
2798.97838358205
2798.97838358205
2798.97838358205
2798.97838358205
2798.97838358205
2798.97838358205
2798.97838358205
2798.97838358205
2798.97838358205
2798.97838358205
2798.97838358205
2798.97838358205
2798.97838358205
2798.97838358205
2798.97838358205
2798.97838358205
2798.97838358205
2798.97838358205
2798.97838358205
2798.97838358205
2798.97838358205
2798.97838358205
2798.97838358205
2798.97838358205
2798.97838358205
2798.97838358205
2798.97838358205
2798.97838358205
2799.26800890106
2799.26800890106
2799.26800890106
2799.26800890106
2799.26800890106
2799.26800890106
2801.41357181732
2801.41357181732
2801.41357181732
2801.41357181732
2801.41357181732
2801.41357181732
2801.41357181732
2801.41357181732
2801.41357181732
2801.41357181732
2801.41357181732
2801.80531126144
2801.80531126144
2801.80531126144
2801.80531126144
2801.80531126144
2801.80531126144
2801.80531126144
2801.9310906174
2801.9310906174
2801.9310906174
2801.9310906174
2801.9310906174
2801.9310906174
2801.9310906174
2801.9310906174
2801.9310906174
2804.28956959868
2804.28956959868
2804.28956959868
2804.28956959868
2804.28956959868
2804.28956959868
2804.28956959868
2807.39968318627
2807.39968318627
2807.39968318627
2807.39968318627
2807.39968318627
2807.39968318627
2807.39968318627
2807.39968318627
2807.39968318627
2807.39968318627
2807.39968318627
2807.39968318627
2807.39968318627
2807.39968318627
2807.39968318627
2807.7485485993
2807.7485485993
2807.7485485993
2807.7485485993
2807.7485485993
2807.7485485993
2807.7485485993
2807.7485485993
2807.7485485993
2807.7485485993
2807.7485485993
2807.7485485993
2807.7485485993
2807.7485485993
2807.7485485993
2807.7485485993
2807.7485485993
2807.7485485993
2807.7485485993
2807.7485485993
2807.7485485993
2807.7485485993
2807.7485485993
2807.7485485993
2807.7485485993
2807.7485485993
2807.7485485993
2807.7485485993
2807.7485485993
2807.7485485993
2807.7485485993
2807.7485485993
2807.7485485993
2807.7485485993
2807.7485485993
2807.7485485993
2807.7485485993
2807.7485485993
2807.7485485993
2807.7485485993
2807.7485485993
2807.7485485993
2807.7485485993
2810.62725561247
2810.62725561247
2810.62725561247
2810.62725561247
2810.62725561247
2810.62725561247
2810.62725561247
2810.62725561247
2811.21963513
2811.21963513
2811.21963513
2811.21963513
2811.21963513
2811.21963513
2811.91076407791
2811.91076407791
2811.91076407791
2811.91076407791
2811.91076407791
2811.91076407791
2811.91076407791
2811.91076407791
2811.91076407791
2811.91076407791
2811.91076407791
2811.91076407791
2811.91076407791
2811.91076407791
2811.91076407791
2811.91076407791
2811.91076407791
2811.91076407791
2811.91076407791
2811.91076407791
2811.91076407791
2811.91076407791
2811.91076407791
2811.91076407791
2811.91076407791
2811.91076407791
2811.91076407791
2811.91076407791
2811.91076407791
2811.91076407791
2816.6987631632
2816.6987631632
2816.6987631632
2816.6987631632
2816.6987631632
2816.6987631632
2816.6987631632
2816.6987631632
2816.6987631632
2816.6987631632
2816.6987631632
2816.6987631632
2816.6987631632
2816.6987631632
2816.6987631632
2816.6987631632
2816.6987631632
2816.6987631632
2816.6987631632
2816.6987631632
2816.74908884287
2816.74908884287
2816.74908884287
2816.74908884287
2816.74908884287
2816.74908884287
2816.74908884287
2816.74908884287
2816.74908884287
2819.78619461278
2819.78619461278
2820.10125007085
2820.10125007085
2820.10125007085
2820.10125007085
2820.10125007085
2820.10125007085
2821.93098270438
2821.93098270438
2821.93098270438
2821.93098270438
2821.93098270438
2821.93098270438
2821.93098270438
2821.93098270438
2821.93098270438
2821.93098270438
2821.93098270438
2821.93098270438
2821.93098270438
2821.93098270438
2821.93098270438
2821.93098270438
2821.93098270438
2821.93098270438
2821.93098270438
2821.93098270438
2821.93098270438
2822.5299490218
2822.5299490218
2822.5299490218
2822.5299490218
2822.5299490218
2822.5299490218
2822.5299490218
2822.5299490218
2823.80019841606
2823.80019841606
2823.80019841606
2823.80019841606
2823.80019841606
2823.80019841606
2823.80019841606
2823.80019841606
2825.44632922381
2825.44632922381
2825.44632922381
2825.44632922381
2825.44632922381
2825.44632922381
2825.44632922381
2825.44632922381
2825.44632922381
2825.44632922381
2825.44632922381
2825.44632922381
2825.44632922381
2826.36274025017
2826.36274025017
2826.36274025017
2826.36274025017
2826.36274025017
2826.36274025017
2826.36274025017
2826.36274025017
2826.36274025017
2826.38586755315
2826.38586755315
2826.38586755315
2826.38586755315
2833.81474756963
2833.81474756963
2833.81474756963
2833.81474756963
2833.81474756963
2833.81474756963
2833.81474756963
2833.81474756963
2833.81474756963
2835.37591733245
2835.40664436952
2835.40664436952
2835.40664436952
2835.40664436952
2835.40664436952
2835.40664436952
2835.40664436952
2835.40664436952
2835.40664436952
2835.40664436952
2835.40664436952
2835.40664436952
2835.40664436952
2835.40664436952
2835.40664436952
2835.40664436952
2835.40664436952
2835.40664436952
2835.40664436952
2837.90674229543
2838.48026403861
2838.48026403861
2838.48026403861
2838.48026403861
2838.48026403861
2838.48026403861
2838.48026403861
2838.48026403861
2838.48026403861
2838.48026403861
2838.48026403861
2838.48026403861
2838.48026403861
2838.48026403861
2838.48026403861
2838.48026403861
2838.48026403861
2838.48026403861
2839.78083430379
2842.6423102255
2842.87801471904
2842.87801471904
2842.87801471904
2842.87801471904
2842.87801471904
2842.87801471904
2842.87801471904
2842.87801471904
2842.87801471904
2842.87801471904
2843.4203466511
2843.4203466511
2843.4203466511
2843.4203466511
2843.4203466511
2844.25850135099
2844.25850135099
2844.25850135099
2844.25850135099
2844.25850135099
2844.25850135099
2844.25850135099
2845.45579945212
2845.65134142124
2845.65134142124
2845.65134142124
2845.65134142124
2845.65134142124
2845.65134142124
2845.65134142124
2845.65134142124
2845.65134142124
2845.65134142124
2846.96014540625
2846.96014540625
2846.96014540625
2846.96014540625
2846.96014540625
2846.96014540625
2847.38992268995
2847.38992268995
2847.38992268995
2847.38992268995
2847.38992268995
2847.38992268995
2847.38992268995
2847.38992268995
2850.28163605691
2850.28163605691
2850.28163605691
2850.28163605691
2850.28163605691
2850.28163605691
2850.64818354374
2850.64818354374
2850.64818354374
2851.17196409714
2851.17196409714
2851.17196409714
2851.17196409714
2851.17196409714
2851.17196409714
2851.17196409714
2851.17196409714
2851.17196409714
2851.17196409714
2851.17196409714
2851.17196409714
2851.17196409714
2851.17196409714
2851.17196409714
2851.17196409714
2851.17196409714
2851.17196409714
2851.17196409714
2851.17196409714
2851.17196409714
2851.17196409714
2851.17196409714
2851.17196409714
2851.17196409714
2851.17196409714
2851.17196409714
2851.17196409714
2851.17196409714
2851.17196409714
2851.17196409714
2851.17196409714
2851.17196409714
2851.17196409714
2851.96358811459
2851.96358811459
2851.96358811459
2851.96358811459
2851.96358811459
2851.96358811459
2851.96358811459
2851.96358811459
2851.96358811459
2853.65459884815
2853.65459884815
2853.65459884815
2854.14566593524
2854.14566593524
2854.14566593524
2854.14566593524
2854.14566593524
2854.14566593524
2854.14566593524
2854.14566593524
2855.75400837498
2855.75400837498
2855.75400837498
2855.75400837498
2855.75400837498
2855.75400837498
2855.75400837498
2855.75400837498
2855.75400837498
2855.75400837498
2859.89436693274
2859.89436693274
2859.89436693274
2859.89436693274
2859.89436693274
2859.89436693274
2859.89436693274
2859.89436693274
2859.89436693274
2859.89436693274
2859.89436693274
2859.89436693274
2859.89436693274
2859.89436693274
2859.89436693274
2859.89436693274
2859.89436693274
2859.89436693274
2859.89436693274
2859.89436693274
2859.89436693274
2864.2257405516
2864.2257405516
2864.2257405516
2864.2257405516
2864.2257405516
2864.2257405516
2864.2257405516
2864.2257405516
2864.71541236745
2864.71541236745
2864.71541236745
2864.71541236745
2864.71541236745
2864.71541236745
2864.71541236745
2864.71541236745
2864.71541236745
2864.71541236745
2864.71541236745
2864.71541236745
2864.71541236745
2864.71541236745
2864.71541236745
2864.71541236745
2864.71541236745
2864.71541236745
2864.71541236745
2866.48776829944
2866.48776829944
2866.48776829944
2866.48776829944
2866.8458531632
2874.50969187423
2876.12512907633
2876.12512907633
2876.12512907633
2876.12512907633
2876.12512907633
2876.12512907633
2877.14140637941
2877.14140637941
2877.14140637941
2877.14140637941
2877.14140637941
2877.14140637941
2877.14140637941
2877.14140637941
2878.4515054951
2878.4515054951
2878.4515054951
2878.4515054951
2878.4515054951
2878.4515054951
2878.4515054951
2878.4515054951
2878.4515054951
2878.4515054951
2878.4515054951
2878.4515054951
2878.4515054951
2878.4515054951
2878.4515054951
2878.4515054951
2878.4515054951
2878.4515054951
2878.4515054951
2882.89569073452
2886.24078197702
2887.10629031724
2887.10629031724
2887.10629031724
2887.10629031724
2887.10629031724
2887.10629031724
2887.27891624809
2887.31121533427
2887.31121533427
2887.31121533427
2887.31121533427
2887.31121533427
2887.31121533427
2887.31121533427
2887.31121533427
2887.31121533427
2887.31121533427
2887.31121533427
2887.31121533427
2887.60869439211
2887.60869439211
2887.60869439211
2887.60869439211
2887.60869439211
2887.60869439211
2887.60869439211
2887.60869439211
2887.60869439211
2887.60869439211
2887.60869439211
2887.60869439211
2887.60869439211
2887.60869439211
2887.60869439211
2887.60869439211
2887.60869439211
2887.60869439211
2887.60869439211
2887.60869439211
2887.60869439211
2887.60869439211
2887.60869439211
2887.60869439211
2887.60869439211
2887.60869439211
2887.60869439211
2887.60869439211
2887.60869439211
2888.75483933209
2888.75483933209
2888.75483933209
2888.75483933209
2888.75483933209
2888.75483933209
2888.75483933209
2888.75483933209
2888.75483933209
2888.75483933209
2888.75483933209
2888.75483933209
2888.75483933209
2888.75483933209
2888.75483933209
2888.75483933209
2888.75483933209
2888.75483933209
2889.30606828732
2889.30606828732
2889.30606828732
2889.30606828732
2889.30606828732
2889.30606828732
2889.30606828732
2889.30606828732
2889.30606828732
2889.30606828732
2889.30606828732
2889.30606828732
2889.30606828732
2889.30606828732
2889.30606828732
2889.30606828732
2889.30606828732
2889.30606828732
2889.30606828732
2889.30606828732
2889.30606828732
2889.30606828732
2889.30606828732
2889.30606828732
2889.30606828732
2889.30606828732
2889.30606828732
2889.30606828732
2889.30606828732
2889.30606828732
2889.30606828732
2889.30606828732
2889.30606828732
2889.30606828732
2889.30606828732
2889.30606828732
2889.30606828732
2889.30606828732
2889.33855706705
2889.33855706705
2889.33855706705
2889.33855706705
2889.33855706705
2889.33855706705
2889.33855706705
2889.33855706705
2889.33855706705
2889.33855706705
2889.33855706705
2890.17749382353
2890.17749382353
2890.17749382353
2890.17749382353
2891.66521122446
2891.66521122446
2891.66521122446
2891.66521122446
2891.66521122446
2891.66521122446
2891.66521122446
2891.66521122446
2891.66521122446
2891.66521122446
2891.66521122446
2895.02317734133
2895.02317734133
2895.02317734133
2895.02317734133
2895.02317734133
2895.02317734133
2895.02317734133
2895.02317734133
2895.02317734133
2895.02317734133
2895.02317734133
2895.02317734133
2895.02317734133
2895.02317734133
2895.02317734133
2895.02317734133
2895.02317734133
2895.02317734133
2895.02317734133
2895.02317734133
2895.02317734133
2895.02317734133
2895.02317734133
2895.02317734133
2895.02317734133
2895.02317734133
2895.02317734133
2895.02317734133
2895.02317734133
2895.02317734133
2895.02317734133
2895.02317734133
2895.02317734133
2895.02317734133
2895.02317734133
2895.02317734133
2895.02317734133
2895.02317734133
2895.02317734133
2895.83544178922
2895.83544178922
2895.83544178922
2895.83544178922
2895.83544178922
2895.83544178922
2895.83544178922
2895.83544178922
2895.83544178922
2895.83544178922
2895.83544178922
2895.83544178922
2895.83544178922
2895.83544178922
2895.83544178922
2895.83544178922
2895.83544178922
2895.83544178922
2895.83544178922
2895.83544178922
2895.83544178922
2895.83544178922
2895.83544178922
2895.83544178922
2895.83544178922
2895.83544178922
2895.83544178922
2897.57596232652
2897.57596232652
2897.57596232652
2897.57596232652
2897.63098458897
2897.63098458897
2898.89198619698
2898.89198619698
2898.89198619698
2898.89198619698
2898.89198619698
2900.57773651954
2900.57773651954
2900.57773651954
2900.57773651954
2900.57773651954
2900.57773651954
2900.57773651954
2900.57773651954
2900.57773651954
2900.57773651954
2900.57773651954
2900.57773651954
2900.57773651954
2900.57773651954
2900.57773651954
2900.57773651954
2900.57773651954
2900.57773651954
2900.57773651954
2900.57773651954
2900.57773651954
2900.57773651954
2900.57773651954
2900.57773651954
2900.57773651954
2900.57773651954
2900.57773651954
2900.57773651954
2900.57773651954
2900.57773651954
2900.98596554203
2903.54048079524
2903.54048079524
2903.54048079524
2903.54048079524
2903.54048079524
2903.54048079524
2903.54048079524
2903.54048079524
2903.54048079524
2903.54048079524
2903.54048079524
2903.54048079524
2903.54048079524
2903.54048079524
2903.54048079524
2903.54048079524
2903.54048079524
2904.55871630454
2904.55871630454
2904.55871630454
2904.55871630454
2904.55871630454
2904.55871630454
2904.55871630454
2904.55871630454
2904.55871630454
2904.55871630454
2904.55871630454
2904.55871630454
2904.55871630454
2904.55871630454
2904.55871630454
2904.55871630454
2904.55871630454
2904.55871630454
2904.55871630454
2904.55871630454
2904.55871630454
2904.55871630454
2904.55871630454
2904.55871630454
2906.17205647077
2906.17205647077
2906.17205647077
2906.17205647077
2906.17205647077
2906.17205647077
2906.17205647077
2906.17205647077
2906.17205647077
2906.17205647077
2906.17205647077
2907.23288554027
2907.23288554027
2907.23288554027
2907.23288554027
2907.23288554027
2907.23288554027
2907.23288554027
2907.23288554027
2907.23288554027
2907.23288554027
2907.23288554027
2907.23288554027
2907.23288554027
2907.23288554027
2907.23288554027
2907.23288554027
2907.23288554027
2907.23288554027
2907.23288554027
2907.23288554027
2907.23288554027
2907.23288554027
2907.23288554027
2907.23288554027
2907.23288554027
2907.23288554027
2907.23288554027
2907.23288554027
2907.23288554027
2907.23288554027
2907.23288554027
2907.23288554027
2907.23288554027
2907.23288554027
2907.23288554027
2910.54190902902
2910.54190902902
2910.61827813426
2910.61827813426
2910.61827813426
2910.61827813426
2910.61827813426
2910.61827813426
2910.61827813426
2910.92275795876
2910.92275795876
2910.92275795876
2910.92275795876
2910.92275795876
2912.47179049613
2913.1211938041
2913.1211938041
2913.1211938041
2913.1211938041
2913.1211938041
2913.69507546453
2913.69507546453
2913.69507546453
2913.69507546453
2913.69507546453
2913.69507546453
2913.69507546453
2913.69507546453
2913.69507546453
2913.69507546453
2913.69507546453
2913.69507546453
2918.28925933164
2918.28925933164
2918.28925933164
2918.28925933164
2918.28925933164
2919.37017297292
2919.37017297292
2919.37017297292
2919.37017297292
2919.37017297292
2919.37017297292
2919.37017297292
2919.37017297292
2919.37017297292
2919.37017297292
2919.37017297292
2919.37017297292
2919.37017297292
2919.37017297292
2919.37017297292
2919.37017297292
2919.37017297292
2919.37017297292
2919.37017297292
2919.37017297292
2919.37017297292
2919.37017297292
2919.37017297292
2919.37017297292
2919.37017297292
2919.37017297292
2920.60134412978
2920.60134412978
2920.60134412978
2921.34636309156
2922.04005819993
2922.04005819993
2922.04005819993
2923.58290022095
2923.58290022095
2923.58290022095
2923.58290022095
2923.58290022095
2923.58290022095
2923.58290022095
2923.58290022095
2923.58290022095
2923.58290022095
2923.58290022095
2923.58290022095
2923.58290022095
2923.58290022095
2923.58290022095
2923.58290022095
2923.58290022095
2923.58290022095
2923.58290022095
2923.58290022095
2923.58290022095
2923.58290022095
2923.58290022095
2923.58290022095
2923.58290022095
2923.58290022095
2923.58290022095
2923.58290022095
2923.58290022095
2923.58290022095
2923.58290022095
2923.58290022095
2923.58290022095
2923.58290022095
2923.58290022095
2923.58290022095
2923.58290022095
2923.58290022095
2923.58290022095
2923.58290022095
2924.88153216184
2924.88153216184
2924.88153216184
2924.88153216184
2924.88153216184
2924.88153216184
2924.88153216184
2924.88153216184
2924.88153216184
2924.88153216184
2924.88153216184
2924.88153216184
2924.88153216184
2924.88153216184
2924.88153216184
2924.88153216184
2924.88153216184
2926.95597973253
2926.95597973253
2926.95597973253
2926.95597973253
2926.95597973253
2926.95597973253
2926.95597973253
2926.95597973253
2926.95597973253
2926.95597973253
2926.95597973253
2926.95597973253
2926.95597973253
2926.95597973253
2926.95597973253
2926.95597973253
2926.95597973253
2926.95597973253
2926.95597973253
2926.95597973253
2926.95597973253
2926.95597973253
2926.95597973253
2926.95597973253
2926.95597973253
2926.95597973253
2926.95597973253
2926.95597973253
2926.95597973253
2926.95597973253
2926.95597973253
2926.95597973253
2926.95597973253
2926.95597973253
2926.95597973253
2926.95597973253
2926.95597973253
2926.95597973253
2926.95597973253
2926.95597973253
2926.95597973253
2926.95597973253
2926.95597973253
2926.95597973253
2926.95597973253
2926.95597973253
2926.95597973253
2926.95597973253
2926.95597973253
2926.95597973253
2926.95597973253
2926.95597973253
2926.95597973253
2926.95597973253
2926.95597973253
2926.95597973253
2926.95597973253
2927.23504963674
2927.23504963674
2927.23504963674
2927.23504963674
2927.23504963674
2927.23504963674
2927.23504963674
2927.23504963674
2927.23504963674
2927.23504963674
2927.23504963674
2927.23504963674
2927.23504963674
2927.23504963674
2927.23504963674
2927.23504963674
2927.23504963674
2927.23504963674
2927.23504963674
2927.23504963674
2927.23504963674
2927.23504963674
2927.23504963674
2927.23504963674
2927.60220022316
2927.60220022316
2927.60220022316
2927.60220022316
2927.60220022316
2927.60220022316
2927.60220022316
2927.60220022316
2927.60220022316
2927.60220022316
2927.60220022316
2927.60220022316
2927.60220022316
2929.98235415756
2929.98235415756
2929.98235415756
2929.98235415756
2929.98235415756
2929.98235415756
2929.98235415756
2929.98235415756
2929.98235415756
2929.98235415756
2929.98235415756
2929.98235415756
2929.98235415756
2929.98235415756
2931.00384949305
2931.00384949305
2931.00384949305
2931.00384949305
2931.00384949305
2931.00384949305
2931.00384949305
2931.00384949305
2931.00384949305
2931.00384949305
2931.00384949305
2931.00384949305
2931.00384949305
2931.00384949305
2931.00384949305
2931.00384949305
2931.00384949305
2931.00384949305
2931.00384949305
2932.00555062524
2934.94943229981
2934.94943229981
2934.94943229981
2934.94943229981
2934.94943229981
2934.94943229981
2934.94943229981
2934.94943229981
2934.94943229981
2934.94943229981
2934.94943229981
2934.94943229981
2934.94943229981
2934.94943229981
2934.94943229981
2934.94943229981
2934.94943229981
2934.94943229981
2934.94943229981
2934.94943229981
2934.94943229981
2936.82863737083
2936.82863737083
2936.82863737083
2936.82863737083
2936.82863737083
2936.82863737083
2936.82863737083
2936.82863737083
2936.82863737083
2936.82863737083
2936.82863737083
2936.82863737083
2936.95055674654
2936.95055674654
2936.95055674654
2936.95055674654
2936.95055674654
2936.95055674654
2936.95055674654
2936.95055674654
2936.95055674654
2936.95055674654
2936.95055674654
2936.95055674654
2936.95055674654
2936.95055674654
2936.95055674654
2936.95055674654
2936.95055674654
2936.95055674654
2936.95055674654
2936.95055674654
2936.95055674654
2936.95055674654
2936.95055674654
2936.95055674654
2936.95055674654
2936.95055674654
2936.95055674654
2936.95055674654
2936.95055674654
2936.95055674654
2936.95055674654
2936.95055674654
2936.95055674654
2936.95055674654
2938.20150162028
2944.78414609523
2944.78414609523
2944.78414609523
2944.78414609523
2944.78414609523
2944.78414609523
2944.78414609523
2944.78414609523
2944.78414609523
2944.78414609523
2944.78414609523
2944.78414609523
2944.81472057384
2944.81472057384
2944.81472057384
2944.81472057384
2944.81472057384
2944.81472057384
2944.81472057384
2944.81472057384
2944.81472057384
2944.81472057384
2944.81472057384
2944.81472057384
2944.81472057384
2944.81472057384
2944.81472057384
2944.81472057384
2944.81472057384
2944.81472057384
2944.81472057384
2944.81472057384
2944.81472057384
2944.81472057384
2944.81472057384
2944.81472057384
2944.81472057384
2944.81472057384
2946.83616713427
2947.75512245862
2947.75512245862
2947.75512245862
2947.75512245862
2947.75512245862
2947.75512245862
2947.75512245862
2947.75512245862
2947.75512245862
2947.75512245862
2947.75512245862
2947.75512245862
2947.75512245862
2947.75512245862
2947.75512245862
2947.75512245862
2948.32546682262
2948.32546682262
2948.32546682262
2948.32546682262
2948.32546682262
2948.32546682262
2948.32546682262
2948.32546682262
2948.32546682262
2948.32546682262
2948.32546682262
2948.32546682262
2948.32546682262
2948.32546682262
2949.56969366077
2949.56969366077
2949.56969366077
2949.56969366077
2949.56969366077
2949.56969366077
2949.56969366077
2950.05955958371
2950.40097744304
2950.40097744304
2950.40097744304
2954.47496356717
2954.47496356717
2954.47496356717
2954.47496356717
2954.47496356717
2954.47496356717
2954.47496356717
2954.47496356717
2954.47496356717
2954.47496356717
2954.47496356717
2954.47496356717
2954.47496356717
2954.47496356717
2954.47496356717
2954.47496356717
2954.47496356717
2954.47496356717
2954.47496356717
2954.47496356717
2954.47496356717
2954.47496356717
2954.47496356717
2954.47496356717
2954.47496356717
2954.47496356717
2954.47496356717
2954.47496356717
2954.47496356717
2954.47496356717
2954.47496356717
2954.47496356717
2954.47496356717
2954.47496356717
2954.47496356717
2954.47496356717
2954.47496356717
2954.47496356717
2954.47496356717
2954.47496356717
2954.47496356717
2954.47496356717
2954.47496356717
2954.47496356717
2954.47496356717
2954.47496356717
2954.47496356717
2954.47496356717
2954.47496356717
2954.47496356717
2954.47496356717
2954.47496356717
2954.47496356717
2954.47496356717
2954.47496356717
2954.47496356717
2954.47496356717
2954.47496356717
2954.47496356717
2954.47496356717
2954.47496356717
2954.47496356717
2954.47496356717
2954.47496356717
2954.47496356717
2954.61881301845
2954.61881301845
2954.61881301845
2954.61881301845
2954.61881301845
2954.61881301845
2954.61881301845
2956.49390884946
2956.49390884946
2957.34868542359
2957.34868542359
2957.34868542359
2957.34868542359
2957.34868542359
2957.34868542359
2957.34868542359
2957.34868542359
2957.34868542359
2957.34868542359
2957.34868542359
2957.34868542359
2957.34868542359
2957.34868542359
2957.34868542359
2957.34868542359
2957.34868542359
2957.34868542359
2957.34868542359
2957.34868542359
2957.34868542359
2957.34868542359
2957.34868542359
2957.34868542359
2957.34868542359
2957.34868542359
2957.34868542359
2957.34868542359
2957.34868542359
2957.34868542359
2957.34868542359
2957.34868542359
2957.34868542359
2957.34868542359
2957.34868542359
2957.34868542359
2957.34868542359
2957.34868542359
2957.34868542359
2957.34868542359
2957.34868542359
2957.34868542359
2959.89823608757
2959.89823608757
2959.89823608757
2959.89823608757
2959.89823608757
2959.89823608757
2959.89823608757
2959.89823608757
2959.89823608757
2959.89823608757
2959.89823608757
2959.89823608757
2959.89823608757
2959.89823608757
2960.16149481386
2960.16149481386
2960.16149481386
2960.16149481386
2960.16149481386
2960.16149481386
2960.16149481386
2960.16149481386
2960.16149481386
2960.16149481386
2960.16149481386
2960.16149481386
2960.16149481386
2960.16149481386
2960.16149481386
2960.16149481386
2960.16149481386
2960.16149481386
2960.16149481386
2960.16149481386
2960.16149481386
2960.16149481386
2960.16149481386
2960.16149481386
2960.16149481386
2960.16149481386
2960.37023285683
2960.37023285683
2960.37023285683
2960.37023285683
2960.777571671
2966.90897715003
2966.90897715003
2966.90897715003
2966.90897715003
2966.90897715003
2966.90897715003
2966.90897715003
2968.19137071415
2968.19137071415
2968.19137071415
2968.19137071415
2968.19137071415
2968.19137071415
2968.19137071415
2968.19137071415
2968.19137071415
2968.19137071415
2968.19137071415
2968.19137071415
2968.19137071415
2968.19137071415
2968.19137071415
2968.19137071415
2968.19137071415
2968.19137071415
2968.19137071415
2968.19137071415
2968.19137071415
2968.19137071415
2968.19137071415
2969.58674014467
2969.58674014467
2969.58674014467
2969.58674014467
2969.58674014467
2969.58674014467
2969.58674014467
2969.58674014467
2969.58674014467
2969.58674014467
2969.58674014467
2969.58674014467
2969.58674014467
2969.58674014467
2969.58674014467
2969.58674014467
2969.77900414517
2969.77900414517
2969.77900414517
2969.77900414517
2969.77900414517
2969.77900414517
2970.55083371455
2970.55083371455
2970.55083371455
2970.55083371455
2970.55083371455
2970.55083371455
2972.45794900681
2972.45794900681
2972.45794900681
2972.45794900681
2972.45794900681
2972.45794900681
2972.45794900681
2972.45794900681
2973.93837975234
2973.93837975234
2973.93837975234
2973.93837975234
2973.93837975234
2973.93837975234
2974.54578349824
2974.54578349824
2974.54578349824
2974.54578349824
2974.54578349824
2974.54578349824
2974.54578349824
2974.54578349824
2974.54578349824
2974.54578349824
2974.54578349824
2974.54578349824
2974.54578349824
2974.54578349824
2974.54578349824
2974.54578349824
2974.54578349824
2974.54578349824
2974.54578349824
2974.54578349824
2974.54578349824
2974.54578349824
2974.54578349824
2974.54578349824
2974.54578349824
2974.54578349824
2974.54578349824
2974.54578349824
2974.54578349824
2974.54578349824
2974.54578349824
2974.54578349824
2974.54578349824
2974.54578349824
2974.54578349824
2974.54578349824
2974.54578349824
2974.54578349824
2974.54578349824
2974.92725019049
2974.92725019049
2975.40439279701
2975.40439279701
2975.40439279701
2975.40439279701
2975.40439279701
2975.40439279701
2975.40439279701
2975.40439279701
2975.40439279701
2975.40439279701
2975.40439279701
2980.14696116127
2980.14696116127
2980.14696116127
2980.48460564605
2980.48460564605
2980.48460564605
2980.48460564605
2980.48460564605
2980.48460564605
2980.48460564605
2980.48460564605
2980.48460564605
2980.48460564605
2980.53706266282
2980.53706266282
2980.53706266282
2980.53706266282
2980.53706266282
2980.53706266282
2980.53706266282
2980.53706266282
2980.53706266282
2980.53706266282
2980.53706266282
2980.53706266282
2980.53706266282
2980.53706266282
2980.53706266282
2980.53706266282
2980.53706266282
2980.53706266282
2982.52197313106
2982.52197313106
2982.52197313106
2982.52197313106
2982.52197313106
2982.52197313106
2982.52197313106
2982.52197313106
2984.06858516263
2984.06858516263
2984.06858516263
2984.06858516263
2984.06858516263
2984.06858516263
2986.99395230501
2986.99395230501
2986.99395230501
2986.99395230501
2986.99395230501
2986.99395230501
2986.99395230501
2986.99395230501
2986.99395230501
2986.99395230501
2986.99395230501
2986.99395230501
2986.99395230501
2986.99395230501
2986.99395230501
2986.99395230501
2986.99395230501
2986.99395230501
2988.66483812114
2989.1021161828
2989.1021161828
2989.1021161828
2991.07346314747
2991.07346314747
2991.07346314747
2991.07346314747
2991.07346314747
2991.07346314747
2991.07346314747
2991.07346314747
2991.07346314747
2991.07346314747
2991.07346314747
2991.07346314747
2991.07346314747
2991.07346314747
2991.07346314747
2991.07346314747
2991.07346314747
2991.07346314747
2991.07346314747
2991.07346314747
2991.07346314747
2991.07346314747
2991.07346314747
2991.07346314747
2991.07346314747
2991.07346314747
2991.07346314747
2991.07346314747
2991.07346314747
2991.07346314747
2991.07346314747
2991.07346314747
2991.07346314747
2991.07346314747
2991.07346314747
2991.07346314747
2991.07346314747
2991.07346314747
2991.07346314747
2991.07346314747
2991.07346314747
2991.07346314747
2991.07346314747
2991.32924383566
2991.32924383566
2991.32924383566
2991.32924383566
2991.32924383566
2991.32924383566
2991.38063421186
2991.38063421186
2991.38063421186
2991.38063421186
2991.38063421186
2991.38063421186
2991.38063421186
2991.38063421186
2991.38063421186
2991.38063421186
2991.38063421186
2991.38063421186
2991.38063421186
2991.38063421186
2991.38063421186
2991.38063421186
2991.38063421186
2991.38063421186
2993.31714054747
2993.31714054747
2993.31714054747
2993.31714054747
2993.31714054747
2993.6636164821
2994.88424813167
2994.88424813167
2994.88424813167
2994.88424813167
2994.88424813167
2994.88424813167
2994.88424813167
2994.88424813167
2994.88424813167
2994.88424813167
2994.88424813167
2994.88424813167
2994.88424813167
2994.88424813167
2994.88424813167
2994.88424813167
2994.88424813167
2994.88424813167
2994.88424813167
2994.88424813167
2994.88424813167
2994.88424813167
2994.88424813167
2994.88424813167
2994.88424813167
2994.88424813167
2994.88424813167
2994.88424813167
2994.88424813167
2994.88424813167
2994.88424813167
2994.88424813167
2994.88424813167
2994.88424813167
2994.88424813167
2994.88424813167
2994.88424813167
2994.88424813167
2995.65558154945
2995.65558154945
2995.65558154945
2995.65558154945
2995.65558154945
2995.65558154945
2995.65558154945
2995.65558154945
2995.65558154945
2995.65558154945
2995.65558154945
2995.65558154945
2995.65558154945
2995.65558154945
2995.65558154945
2997.9364752971
2998.15494415997
2998.15494415997
2998.15494415997
2998.15494415997
2998.15494415997
2998.15494415997
2998.15494415997
2998.15494415997
2998.15494415997
2998.15494415997
2998.15494415997
2998.15494415997
2998.15494415997
2998.15494415997
2998.15494415997
2998.15494415997
2998.15494415997
2998.15494415997
2998.15494415997
2999.50616769618
2999.60967529266
2999.60967529266
2999.60967529266
2999.60967529266
2999.60967529266
2999.60967529266
2999.60967529266
2999.60967529266
2999.60967529266
2999.60967529266
2999.60967529266
2999.60967529266
2999.60967529266
2999.60967529266
2999.60967529266
2999.60967529266
2999.60967529266
2999.88493802211
2999.88493802211
2999.88493802211
2999.88493802211
2999.88493802211
2999.88493802211
2999.88493802211
2999.88493802211
2999.88493802211
2999.88493802211
2999.88493802211
2999.88493802211
2999.88493802211
2999.88493802211
2999.88493802211
2999.88493802211
2999.88493802211
2999.88493802211
2999.88493802211
2999.88493802211
2999.88493802211
2999.88493802211
2999.88493802211
2999.88493802211
2999.88493802211
2999.88493802211
2999.88493802211
2999.88493802211
2999.88493802211
2999.88493802211
2999.88493802211
2999.88493802211
2999.88493802211
2999.88493802211
3000.75651199663
3000.75651199663
3000.75651199663
3000.75651199663
3000.75651199663
3000.75651199663
3000.75651199663
3000.75651199663
3000.75651199663
3000.75651199663
3000.75651199663
3003.00626910215
3003.28469832592
3003.28469832592
3003.28469832592
3003.28469832592
3003.28469832592
3003.28469832592
3003.28469832592
3003.28469832592
3003.28469832592
3003.28469832592
3003.28469832592
3003.28469832592
3003.28469832592
3003.28469832592
3003.28469832592
3003.28469832592
3003.28469832592
3003.28469832592
3003.28469832592
3003.28469832592
3003.28469832592
3003.28469832592
3003.28469832592
3007.09376041638
3007.09376041638
3007.09376041638
3007.09376041638
3007.09376041638
3007.09376041638
3007.09376041638
3007.09376041638
3007.09376041638
3007.09376041638
3007.09376041638
3007.23195800481
3007.23195800481
3007.23195800481
3007.23195800481
3007.23195800481
3007.23195800481
3007.66069463052
3007.66069463052
3007.66069463052
3007.66069463052
3007.66069463052
3007.66069463052
3007.66069463052
3007.66069463052
3007.66069463052
3007.66069463052
3007.66069463052
3007.66069463052
3007.66069463052
3007.66069463052
3007.66069463052
3007.66069463052
3007.66069463052
3008.79535110108
3008.89851089811
3008.89851089811
3008.89851089811
3008.89851089811
3008.89851089811
3008.89851089811
3008.89851089811
3009.89882761037
3009.89882761037
3009.89882761037
3009.89882761037
3009.89882761037
3009.89882761037
3009.89882761037
3009.89882761037
3009.89882761037
3009.89882761037
3009.89882761037
3009.89882761037
3009.89882761037
3009.89882761037
3009.89882761037
3009.89882761037
3009.89882761037
3010.07731895074
3010.07731895074
3010.07731895074
3010.07731895074
3010.07731895074
3010.07731895074
3010.07731895074
3010.07731895074
3012.41468885589
3013.24295370182
3013.24295370182
3013.24295370182
3013.24295370182
3013.24295370182
3013.24295370182
3013.24295370182
3013.24295370182
3013.24295370182
3013.24295370182
3013.24295370182
3013.24295370182
3013.24295370182
3013.24295370182
3013.24295370182
3013.24295370182
3013.24295370182
3013.24295370182
3013.24295370182
3013.24295370182
3013.24295370182
3013.24295370182
3013.24295370182
3013.24295370182
3013.24295370182
3013.24295370182
3013.24295370182
3013.24295370182
3013.24295370182
3013.24295370182
3013.24295370182
3013.24295370182
3013.24295370182
3013.24295370182
3013.24295370182
3013.93692424131
3013.93692424131
3013.93692424131
3013.93692424131
3013.93692424131
3013.93692424131
3013.93692424131
3013.93692424131
3013.93692424131
3013.93692424131
3013.93692424131
3013.93692424131
3013.93692424131
3013.93692424131
3013.93692424131
3013.93692424131
3013.93692424131
3013.93692424131
3013.93692424131
3013.93692424131
3013.93692424131
3013.93692424131
3013.93692424131
3013.93692424131
3013.93692424131
3014.30668485061
3014.30668485061
3014.30668485061
3014.30668485061
3014.30668485061
3014.30668485061
3014.30668485061
3014.30668485061
3014.30668485061
3014.30668485061
3014.30668485061
3014.30668485061
3014.30668485061
3014.30668485061
3014.30668485061
3014.30668485061
3014.30668485061
3014.30668485061
3014.30668485061
3014.30668485061
3014.30668485061
3014.30668485061
3014.30668485061
3014.30668485061
3014.30668485061
3014.30668485061
3014.30668485061
3014.30668485061
3014.30668485061
3014.30668485061
3014.30668485061
3014.30668485061
3014.30668485061
3014.30668485061
3014.30668485061
3014.30668485061
3014.30668485061
3014.30668485061
3014.30668485061
3014.30668485061
3014.30668485061
3014.30668485061
3014.30668485061
3014.30668485061
3014.30668485061
3014.30668485061
3014.30668485061
3014.30668485061
3014.30668485061
3014.30668485061
3014.30668485061
3014.30668485061
3014.30668485061
3014.63729705108
3014.63729705108
3014.63729705108
3014.63729705108
3014.63729705108
3014.63729705108
3014.63729705108
3017.06558497876
3017.06558497876
3017.06558497876
3017.06558497876
3017.06558497876
3017.06558497876
3017.06558497876
3017.06558497876
3017.06558497876
3017.06558497876
3017.06558497876
3017.06558497876
3017.06558497876
3017.06558497876
3017.88004452961
3017.88004452961
3017.88004452961
3017.88004452961
3017.88004452961
3017.88004452961
3017.88004452961
3017.88004452961
3017.88004452961
3017.88004452961
3017.88004452961
3017.88004452961
3017.88004452961
3017.88004452961
3017.88004452961
3017.88004452961
3017.88004452961
3017.88004452961
3017.88004452961
3017.88004452961
3018.66243854208
3018.66243854208
3018.66243854208
3018.66243854208
3018.94048136548
3019.48730657616
3019.48730657616
3019.48730657616
3019.48730657616
3019.48730657616
3019.48730657616
3019.48730657616
3019.48730657616
3019.48730657616
3019.48730657616
3019.48730657616
3019.48730657616
3019.48730657616
3019.48730657616
3019.48730657616
3019.48730657616
3019.48730657616
3019.48730657616
3019.48730657616
3020.284121868
3020.284121868
3020.284121868
3020.284121868
3020.284121868
3020.284121868
3020.284121868
3020.284121868
3020.284121868
3020.284121868
3020.284121868
3020.284121868
3020.56027948239
3020.56027948239
3020.56027948239
3020.56027948239
3020.56027948239
3020.56027948239
3020.56027948239
3020.56027948239
3020.56027948239
3020.56027948239
3020.56027948239
3020.56027948239
3020.56027948239
3020.56027948239
3020.56027948239
3020.56027948239
3020.56027948239
3020.56027948239
3020.56027948239
3020.56027948239
3020.56027948239
3020.56027948239
3020.56027948239
3020.56027948239
3020.56027948239
3020.56027948239
3020.56027948239
3020.56027948239
3020.56027948239
3020.56027948239
3020.56027948239
3020.56027948239
3020.56027948239
3020.56027948239
3020.56027948239
3020.56027948239
3020.56027948239
3020.56027948239
3020.56027948239
3020.56027948239
3020.56027948239
3020.56027948239
3020.56027948239
3020.56027948239
3020.56027948239
3020.56027948239
3020.56027948239
3020.56027948239
3020.56027948239
3020.56027948239
3020.56027948239
3020.56027948239
3020.56027948239
3020.56027948239
3020.56027948239
3020.56027948239
3020.56027948239
3020.56027948239
3023.59678175786
3023.59678175786
3023.59678175786
3023.59678175786
3023.59678175786
3023.59678175786
3023.59678175786
3023.59678175786
3023.59678175786
3023.59678175786
3023.59678175786
3023.59678175786
3023.59678175786
3023.59678175786
3023.61061294005
3023.61061294005
3023.61061294005
3023.61061294005
3023.61061294005
3023.61061294005
3023.61061294005
3023.61061294005
3023.61061294005
3023.61061294005
3023.61061294005
3023.61061294005
3023.61061294005
3023.61061294005
3023.61061294005
3023.61061294005
3023.61061294005
3023.61061294005
3023.61061294005
3023.61061294005
3023.61061294005
3023.61061294005
3023.61061294005
3023.61061294005
3023.61061294005
3023.61061294005
3023.61061294005
3023.61061294005
3023.61061294005
3023.61061294005
3023.61061294005
3023.61061294005
3023.61061294005
3023.61061294005
3023.61061294005
3023.61061294005
3023.61061294005
3023.61061294005
3023.61061294005
3024.04126716632
3024.04126716632
3024.04126716632
3024.04126716632
3024.04126716632
3024.04126716632
3024.04126716632
3025.92275690062
3026.29493448207
3026.29493448207
3026.29493448207
3026.29493448207
3026.29493448207
3026.29493448207
3026.29493448207
3026.29493448207
3026.29493448207
3026.29493448207
3026.29493448207
3026.29493448207
3026.29493448207
3026.29493448207
3026.29493448207
3026.29493448207
3026.29493448207
3026.29493448207
3026.29493448207
3026.29493448207
3026.29493448207
3026.29493448207
3028.35629286273
3028.93735506386
3028.93735506386
3028.93735506386
3028.93735506386
3028.93735506386
3028.93735506386
3028.93735506386
3028.93735506386
3028.93735506386
3028.93735506386
3028.93735506386
3030.94376884303
3030.94376884303
3030.94376884303
3030.94376884303
3030.94376884303
3030.94376884303
3030.94376884303
3030.94376884303
3030.94376884303
3030.94376884303
3030.94376884303
3030.94376884303
3030.94376884303
3030.94376884303
3030.94376884303
3030.94376884303
3030.94376884303
3030.94376884303
3030.94376884303
3030.94376884303
3030.94376884303
3030.94376884303
3030.94376884303
3030.94376884303
3030.94376884303
3030.94376884303
3030.94376884303
3030.94376884303
3030.94376884303
3030.94376884303
3030.94376884303
3030.94376884303
3030.94376884303
3030.94376884303
3030.94376884303
3030.94376884303
3030.94376884303
3030.94376884303
3030.94376884303
3030.94376884303
3030.94376884303
3030.94376884303
3030.94376884303
3030.94376884303
3030.94376884303
3030.94376884303
3030.94376884303
3030.94376884303
3030.94376884303
3030.94376884303
3030.94376884303
3030.94376884303
3030.94376884303
3030.94376884303
3030.94376884303
3031.88386745145
3032.1506489477
3032.1506489477
3032.1506489477
3032.1506489477
3032.1506489477
3032.33333234624
3032.33333234624
3032.33333234624
3032.33333234624
3032.33333234624
3032.33333234624
3032.33333234624
3032.33333234624
3032.33333234624
3032.33333234624
3032.33333234624
3032.33333234624
3032.33333234624
3032.33333234624
3032.33333234624
3032.33333234624
3032.33333234624
3032.33333234624
3032.33333234624
3032.33333234624
3032.33333234624
3032.33333234624
3032.33333234624
3032.33333234624
3032.33333234624
3032.33333234624
3032.33333234624
3032.33333234624
3032.33333234624
3032.33333234624
3032.33333234624
3032.33333234624
3032.33333234624
3032.33333234624
3032.33333234624
3033.05378607727
3033.84680943078
3033.84680943078
3033.84680943078
3033.84680943078
3033.84680943078
3034.95994589209
3034.95994589209
3034.95994589209
3035.3483999151
3035.3483999151
3035.3483999151
3035.3483999151
3035.3483999151
3035.3483999151
3035.3483999151
3035.3483999151
3035.3483999151
3035.3483999151
3035.3483999151
3035.59914265608
3035.59914265608
3037.05110142357
3037.05110142357
3037.05110142357
3037.05110142357
3037.05110142357
3037.05110142357
3037.05110142357
3037.05110142357
3037.05110142357
3037.05110142357
3037.05110142357
3037.05110142357
3037.05110142357
3037.05110142357
3037.05110142357
3037.05110142357
3037.05110142357
3037.05110142357
3037.05110142357
3037.05110142357
3037.05110142357
3037.05110142357
3037.05110142357
3037.05110142357
3037.05110142357
3037.05110142357
3037.05110142357
3037.05110142357
3037.05110142357
3037.05110142357
3037.05110142357
3037.05110142357
3037.05110142357
3037.05110142357
3037.05110142357
3037.05110142357
3037.05110142357
3037.05110142357
3037.05110142357
3037.05110142357
3037.05110142357
3037.05110142357
3037.05110142357
3037.05110142357
3037.05110142357
3037.05110142357
3037.05110142357
3037.05110142357
3037.05110142357
3037.05110142357
3037.05110142357
3037.05110142357
3037.05110142357
3037.05110142357
3037.05110142357
3037.05110142357
3037.05110142357
3037.05110142357
3037.05110142357
3037.05110142357
3037.05110142357
3037.05110142357
3037.05110142357
3037.05110142357
3037.05110142357
3037.05110142357
3037.05110142357
3037.05110142357
3037.05110142357
3037.05110142357
3037.05110142357
3037.05110142357
3037.05110142357
3037.05110142357
3037.05110142357
3037.05110142357
3037.05110142357
3037.05110142357
3037.05110142357
3041.15524841885
3041.15524841885
3041.15524841885
3041.15524841885
3041.15524841885
3041.15524841885
3041.15524841885
3041.15524841885
3041.15524841885
3041.15524841885
3041.15524841885
3041.25828960284
3041.25828960284
3041.25828960284
3041.25828960284
3041.25828960284
3041.25828960284
3041.25828960284
3041.25828960284
3041.25828960284
3041.25828960284
3041.25828960284
3041.47905324432
3041.47905324432
3041.47905324432
3041.47905324432
3041.47905324432
3041.47905324432
3041.47905324432
3041.47905324432
3041.47905324432
3041.47905324432
3041.47905324432
3041.47905324432
3041.47905324432
3041.47905324432
3041.47905324432
3041.47905324432
3041.47905324432
3041.47905324432
3041.47905324432
3041.47905324432
3041.47905324432
3041.47905324432
3041.47905324432
3041.47905324432
3041.47905324432
3041.47905324432
3042.33588095528
3042.33588095528
3048.79315978615
3048.95225463234
3048.95225463234
3048.95225463234
3048.95225463234
3048.95225463234
3048.95225463234
3048.95225463234
3049.20271782041
3049.20271782041
3049.20271782041
3049.20271782041
3049.20271782041
3049.20271782041
3049.20271782041
3049.20271782041
3049.20271782041
3049.20271782041
3049.20271782041
3049.20271782041
3049.20271782041
3049.20271782041
3049.28203716086
3050.68593085474
3050.68593085474
3050.68593085474
3050.68593085474
3050.68593085474
3050.68593085474
3050.68593085474
3050.68593085474
3050.68593085474
3050.68593085474
3050.68593085474
3050.68593085474
3050.68593085474
3050.68593085474
3050.68593085474
3050.85820976372
3050.85820976372
3050.85820976372
3050.85820976372
3050.85820976372
3050.85820976372
3050.85820976372
3050.85820976372
3050.85820976372
3050.85820976372
3050.85820976372
3050.85820976372
3050.85820976372
3050.85820976372
3050.85820976372
3050.85820976372
3050.85820976372
3050.85820976372
3050.85820976372
3050.85820976372
3050.85820976372
3050.85820976372
3051.87726148164
3051.95540477218
3051.95540477218
3051.95540477218
3051.95540477218
3051.95540477218
3051.95540477218
3051.95540477218
3051.95540477218
3051.95540477218
3051.95540477218
3051.95540477218
3051.95540477218
3051.95540477218
3051.95540477218
3051.95540477218
3051.95540477218
3051.95540477218
3051.95540477218
3051.95540477218
3051.95540477218
3051.95540477218
3051.95540477218
3051.95540477218
3051.95540477218
3051.95540477218
3051.95540477218
3051.95540477218
3051.95540477218
3051.95540477218
3051.95540477218
3051.95540477218
3051.95540477218
3051.95540477218
3051.95540477218
3051.95540477218
3051.95540477218
3051.95540477218
3051.95540477218
3051.95540477218
3051.95540477218
3051.95540477218
3051.95540477218
3051.95540477218
3051.95540477218
3051.95540477218
3051.95540477218
3051.95540477218
3051.95540477218
3051.95540477218
3051.95540477218
3051.95540477218
3051.95540477218
3051.95540477218
3051.95540477218
3051.95540477218
3051.95540477218
3051.95540477218
3051.95540477218
3051.95540477218
3051.95540477218
3051.95540477218
3051.95540477218
3051.95540477218
3051.95540477218
3051.95540477218
3051.95540477218
3051.95540477218
3051.95540477218
3051.95540477218
3051.95540477218
3051.95540477218
3051.95540477218
3051.95540477218
3051.95540477218
3051.95540477218
3051.95540477218
3051.95540477218
3051.95540477218
3051.95540477218
3051.95540477218
3051.95540477218
3051.95540477218
3051.95540477218
3051.95540477218
3051.95540477218
3051.95540477218
3051.95540477218
3051.95540477218
3051.95540477218
3051.95540477218
3051.95540477218
3051.95540477218
3051.95540477218
3051.95540477218
3051.95540477218
3051.95540477218
3051.95540477218
3051.95540477218
3051.95540477218
3051.95540477218
3051.95540477218
3051.95540477218
3051.95540477218
3051.95540477218
3051.95540477218
3051.95540477218
3051.95540477218
3051.95540477218
3051.95540477218
3051.95540477218
3051.95540477218
3051.95540477218
3051.95540477218
3051.95540477218
3051.95540477218
3051.95540477218
3051.95540477218
3051.95540477218
3051.95540477218
3051.95540477218
3051.95540477218
3051.95540477218
3051.95540477218
3051.95540477218
3051.95540477218
3051.95540477218
3051.95540477218
3051.95540477218
3051.95540477218
3051.95540477218
3051.95540477218
3051.95540477218
3051.95540477218
3051.95540477218
3051.95540477218
3051.95540477218
3051.95540477218
3051.95540477218
3051.95540477218
3051.95540477218
3051.95540477218
3051.95540477218
3051.95540477218
3051.95540477218
3051.95540477218
3051.95540477218
3051.95540477218
3051.95540477218
3051.95540477218
3051.95540477218
3051.95540477218
3051.95540477218
3051.95540477218
3051.95540477218
3051.95540477218
3051.95540477218
3054.74158897899
3054.85336507651
3054.85336507651
3057.05012377562
3057.05012377562
3057.05012377562
3057.05012377562
3057.05012377562
3057.05012377562
3057.05012377562
3057.05012377562
3057.05012377562
3057.05012377562
3057.05012377562
3057.05012377562
3057.05012377562
3057.05012377562
3057.05012377562
3057.05012377562
3057.05012377562
3057.05012377562
3057.05012377562
3057.05012377562
3057.05012377562
3057.05012377562
3057.05012377562
3057.05012377562
3057.05012377562
3057.05012377562
3057.05012377562
3057.05012377562
3057.05012377562
3057.05012377562
3057.05012377562
3057.05012377562
3057.05012377562
3057.05012377562
3057.05012377562
3057.05012377562
3058.30541687757
3058.30541687757
3058.30541687757
3058.52320435579
3058.52320435579
3058.52320435579
3058.52320435579
3058.52320435579
3058.52320435579
3058.52320435579
3058.52320435579
3058.52320435579
3058.52320435579
3058.52320435579
3058.52320435579
3058.52320435579
3058.52320435579
3058.52320435579
3058.52320435579
3058.52320435579
3058.52320435579
3058.52320435579
3058.52320435579
3058.52320435579
3059.26603413224
3059.26603413224
3059.26603413224
3059.26603413224
3060.37096470951
3060.37096470951
3060.37096470951
3060.37096470951
3060.37096470951
3060.37096470951
3060.37096470951
3060.37096470951
3060.37096470951
3060.37096470951
3060.37096470951
3061.48435332943
3061.48435332943
3061.48435332943
3061.48435332943
3061.48435332943
3061.48435332943
3061.48435332943
3061.48435332943
3061.48435332943
3061.48435332943
3061.48435332943
3061.48435332943
3061.48435332943
3061.48435332943
3061.48435332943
3061.48435332943
3061.48435332943
3061.48435332943
3061.48435332943
3061.48435332943
3061.48435332943
3061.48435332943
3061.48435332943
3061.48435332943
3061.48435332943
3061.48435332943
3061.48435332943
3061.48435332943
3061.48435332943
3061.48435332943
3061.48435332943
3061.48435332943
3061.48435332943
3061.48435332943
3061.48435332943
3061.48435332943
3061.48435332943
3061.48435332943
3061.48435332943
3061.48435332943
3061.48435332943
3061.48435332943
3061.48435332943
3061.48435332943
3062.59772969383
3062.59772969383
3062.59772969383
3062.59772969383
3062.59772969383
3062.59772969383
3062.59772969383
3062.59772969383
3062.59772969383
3062.59772969383
3062.59772969383
3062.59772969383
3062.59772969383
3062.59772969383
3062.59772969383
3062.59772969383
3062.59772969383
3062.59772969383
3062.59772969383
3062.59772969383
3062.59772969383
3062.59772969383
3062.59772969383
3062.59772969383
3062.59772969383
3062.59772969383
3062.59772969383
3062.59772969383
3062.59772969383
3062.59772969383
3062.59772969383
3062.59772969383
3062.59772969383
3062.59772969383
3062.59772969383
3062.59772969383
3062.59772969383
3062.59772969383
3062.59772969383
3062.59772969383
3062.59772969383
3062.59772969383
3062.59772969383
3062.59772969383
3062.59772969383
3062.59772969383
3062.59772969383
3062.59772969383
3062.59772969383
3062.59772969383
3062.59772969383
3062.59772969383
3062.59772969383
3062.59772969383
3062.59772969383
3062.59772969383
3062.59772969383
3062.59772969383
3062.59772969383
3062.59772969383
3062.59772969383
3062.59772969383
3062.59772969383
3062.59772969383
3062.59772969383
3062.59772969383
3062.59772969383
3062.59772969383
3062.59772969383
3062.59772969383
3062.59772969383
3062.59772969383
3062.59772969383
3062.59772969383
3062.59772969383
3062.59772969383
3062.59772969383
3062.59772969383
3062.59772969383
3062.59772969383
3062.59772969383
3062.59772969383
3062.59772969383
3062.59772969383
3062.59772969383
3062.59772969383
3062.59772969383
3062.59772969383
3062.59772969383
3062.59772969383
3062.59772969383
3062.59772969383
3062.59772969383
3062.59772969383
3062.59772969383
3062.59772969383
3062.59772969383
3062.59772969383
3062.59772969383
3062.59772969383
3062.59772969383
3062.59772969383
3062.59772969383
3062.59772969383
3062.59772969383
3062.59772969383
3062.59772969383
3062.59772969383
3062.59772969383
3062.59772969383
3065.03968241378
3065.44679884939
3065.44679884939
3065.44679884939
3065.44679884939
3065.44679884939
3065.44679884939
3065.44679884939
3065.44679884939
3065.44679884939
3065.44679884939
3066.35259638206
3066.35259638206
3066.35259638206
3066.35259638206
3066.35259638206
3066.35259638206
3066.35259638206
3066.35259638206
3066.35259638206
3066.35259638206
3066.35259638206
3066.35259638206
3069.02032269764
3069.02032269764
3069.02032269764
3069.02032269764
3069.02032269764
3069.02032269764
3069.02032269764
3069.7851768769
3069.7851768769
3069.7851768769
3069.7851768769
3069.7851768769
3069.7851768769
3070.10223447309
3070.10223447309
3071.08011173768
3071.08011173768
3071.08011173768
3071.08011173768
3071.08011173768
3071.08011173768
3071.08011173768
3071.45779442604
3071.45779442604
3073.60816268448
3073.60816268448
3073.60816268448
3073.60816268448
3073.60816268448
3073.60816268448
3073.60816268448
3073.60816268448
3073.60816268448
3073.60816268448
3073.60816268448
3073.60816268448
3073.60816268448
3073.60816268448
3073.60816268448
3073.60816268448
3073.60816268448
3073.60816268448
3073.68991292633
3074.27509989113
3074.27509989113
3074.27509989113
3074.27509989113
3074.27509989113
3074.27509989113
3074.27509989113
3074.27509989113
3074.27509989113
3074.27509989113
3074.27509989113
3074.27509989113
3074.27509989113
3074.27509989113
3074.27509989113
3074.27509989113
3074.27509989113
3074.27509989113
3074.27509989113
3074.27509989113
3074.27509989113
3074.27509989113
3074.27509989113
3074.27509989113
3074.27509989113
3074.50822571326
3074.50822571326
3074.50822571326
3074.50822571326
3074.50822571326
3074.50822571326
3074.50822571326
3074.50822571326
3077.8402341495
3077.8402341495
3077.8402341495
3077.8402341495
3077.8402341495
3077.8402341495
3077.90748202229
3077.90748202229
3077.90748202229
3077.90748202229
3077.90748202229
3077.90748202229
3077.90748202229
3077.90748202229
3077.90748202229
3077.90748202229
3077.90748202229
3077.90748202229
3077.90748202229
3077.90748202229
3077.90748202229
3077.90748202229
3077.90748202229
3077.90748202229
3077.90748202229
3077.90748202229
3077.90748202229
3077.90748202229
3077.90748202229
3077.90748202229
3077.90748202229
3077.90748202229
3077.90748202229
3077.90748202229
3077.90748202229
3077.90748202229
3077.90748202229
3077.90748202229
3077.90748202229
3077.90748202229
3077.90748202229
3077.90748202229
3077.90748202229
3077.90748202229
3077.90748202229
3077.90748202229
3077.90748202229
3077.90748202229
3077.90748202229
3077.90748202229
3077.90748202229
3077.90748202229
3077.90748202229
3077.90748202229
3077.90748202229
3077.90748202229
3077.90748202229
3077.90748202229
3077.90748202229
3077.90748202229
3077.90748202229
3077.90748202229
3077.90748202229
3077.90748202229
3077.90748202229
3077.90748202229
3078.09096264877
3078.09096264877
3078.09096264877
3078.09096264877
3078.09096264877
3078.09096264877
3078.09096264877
3078.09096264877
3078.09096264877
3078.09096264877
3078.09096264877
3079.03140362178
3079.03140362178
3079.03140362178
3079.03140362178
3079.03140362178
3079.03140362178
3079.03140362178
3079.06584068061
3079.06584068061
3079.06584068061
3079.06584068061
3079.06584068061
3079.06584068061
3079.06584068061
3079.06584068061
3079.06584068061
3079.06584068061
3079.06584068061
3079.06584068061
3079.06584068061
3079.06584068061
3079.06584068061
3079.06584068061
3079.52686425821
3079.52686425821
3079.52686425821
3079.52686425821
3079.52686425821
3079.52686425821
3079.52686425821
3079.52686425821
3079.52686425821
3079.52686425821
3079.52686425821
3081.00439955789
3081.44542480232
3081.44542480232
3081.44542480232
3081.44542480232
3081.44542480232
3081.44542480232
3081.44542480232
3081.44542480232
3081.44542480232
3081.44542480232
3082.06896462558
3082.06896462558
3082.06896462558
3082.06896462558
3082.06896462558
3082.06896462558
3082.06896462558
3082.06896462558
3084.60351525381
3084.60351525381
3084.60351525381
3084.60351525381
3084.60351525381
3084.60351525381
3084.60351525381
3084.60351525381
3084.60351525381
3084.60351525381
3084.60351525381
3084.60351525381
3084.60351525381
3084.60351525381
3084.60351525381
3084.60351525381
3084.60351525381
3084.60351525381
3084.60351525381
3084.60351525381
3084.60351525381
3086.82689984095
3086.82689984095
3086.82689984095
3086.82689984095
3086.82689984095
3086.82689984095
3086.82689984095
3086.82689984095
3086.82689984095
3086.82689984095
3086.82689984095
3086.82689984095
3086.82689984095
3086.82689984095
3086.82689984095
3086.82689984095
3086.82689984095
3086.82689984095
3086.82689984095
3086.82689984095
3086.82689984095
3086.82689984095
3086.82689984095
3086.82689984095
3086.82689984095
3086.82689984095
3086.82689984095
3086.82689984095
3086.82689984095
3086.82689984095
3086.82689984095
3086.82689984095
3086.82689984095
3086.82689984095
3086.82689984095
3086.82689984095
3086.82689984095
3086.82689984095
3086.82689984095
3086.82689984095
3086.82689984095
3086.82689984095
3086.82689984095
3086.82689984095
3086.82689984095
3086.82689984095
3086.82689984095
3086.82689984095
3086.82689984095
3086.82689984095
3089.01470662702
3089.01470662702
3089.01470662702
3089.01470662702
3089.01470662702
3089.01470662702
3089.01470662702
3089.01470662702
3089.01470662702
3089.01470662702
3089.01470662702
3089.01470662702
3089.01470662702
3089.01470662702
3089.01470662702
3089.01470662702
3089.01470662702
3089.01470662702
3089.01470662702
3089.01470662702
3089.01470662702
3089.01470662702
3089.01470662702
3089.01470662702
3089.01470662702
3089.01470662702
3089.01470662702
3089.01470662702
3089.01470662702
3089.01470662702
3089.01470662702
3089.01470662702
3089.01470662702
3089.01470662702
3089.01470662702
3089.01470662702
3089.01470662702
3089.01470662702
3089.01470662702
3089.01470662702
3089.01470662702
3089.01470662702
3089.01470662702
3089.01470662702
3089.01470662702
3089.01470662702
3089.01470662702
3089.01470662702
3089.01470662702
3089.01470662702
3089.01470662702
3089.01470662702
3089.01470662702
3089.01470662702
3089.01470662702
3089.01470662702
3089.01470662702
3089.01470662702
3089.01470662702
3089.01470662702
3089.01470662702
3089.01470662702
3089.01470662702
3089.01470662702
3089.01470662702
3089.01470662702
3089.01470662702
3089.01470662702
3089.01470662702
3089.01470662702
3089.01470662702
3089.01470662702
3089.01470662702
3089.01470662702
3089.01470662702
3089.01470662702
3089.01470662702
3089.01470662702
3089.01470662702
3089.01470662702
3089.01470662702
3089.01470662702
3089.01470662702
3089.01470662702
3089.01470662702
3089.01470662702
3089.01470662702
3093.09315897631
3093.39527256366
3094.63928708356
3094.63928708356
3094.63928708356
3094.63928708356
3094.63928708356
3094.63928708356
3094.63928708356
3094.63928708356
3094.63928708356
3094.63928708356
3094.63928708356
3094.63928708356
3094.63928708356
3094.63928708356
3094.63928708356

