1706.0341116337
1911.78317963444
2027.39130049397
2051.47744328455
2088.49160167735
2116.28048792079
2156.79566223447
2194.94913690065
2202.65829683629
2210.67892451791
2217.19510353858
2230.86857144016
2247.64448862834
2257.52075447549
2274.37447882878
2280.58836810828
2298.66281636818
2318.31972530395
2331.86672657703
2332.39322576177
2332.67744874174
2340.80562814438
2358.03798574742
2367.55065993495
2385.13278332594
2406.28308781347
2409.84178414855
2410.85572322716
2418.56743658225
2420.68126319661
2422.67794709404
2434.40608284389
2435.28379350233
2435.28379350233
2443.89651941436
2445.89240014993
2448.38152254721
2448.38152254721
2450.40771560632
2450.40771560632
2457.13200374895
2460.1693868671
2461.03600851981
2464.91101963859
2471.68088082188
2471.68088082188
2471.68088082188
2473.2587965541
2473.26488706696
2473.26488706696
2473.26488706696
2473.85677257049
2473.85677257049
2475.81654315669
2478.96959603495
2479.97516347093
2481.65373191734
2482.33307440941
2482.33307440941
2482.34591867101
2488.77433141274
2493.21417617989
2493.21417617989
2495.02941545225
2508.20027312059
2511.12213410815
2511.12213410815
2511.12213410815
2511.12213410815
2512.23772789613
2512.41384780475
2513.80111906211
2513.80111906211
2518.26070107233
2523.49618587438
2523.49618587438
2529.06224167298
2529.25484199576
2529.2913689264
2531.21604175364
2532.03492451488
2532.18775680047
2532.18775680047
2533.03270896573
2538.43992943623
2538.43992943623
2538.43992943623
2538.43992943623
2538.43992943623
2543.71359950148
2544.35109389675
2544.35109389675
2544.69520099284
2545.19833265177
2545.19833265177
2545.19833265177
2545.19833265177
2546.21148404291
2546.21148404291
2550.66826580826
2550.66826580826
2550.66826580826
2550.66826580826
2550.66826580826
2550.66826580826
2550.66826580826
2550.66826580826
2553.79819649544
2557.29347106552
2557.29347106552
2565.36411264985
2565.38413653015
2569.12764941977
2570.55633133038
2570.55633133038
2571.70729731477
2574.32382543357
2578.12593394687
2582.29095864916
2582.50686664589
2582.50686664589
2583.20191926423
2583.8765697041
2585.7268315016
2586.99571058369
2586.99571058369
2586.99571058369
2586.99571058369
2586.99571058369
2586.99571058369
2587.0920447083
2588.73664593541
2588.73664593541
2588.73664593541
2588.95291848596
2588.95291848596
2591.3120584776
2591.699055211
2591.699055211
2591.699055211
2591.699055211
2591.699055211
2591.699055211
2591.699055211
2595.47022042144
2601.52317453094
2603.43074061433
2603.43074061433
2604.67446287768
2604.67446287768
2604.67446287768
2604.67446287768
2604.67446287768
2604.67446287768
2607.44633651652
2614.48579908751
2614.48579908751
2614.48579908751
2614.48579908751
2614.48579908751
2614.48579908751
2615.63555311319
2617.52450421028
2617.52450421028
2617.52450421028
2617.52450421028
2627.52426089368
2627.52426089368
2627.52426089368
2627.52426089368
2627.52426089368
2627.52426089368
2627.52426089368
2627.52426089368
2627.52426089368
2627.52426089368
2627.52426089368
2627.52426089368
2627.52426089368
2627.52426089368
2627.52426089368
2627.52426089368
2627.52426089368
2627.52426089368
2627.52426089368
2627.52426089368
2627.52426089368
2627.52426089368
2627.52426089368
2632.47375748607
2633.37675573972
2633.84735019305
2635.02238199729
2635.87680933919
2635.87680933919
2635.87680933919
2635.87680933919
2635.87680933919
2635.87680933919
2635.87680933919
2636.01013168942
2636.96083534018
2636.96083534018
2639.9500424158
2639.9500424158
2639.9500424158
2640.66078533976
2640.75234827106
2641.51078660405
2645.64328564464
2645.64328564464
2645.64328564464
2645.64328564464
2645.64328564464
2645.64328564464
2645.64328564464
2645.64328564464
2645.64328564464
2645.64328564464
2645.64328564464
2645.64328564464
2646.90496051601
2646.90496051601
2646.90496051601
2646.90496051601
2651.1191355429
2651.1191355429
2652.36107265647
2652.73167501764
2652.73167501764
2652.73167501764
2652.73167501764
2652.73167501764
2652.73167501764
2652.73167501764
2652.73167501764
2652.73167501764
2652.73167501764
2652.73167501764
2652.73167501764
2652.73167501764
2658.24800165183
2658.24800165183
2661.9327987556
2661.9327987556
2661.9327987556
2661.9327987556
2663.49795827957
2667.19215990065
2668.1281648649
2668.1281648649
2668.1281648649
2668.1281648649
2668.1281648649
2668.1281648649
2668.1281648649
2668.1281648649
2668.1281648649
2668.1281648649
2668.1281648649
2668.1281648649
2668.1281648649
2672.69510166739
2672.69510166739
2672.69510166739
2672.69510166739
2675.05233098187
2676.4618337721
2679.3381818692
2681.31086775614
2681.31086775614
2681.31086775614
2681.31086775614
2683.83972986726
2683.83972986726
2683.83972986726
2683.83972986726
2683.83972986726
2683.83972986726
2686.48388575237
2686.48388575237
2689.1218442101
2689.26220422962
2689.26220422962
2689.26220422962
2689.26220422962
2689.26220422962
2689.26220422962
2692.14994663688
2692.57957207345
2692.57957207345
2693.64203901618
2693.64203901618
2693.64203901618
2693.64203901618
2693.64203901618
2693.64203901618
2693.64203901618
2693.64203901618
2693.64203901618
2693.64203901618
2693.64203901618
2693.64203901618
2693.71681658403
2694.34811034388
2701.46365190641
2701.46365190641
2701.46365190641
2701.46365190641
2704.14895810383
2704.14895810383
2704.14895810383
2704.14895810383
2704.14895810383
2705.30646774717
2706.4082101661
2706.4082101661
2706.4082101661
2708.22170547395
2710.08223147446
2710.08223147446
2710.08223147446
2716.62739331333
2718.41886015146
2718.41886015146
2718.41886015146
2718.41886015146
2718.41886015146
2718.41886015146
2718.41886015146
2718.41886015146
2718.41886015146
2718.41886015146
2718.41886015146
2718.41886015146
2718.41886015146
2718.41886015146
2718.41886015146
2718.41886015146
2718.41886015146
2718.41886015146
2718.79088160913
2718.79088160913
2718.79088160913
2718.79088160913
2718.79088160913
2718.79088160913
2718.79088160913
2720.14236391098
2722.19818304125
2722.19818304125
2722.19818304125
2722.19818304125
2722.19818304125
2729.43724504752
2729.43724504752
2729.43724504752
2730.22741882795
2733.0318354949
2733.0318354949
2733.0318354949
2734.12719868669
2734.12719868669
2734.12719868669
2734.12719868669
2734.12719868669
2734.12719868669
2734.12719868669
2734.12719868669
2734.12719868669
2734.65025651268
2734.65025651268
2734.65025651268
2734.65025651268
2734.65025651268
2734.65025651268
2734.65025651268
2734.65025651268
2734.65025651268
2734.65025651268
2734.65025651268
2734.65025651268
2734.65025651268
2734.65025651268
2734.65025651268
2734.65025651268
2734.65025651268
2734.65025651268
2734.65025651268
2736.73337927069
2736.73337927069
2736.73337927069
2736.73337927069
2736.73337927069
2736.73337927069
2736.73337927069
2736.73337927069
2736.73337927069
2736.73337927069
2736.73337927069
2736.73337927069
2736.73337927069
2736.73337927069
2736.73337927069
2736.73337927069
2736.73337927069
2736.73337927069
2736.73337927069
2736.73337927069
2736.73337927069
2736.73337927069
2736.73337927069
2736.73337927069
2736.88838836039
2737.88946720152
2737.88946720152
2737.88946720152
2737.88946720152
2737.88946720152
2737.88946720152
2742.0697286382
2742.0697286382
2742.0697286382
2742.0697286382
2742.0697286382
2742.0697286382
2742.15715382907
2745.79950381526
2745.79950381526
2745.79950381526
2745.79950381526
2749.7157739806
2749.7157739806
2749.7157739806
2749.7157739806
2749.7157739806
2749.7157739806
2749.7157739806
2751.06027778155
2751.48062253865
2751.48062253865
2751.48062253865
2751.48062253865
2751.76291486947
2751.76291486947
2751.76291486947
2751.76291486947
2760.82553256931
2763.54069282845
2763.54069282845
2763.54069282845
2763.54069282845
2763.54069282845
2763.54069282845
2763.54069282845
2763.54069282845
2763.54069282845
2763.54069282845
2763.54069282845
2763.96519186347
2763.96519186347
2763.96519186347
2763.96519186347
2763.96519186347
2763.96519186347
2763.96519186347
2763.96519186347
2763.96519186347
2763.96519186347
2763.96519186347
2763.96519186347
2763.96519186347
2763.96519186347
2763.96519186347
2763.96519186347
2763.96519186347
2763.96519186347
2763.96519186347
2763.96519186347
2763.96519186347
2763.96519186347
2763.96519186347
2763.96519186347
2763.96519186347
2763.96519186347
2763.96519186347
2763.96519186347
2763.96519186347
2763.96519186347
2763.96519186347
2763.96519186347
2764.52438286351
2764.52438286351
2764.52438286351
2764.52438286351
2764.52438286351
2767.84151479268
2768.30058085281
2770.01824846519
2770.01824846519
2770.01824846519
2770.01824846519
2770.01824846519
2770.01824846519
2770.01824846519
2770.01824846519
2770.01824846519
2770.01824846519
2770.01824846519
2770.01824846519
2770.01824846519
2770.01824846519
2770.01824846519
2774.77098602126
2774.77098602126
2774.91443666553
2776.73320766099
2776.73320766099
2776.73320766099
2776.73320766099
2776.73320766099
2777.60856194493
2778.80859581428
2778.80859581428
2778.80859581428
2778.80859581428
2778.80859581428
2778.80859581428
2778.80859581428
2778.80859581428
2778.80859581428
2778.80859581428
2778.80859581428
2778.80859581428
2778.80859581428
2778.80859581428
2778.80859581428
2778.80859581428
2778.80859581428
2778.80859581428
2778.80859581428
2778.80859581428
2778.80859581428
2778.80859581428
2778.80859581428
2778.80859581428
2778.80859581428
2778.80859581428
2778.80859581428
2778.80859581428
2778.80859581428
2778.80859581428
2778.80859581428
2778.80859581428
2778.80859581428
2778.80859581428
2778.80859581428
2778.80859581428
2778.80859581428
2778.80859581428
2778.80859581428
2778.80859581428
2778.80859581428
2778.80859581428
2778.80859581428
2778.80859581428
2779.19504497013
2779.19504497013
2779.19504497013
2779.19504497013
2779.19504497013
2779.19504497013
2779.19504497013
2780.02707219412
2780.30630228052
2780.30630228052
2780.30630228052
2780.30630228052
2780.30630228052
2781.50526630895
2781.50526630895
2781.50526630895
2781.50526630895
2781.50526630895
2781.50526630895
2781.50526630895
2781.50526630895
2781.50526630895
2781.50526630895
2781.50526630895
2781.50526630895
2781.50526630895
2781.50526630895
2781.50526630895
2781.50526630895
2781.50526630895
2782.36556888496
2782.39502976143
2782.39502976143
2782.39502976143
2782.39502976143
2782.39502976143
2782.39502976143
2782.39502976143
2782.39502976143
2782.39502976143
2782.39502976143
2782.39502976143
2782.39502976143
2782.39502976143
2782.39502976143
2782.39502976143
2782.39502976143
2782.39502976143
2782.39502976143
2782.39502976143
2782.39502976143
2782.39502976143
2782.39502976143
2782.39502976143
2782.39502976143
2782.39502976143
2782.39502976143
2782.39502976143
2782.39502976143
2783.77544236794
2783.77544236794
2783.77544236794
2783.77544236794
2783.77544236794
2783.77544236794
2785.50791772509
2785.50791772509
2785.50791772509
2785.50791772509
2785.50791772509
2785.50791772509
2785.50791772509
2785.80441633042
2785.80441633042
2785.80441633042
2785.80441633042
2785.80441633042
2785.80441633042
2785.80441633042
2785.80441633042
2785.80441633042
2785.80441633042
2785.80441633042
2785.80441633042
2785.80441633042
2785.80441633042
2785.80441633042
2785.80441633042
2785.80441633042
2785.80441633042
2785.80441633042
2785.80441633042
2785.80441633042
2785.80441633042
2785.80441633042
2785.80441633042
2785.80441633042
2785.80441633042
2785.80441633042
2785.80441633042
2785.80441633042
2785.80441633042
2785.80441633042
2785.80441633042
2785.80441633042
2785.80441633042
2786.43199768038
2786.43199768038
2786.43199768038
2789.85182990204
2789.85182990204
2789.85182990204
2789.85182990204
2789.85182990204
2789.85182990204
2789.85182990204
2789.85182990204
2789.85182990204
2789.85182990204
2789.85182990204
2789.85182990204
2789.85182990204
2789.85182990204
2789.85182990204
2789.85182990204
2790.11236534722
2790.11236534722
2790.11236534722
2790.11236534722
2790.11236534722
2790.11236534722
2790.11236534722
2790.11236534722
2790.11236534722
2790.11236534722
2790.11236534722
2790.11236534722
2790.11236534722
2790.11236534722
2790.11236534722
2790.11236534722
2790.11236534722
2790.11236534722
2790.11236534722
2790.11236534722
2790.11236534722
2791.3661059848
2791.3661059848
2791.3661059848
2791.3661059848
2791.3661059848
2791.3661059848
2791.3661059848
2791.3661059848
2791.3661059848
2791.3661059848
2791.3661059848
2791.3661059848
2791.3661059848
2791.3661059848
2791.3661059848
2791.3661059848
2791.3661059848
2791.3661059848
2791.3661059848
2791.3661059848
2791.3661059848
2791.3661059848
2791.3661059848
2791.3661059848
2791.3661059848
2791.3661059848
2791.3661059848
2791.3661059848
2791.3661059848
2791.3661059848
2791.3661059848
2791.3661059848
2791.3661059848
2791.3661059848
2791.3661059848
2791.7110894838
2791.7110894838
2791.7110894838
2791.7110894838
2791.7110894838
2791.7110894838
2791.7110894838
2791.7110894838
2791.7110894838
2791.7110894838
2791.7110894838
2791.7110894838
2791.7110894838
2791.7110894838
2791.7110894838
2791.7110894838
2791.7110894838
2791.7110894838
2791.7110894838
2791.7110894838
2791.7110894838
2791.7110894838
2791.7110894838
2791.7110894838
2791.7110894838
2791.7110894838
2791.7110894838
2791.7110894838
2791.7110894838
2791.7110894838
2791.7110894838
2791.7110894838
2791.7110894838
2791.7110894838
2793.93225297331
2794.24547144295
2794.24547144295
2794.24547144295
2794.24547144295
2794.24547144295
2794.24547144295
2794.92794867604
2794.92794867604
2794.92794867604
2794.92794867604
2794.92794867604
2794.92794867604
2794.92794867604
2794.92794867604
2794.92794867604
2794.92794867604
2794.92794867604
2794.92794867604
2794.92794867604
2794.92794867604
2794.92794867604
2794.92794867604
2794.92794867604
2794.92794867604
2794.92794867604
2794.92794867604
2794.92794867604
2794.92794867604
2794.92794867604
2794.92794867604
2794.92794867604
2794.92794867604
2794.92794867604
2794.92794867604
2794.92794867604
2794.92794867604
2795.20950636424
2795.20950636424
2795.20950636424
2795.20950636424
2795.20950636424
2795.20950636424
2795.20950636424
2795.20950636424
2795.20950636424
2795.20950636424
2795.20950636424
2795.20950636424
2795.20950636424
2795.20950636424
2795.20950636424
2795.20950636424
2795.20950636424
2795.20950636424
2795.20950636424
2795.20950636424
2795.20950636424
2795.20950636424
2795.20950636424
2795.20950636424
2795.20950636424
2795.20950636424
2795.20950636424
2795.20950636424
2795.20950636424
2795.20950636424
2795.20950636424
2795.20950636424
2795.20950636424
2795.20950636424
2795.20950636424
2795.20950636424
2795.20950636424
2795.20950636424
2795.20950636424
2795.20950636424
2795.20950636424
2795.20950636424
2795.20950636424
2795.20950636424
2795.20950636424
2795.20950636424
2795.20950636424
2795.20950636424
2795.20950636424
2795.20950636424
2795.20950636424
2795.20950636424
2795.20950636424
2795.20950636424
2795.20950636424
2795.20950636424
2795.20950636424
2797.27106028643
2797.28631973259
2797.28631973259
2797.28631973259
2797.28631973259
2797.28631973259
2797.28631973259
2797.28631973259
2797.28631973259
2797.28631973259
2797.28631973259
2797.28631973259
2797.28631973259
2797.28631973259
2797.28631973259
2797.28631973259
2797.28631973259
2797.28631973259
2797.28631973259
2797.28631973259
2797.28631973259
2797.28631973259
2797.28631973259
2797.28631973259
2798.3112017812
2798.7567707554
2798.7567707554
2798.7567707554
2798.7567707554
2798.7567707554
2798.7567707554
2798.7567707554
2798.7567707554
2798.7567707554
2798.7567707554
2798.7567707554
2798.7567707554
2798.7567707554
2798.7567707554
2798.7567707554
2798.7567707554
2798.7567707554
2798.7567707554
2798.7567707554
2799.84977931858
2800.40422152528
2800.40422152528
2800.40422152528
2800.40422152528
2800.40422152528
2800.40422152528
2800.40422152528
2800.40422152528
2800.40422152528
2800.40422152528
2800.40422152528
2800.40422152528
2800.40422152528
2800.40422152528
2800.40422152528
2800.40422152528
2800.40422152528
2800.40422152528
2800.40422152528
2800.40422152528
2800.40422152528
2800.40422152528
2800.40422152528
2800.40422152528
2800.40422152528
2800.40422152528
2800.40422152528
2800.40422152528
2800.40422152528
2800.40422152528
2801.07295136568
2801.07295136568
2801.07295136568
2801.07295136568
2801.07295136568
2801.07295136568
2801.07295136568
2801.07295136568
2801.07295136568
2801.07295136568
2802.4824361491
2802.4824361491
2802.4824361491
2802.4824361491
2802.4824361491
2802.4824361491
2802.4824361491
2802.4824361491
2802.4824361491
2802.4824361491
2802.4824361491
2802.4824361491
2802.4824361491
2802.4824361491
2802.4824361491
2802.4824361491
2802.4824361491
2802.4824361491
2802.4824361491
2802.4824361491
2802.4824361491
2802.4824361491
2802.4824361491
2802.89905833355
2803.67140305449
2803.67140305449
2803.67140305449
2803.67140305449
2803.67140305449
2803.67140305449
2803.67140305449
2803.67140305449
2803.67140305449
2803.67140305449
2803.67140305449
2803.67140305449
2803.67140305449
2803.67140305449
2803.67140305449
2803.67140305449
2803.67140305449
2803.67140305449
2803.67140305449
2803.93672359556
2803.93672359556
2803.93672359556
2803.93672359556
2803.93672359556
2803.93672359556
2803.93672359556
2803.93672359556
2803.93672359556
2803.93672359556
2803.93672359556
2803.93672359556
2803.93672359556
2803.93672359556
2803.93672359556
2803.93672359556
2803.93672359556
2803.93672359556
2803.93672359556
2803.93672359556
2803.93672359556
2803.93672359556
2803.93672359556
2803.93672359556
2803.93672359556
2803.93672359556
2803.93672359556
2803.93672359556
2803.93672359556
2803.93672359556
2803.93672359556
2803.93672359556
2803.93672359556
2803.93672359556
2803.93672359556
2803.93672359556
2803.93672359556
2803.93672359556
2803.93672359556
2803.93672359556
2803.93672359556
2803.93672359556
2803.93672359556
2803.93672359556
2803.93672359556
2803.93672359556
2803.93672359556
2803.93672359556
2803.93672359556
2803.93672359556
2803.93672359556
2803.93672359556
2803.93672359556
2803.93672359556
2803.93672359556
2803.93672359556
2803.93672359556
2803.93672359556
2803.93672359556
2803.93672359556
2803.93672359556
2803.93672359556
2803.93672359556
2803.93672359556
2803.93672359556
2803.93672359556
2803.93672359556
2803.93672359556
2803.93672359556
2803.93672359556
2803.93672359556
2803.93672359556
2803.93672359556
2803.93672359556
2803.93672359556
2803.93672359556
2803.93672359556
2803.93672359556
2803.93672359556
2803.93672359556
2803.93672359556
2803.93672359556
2803.93672359556
2803.93672359556
2803.93672359556
2803.93672359556
2803.93672359556
2803.93672359556
2803.93672359556
2803.93672359556
2804.59068246137
2804.59068246137
2804.59068246137
2804.59068246137
2804.59068246137
2804.59068246137
2804.59068246137
2804.59068246137
2804.59068246137
2804.59068246137
2804.59068246137
2804.59068246137
2804.59068246137
2804.59068246137
2804.59068246137
2804.59068246137
2804.59068246137
2804.59068246137
2804.59068246137
2804.59068246137
2804.59068246137
2804.61557184716
2805.81683936097
2805.81683936097
2805.81683936097
2805.81683936097
2805.81683936097
2805.81683936097
2805.81683936097
2805.81683936097
2805.81683936097
2805.81683936097
2805.81683936097
2805.81683936097
2805.81683936097
2805.81683936097
2805.81683936097
2805.81683936097
2805.81683936097
2805.81683936097
2805.81683936097
2805.81683936097
2805.81683936097
2805.81683936097
2805.81683936097
2805.81683936097
2805.81683936097
2805.81683936097
2805.81683936097
2805.81683936097
2805.81683936097
2805.81683936097
2805.81683936097
2805.81683936097
2805.81683936097
2805.81683936097
2805.81683936097
2805.81683936097
2805.81683936097
2805.81683936097
2805.81683936097
2805.81683936097
2805.81683936097
2805.81683936097
2805.81683936097
2805.81683936097
2805.81683936097
2805.81683936097
2805.81683936097
2805.81683936097
2805.81683936097
2805.81683936097
2805.81683936097
2805.81683936097
2805.81683936097
2805.81683936097
2805.81683936097
2805.81683936097
2805.81683936097
2805.81683936097
2805.81683936097
2806.49554260273
2806.76103686359
2806.76103686359
2806.76103686359
2806.76103686359
2806.76103686359
2806.76103686359
2806.76103686359
2806.76103686359
2806.76103686359
2806.76103686359
2806.76103686359
2806.76103686359
2806.76103686359
2806.76103686359
2806.76103686359
2806.76103686359
2806.76103686359
2806.76103686359
2806.76103686359
2806.76103686359
2806.76103686359
2806.76103686359
2806.76103686359
2806.76103686359
2806.76103686359
2806.76103686359
2806.76103686359
2806.76103686359
2807.50307724107
2807.50307724107
2807.50307724107
2807.50307724107
2807.50307724107
2807.50307724107
2807.50307724107
2807.50307724107
2807.50307724107
2807.50307724107
2807.50307724107
2807.50307724107
2807.50307724107
2807.50307724107
2807.50307724107
2807.50307724107
2807.50307724107
2807.50307724107
2807.50307724107
2807.50307724107
2807.50307724107
2807.50307724107
2807.50307724107
2809.74937223268
2809.74937223268
2809.74937223268
2809.74937223268
2809.74937223268
2809.74937223268
2809.74937223268
2809.74937223268
2809.74937223268
2809.74937223268
2809.74937223268
2809.74937223268
2809.74937223268
2809.74937223268
2809.74937223268
2809.74937223268
2809.74937223268
2809.74937223268
2809.74937223268
2809.74937223268
2809.74937223268
2809.74937223268
2809.74937223268
2809.74937223268
2809.74937223268
2809.74937223268
2809.74937223268
2809.74937223268
2809.74937223268
2809.74937223268
2809.74937223268
2809.74937223268
2810.76017664603
2811.81016021506
2811.81016021506
2811.81016021506
2811.81016021506
2811.81016021506
2811.81016021506
2811.81016021506
2811.81016021506
2811.81016021506
2811.81016021506
2811.81016021506
2811.81016021506
2811.81016021506
2811.81016021506
2811.81016021506
2811.81016021506
2811.81016021506
2811.81016021506
2811.81016021506
2811.81016021506
2811.81016021506
2811.81016021506
2811.81016021506
2811.81016021506
2811.81016021506
2811.81016021506
2811.81016021506
2811.81016021506
2811.81016021506
2811.81016021506
2811.81016021506
2811.81016021506
2811.81016021506
2811.81016021506
2811.81016021506
2811.81016021506
2811.81016021506
2811.81016021506
2811.81016021506
2811.81016021506
2811.81016021506
2811.81016021506
2811.81016021506
2811.81016021506
2811.81016021506
2811.81016021506
2811.81016021506
2811.81016021506
2811.81016021506
2811.81016021506
2811.81016021506
2811.81016021506
2811.81016021506
2811.81016021506
2811.81016021506
2811.81016021506
2811.81016021506
2812.48598076764
2812.48598076764
2812.48598076764
2812.48598076764
2812.48598076764
2814.53177477565
2814.53177477565
2814.53177477565
2814.53177477565
2814.53177477565
2814.53177477565
2814.53177477565
2814.53177477565
2814.53177477565
2817.69567513733
2817.69567513733
2817.69567513733
2817.69567513733
2817.69567513733
2817.69567513733
2817.69567513733
2817.69567513733
2817.69567513733
2817.69567513733
2817.69567513733
2817.69567513733
2817.69567513733
2817.69567513733
2817.69567513733
2817.69567513733
2817.69567513733
2817.69567513733
2817.69567513733
2817.69567513733
2817.69567513733
2817.69567513733
2817.69567513733
2817.69567513733
2817.69567513733
2817.69567513733
2817.69567513733
2817.69567513733
2817.69567513733
2817.69567513733
2817.69567513733
2817.69567513733
2817.69567513733
2817.69567513733
2817.69567513733
2817.69567513733
2817.69567513733
2817.93936571781
2818.55763103852
2818.55763103852
2818.55763103852
2818.55763103852
2818.55763103852
2818.55763103852
2818.55763103852
2818.55763103852
2818.55763103852
2818.55763103852
2818.55763103852
2818.72159142001
2818.72159142001
2818.72159142001
2818.72159142001
2818.72159142001
2818.72159142001
2818.72159142001
2818.72159142001
2818.72159142001
2818.72159142001
2818.72159142001
2820.6270329142
2822.29772714884
2822.29772714884
2822.29772714884
2822.29772714884
2822.29772714884
2822.29772714884
2822.29772714884
2822.29772714884
2822.29772714884
2822.29772714884
2822.29772714884
2825.69548789329
2825.69548789329
2825.69548789329
2825.69548789329
2825.69548789329
2825.69548789329
2825.69548789329
2825.69548789329
2825.69548789329
2825.69548789329
2825.69548789329
2825.69548789329
2825.69548789329
2825.69548789329
2825.69548789329
2825.69548789329
2825.69548789329
2825.69548789329
2825.69548789329
2825.69548789329
2825.69548789329
2825.69548789329
2825.69548789329
2825.69548789329
2825.69548789329
2825.69548789329
2825.69548789329
2825.69548789329
2825.69548789329
2825.69548789329
2825.69548789329
2825.69548789329
2825.69548789329
2825.69548789329
2825.69548789329
2825.69548789329
2825.69548789329
2825.69548789329
2825.69548789329
2825.69548789329
2825.69548789329
2825.69548789329
2825.69548789329
2825.69548789329
2825.69548789329
2825.69548789329
2825.69548789329
2825.69548789329
2825.69548789329
2825.69548789329
2825.69548789329
2825.69548789329
2825.69548789329
2825.69548789329
2825.69548789329
2825.69548789329
2825.96513852259
2825.96513852259
2825.96513852259
2825.96513852259
2825.96513852259
2825.96513852259
2825.96513852259
2825.96513852259
2825.96513852259
2825.96513852259
2825.96513852259
2825.96513852259
2825.96513852259
2825.96513852259
2825.96513852259
2825.96513852259
2825.96513852259
2825.96513852259
2825.96513852259
2825.96513852259
2825.96513852259
2825.96513852259
2825.96513852259
2825.96513852259
2825.96513852259
2825.96513852259
2825.96513852259
2825.96513852259
2825.96513852259
2825.96513852259
2825.96513852259
2825.96513852259
2825.96513852259
2825.96513852259
2825.96513852259
2825.96513852259
2825.96513852259
2825.96513852259
2825.96513852259
2825.96513852259
2825.96513852259
2825.96513852259
2825.96513852259
2825.96513852259
2825.96513852259
2825.96513852259
2825.96513852259
2825.96513852259
2825.96513852259
2825.96513852259
2825.96513852259
2825.96513852259
2825.96513852259
2825.96513852259
2825.96513852259
2825.96513852259
2825.96513852259
2825.96513852259
2825.96513852259
2825.96513852259
2825.96513852259
2825.96513852259
2825.96513852259
2825.96513852259
2825.96513852259
2825.96513852259
2825.96513852259
2825.96513852259
2825.96513852259
2825.96513852259
2825.96513852259
2825.96513852259
2825.96513852259
2825.96513852259
2825.96513852259
2825.96513852259
2825.96513852259
2825.96513852259
2825.96513852259
2825.96513852259
2825.96513852259
2825.96513852259
2825.96513852259
2825.96513852259
2825.96513852259
2825.96513852259
2825.96513852259
2825.96513852259
2825.96513852259
2825.96513852259
2825.96513852259
2828.42701110411
2828.42701110411
2828.42701110411
2828.42701110411
2828.42701110411
2828.42701110411
2828.42701110411
2828.42701110411
2828.42701110411
2828.42701110411
2828.42701110411
2828.42701110411
2828.42701110411
2828.8172653113
2828.8172653113
2828.8172653113
2828.8172653113
2828.8172653113
2828.8172653113
2828.8172653113
2828.8172653113
2828.8172653113
2828.8172653113
2828.8172653113
2828.8172653113
2828.8172653113
2828.8172653113
2828.8172653113
2828.8172653113
2828.8172653113
2828.8172653113
2828.8172653113
2828.8172653113
2828.8172653113
2829.18916736967
2829.18916736967
2829.18916736967
2829.18916736967
2829.18916736967
2829.18916736967
2829.18916736967
2829.18916736967
2829.18916736967
2829.18916736967
2829.18916736967
2829.18916736967
2829.18916736967
2829.18916736967
2829.18916736967
2829.18916736967
2829.18916736967
2829.18916736967
2829.18916736967
2829.18916736967
2829.18916736967
2829.18916736967
2829.18916736967
2829.18916736967
2829.18916736967
2829.18916736967
2829.18916736967
2829.18916736967
2829.18916736967
2829.18916736967
2829.18916736967
2829.18916736967
2829.18916736967
2829.18916736967
2829.18916736967
2829.18916736967
2829.18916736967
2829.18916736967
2829.18916736967
2829.18916736967
2829.18916736967
2829.18916736967
2829.97931738992
2829.97931738992
2829.97931738992
2829.97931738992
2829.97931738992
2829.97931738992
2829.97931738992
2829.97931738992
2829.97931738992
2829.97931738992
2829.97931738992
2829.97931738992
2829.97931738992
2829.97931738992
2829.97931738992
2829.97931738992
2829.97931738992
2829.97931738992
2829.97931738992
2829.97931738992
2829.97931738992
2829.97931738992
2829.97931738992
2829.97931738992
2829.97931738992
2829.97931738992
2829.97931738992
2829.97931738992
2829.97931738992
2829.97931738992
2829.97931738992
2829.97931738992
2829.97931738992
2829.97931738992
2829.97931738992
2829.97931738992
2829.97931738992
2829.97931738992
2829.97931738992
2830.0511622895
2830.0511622895
2830.0511622895
2830.0511622895
2830.7824033118
2830.7824033118
2830.7824033118
2830.7824033118
2830.7824033118
2830.7824033118
2830.7824033118
2830.7824033118
2830.7824033118
2830.7824033118
2830.7824033118
2830.7824033118
2830.7824033118
2830.7824033118
2830.7824033118
2830.7824033118
2830.7824033118
2830.7824033118
2830.7824033118
2830.7824033118
2830.7824033118
2830.7824033118
2830.7824033118
2830.7824033118
2831.60364249396
2832.20713696588
2832.20713696588
2832.20713696588
2832.20713696588
2832.20713696588
2832.20713696588
2832.20713696588
2832.20713696588
2832.20713696588
2832.20713696588
2832.20713696588
2832.29259480056
2832.54224144913
2832.54224144913
2832.54224144913
2832.54224144913
2832.54224144913
2832.54224144913
2832.54224144913
2832.54224144913
2832.54224144913
2832.54224144913
2832.54224144913
2832.54224144913
2832.54224144913
2832.54224144913
2832.54224144913
2832.54224144913
2832.54224144913
2832.54224144913
2832.54224144913
2832.54224144913
2832.54224144913
2832.54224144913
2832.54224144913
2832.54224144913
2832.54224144913
2832.54224144913
2832.54224144913
2832.54224144913
2832.54224144913
2832.54224144913
2832.54224144913
2832.54224144913
2832.54224144913
2832.54224144913
2832.54224144913
2832.54224144913
2832.54224144913
2832.54224144913
2832.54224144913
2832.54224144913
2833.43869168331
2833.43869168331
2833.43869168331
2833.43869168331
2833.43869168331
2833.43869168331
2833.43869168331
2833.43869168331
2833.43869168331
2833.43869168331
2833.43869168331
2833.43869168331
2833.43869168331
2833.43869168331
2833.43869168331
2833.43869168331
2833.43869168331
2833.43869168331
2833.43869168331
2833.43869168331
2833.43869168331
2833.43869168331
2833.43869168331
2833.43869168331
2833.43869168331
2833.43869168331
2833.43869168331
2833.43869168331
2833.43869168331
2833.43869168331
2833.43869168331
2833.43869168331
2833.43869168331
2833.43869168331
2833.43869168331
2833.43869168331
2833.43869168331
2833.43869168331
2833.43869168331
2833.43869168331
2833.73690238302
2833.90242883606
2833.90242883606
2833.90242883606
2833.90242883606
2833.90242883606
2833.90242883606
2833.90242883606
2833.90242883606
2833.90242883606
2833.90242883606
2833.90242883606
2833.90242883606
2833.90242883606
2833.90242883606
2833.90242883606
2833.90242883606
2833.90242883606
2833.90242883606
2833.90242883606
2833.90242883606
2833.90242883606
2833.90242883606
2833.90242883606
2833.90242883606
2833.90242883606
2833.90242883606
2833.90242883606
2833.90242883606
2833.90242883606
2833.90242883606
2833.90242883606
2833.90242883606
2833.90242883606
2836.04598411025
2836.04598411025
2836.04598411025
2836.04598411025
2836.04598411025
2836.04598411025
2836.04598411025
2837.1508788618
2837.1508788618
2837.1508788618
2837.1508788618
2837.1508788618
2837.1508788618
2837.1508788618
2837.1508788618
2837.1508788618
2837.1508788618
2837.1508788618
2837.1508788618
2837.1508788618
2837.1508788618
2837.1508788618
2837.1508788618
2837.1508788618
2837.1508788618
2837.1508788618
2837.1508788618
2837.1508788618
2837.1508788618
2837.1508788618
2837.1508788618
2837.1508788618
2837.1508788618
2837.1508788618
2837.1508788618
2837.1508788618
2837.1508788618
2837.1508788618
2837.1508788618
2837.1508788618
2837.1508788618
2837.1508788618
2837.1508788618
2837.1508788618
2837.1508788618
2837.1508788618
2837.1508788618
2837.1508788618
2837.1508788618
2837.1508788618
2840.91839285626
2841.25333930148
2841.25333930148
2841.25333930148
2841.25333930148
2841.25333930148
2841.25333930148
2841.25333930148
2841.25333930148
2841.25333930148
2841.25333930148
2841.25333930148
2841.25333930148
2841.25333930148
2841.25333930148
2841.25333930148
2841.25333930148
2841.25333930148
2841.25333930148
2841.25333930148
2841.25333930148
2841.25333930148
2841.25333930148
2841.25333930148
2841.25333930148
2841.25333930148
2841.25333930148
2841.25333930148
2841.25333930148
2841.25333930148
2841.25333930148
2841.25333930148
2841.25333930148
2841.25333930148
2841.25333930148
2841.25333930148
2841.25333930148
2841.25333930148
2841.25333930148
2841.25333930148
2841.25333930148
2841.25333930148
2841.25333930148
2841.25333930148
2841.25333930148
2841.25333930148
2841.25333930148
2841.25333930148
2841.25333930148
2841.25333930148
2841.25333930148
2841.25333930148
2841.25333930148
2841.25333930148
2841.25333930148
2841.25333930148
2841.25333930148
2841.25333930148
2841.25333930148
2841.25333930148
2841.25333930148
2841.25333930148
2841.25333930148
2841.25333930148
2841.25333930148
2841.25333930148
2841.25333930148
2841.25333930148
2841.25333930148
2841.25333930148
2841.25333930148
2841.25333930148
2841.25333930148
2841.25333930148
2841.25333930148
2841.62093801037
2841.62093801037
2841.62093801037
2841.62093801037
2841.62093801037
2841.62093801037
2841.62093801037
2841.62093801037
2841.62093801037
2841.62093801037
2841.62093801037
2841.62093801037
2841.62093801037
2841.84020454427
2841.84020454427
2841.84020454427
2841.84020454427
2841.84020454427
2841.84020454427
2841.84020454427
2841.84020454427
2841.84020454427
2841.84020454427
2841.84020454427
2841.84020454427
2841.84020454427
2841.84020454427
2841.84020454427
2841.84020454427
2841.84020454427
2841.84020454427
2841.84020454427
2841.84020454427
2842.34070834641
2843.60762085798
2843.60762085798
2843.60762085798
2843.60762085798
2843.60762085798
2843.60762085798
2843.60762085798
2843.60762085798
2843.60762085798
2843.60762085798
2843.60762085798
2843.60762085798
2843.60762085798
2843.60762085798
2843.60762085798
2843.60762085798
2843.60762085798
2843.60762085798
2843.60762085798
2843.60762085798
2843.60762085798
2843.60762085798
2843.60762085798
2843.60762085798
2843.60762085798
2843.60762085798
2843.60762085798
2843.60762085798
2843.60762085798
2843.60762085798
2843.60762085798
2843.60762085798
2843.60762085798
2843.60762085798
2843.60762085798
2843.60762085798
2843.60762085798
2843.60762085798
2843.60762085798
2843.60762085798
2843.60762085798
2843.60762085798
2843.60762085798
2843.60762085798
2843.60762085798
2843.60762085798
2843.62506092007
2843.62506092007
2843.62506092007
2843.62506092007
2843.62506092007
2843.62506092007
2843.62506092007
2843.62506092007
2843.62506092007
2843.62506092007
2843.62506092007
2843.62506092007
2843.62506092007
2843.62506092007
2843.62506092007
2843.62506092007
2843.62506092007
2843.62506092007
2843.62506092007
2843.62506092007
2843.62506092007
2843.62506092007
2849.14511660323
2850.46870912322
2850.46870912322
2850.46870912322
2850.46870912322
2850.46870912322
2850.46870912322
2850.46870912322
2850.46870912322
2850.46870912322
2850.46870912322
2850.46870912322
2850.46870912322
2850.46870912322
2850.46870912322
2850.46870912322
2850.46870912322
2850.46870912322
2850.46870912322
2850.46870912322
2850.46870912322
2850.46870912322
2850.46870912322
2850.46870912322
2850.46870912322
2850.46870912322
2850.46870912322
2850.46870912322
2850.46870912322
2850.46870912322
2850.46870912322
2850.46870912322
2850.46870912322
2850.46870912322
2850.46870912322
2850.46870912322
2850.46870912322
2850.46870912322
2850.46870912322
2850.46870912322
2850.46870912322
2850.46870912322
2850.46870912322
2850.46870912322
2850.46870912322
2850.46870912322
2850.46870912322
2850.46870912322
2850.46870912322
2850.46870912322
2850.46870912322
2850.46870912322
2850.46870912322
2850.46870912322
2850.46870912322
2850.46870912322
2850.46870912322
2850.46870912322
2850.46870912322
2850.46870912322
2850.46870912322
2850.46870912322
2850.46870912322
2850.46870912322
2850.46870912322
2850.46870912322
2850.46870912322
2850.46870912322
2850.46870912322
2851.44511645968
2851.44511645968
2851.44511645968
2851.44511645968
2851.44511645968
2851.44511645968
2851.44511645968
2851.44511645968
2851.44511645968
2851.44511645968
2851.44511645968
2851.44511645968
2851.44511645968
2851.44511645968
2851.44511645968
2851.49775744082
2853.22333140667
2853.22333140667
2853.22333140667
2853.22333140667
2853.22333140667
2853.22333140667
2853.22333140667
2859.41313765773
2859.41313765773
2859.41313765773
2859.41313765773
2859.41313765773
2859.41313765773
2859.41313765773
2859.41313765773
2859.41313765773
2859.41313765773
2859.41313765773
2859.41313765773
2859.41313765773
2859.41313765773
2859.41313765773
2859.41313765773
2859.41313765773
2859.41313765773
2859.41313765773
2859.41313765773
2859.41313765773
2859.41313765773
2859.41313765773
2859.41313765773
2859.41313765773
2859.41313765773
2859.41313765773
2859.41313765773
2859.41313765773
2859.41313765773
2859.41313765773
2859.41313765773
2859.41313765773
2859.41313765773
2859.41313765773
2859.41313765773
2859.41313765773
2859.41313765773
2859.41313765773
2859.41313765773
2859.41313765773
2859.41313765773
2859.41313765773
2859.41313765773
2859.41313765773
2859.41313765773
2859.41313765773
2859.41313765773
2859.41313765773
2859.41313765773
2859.41313765773
2859.41313765773
2859.41313765773
2859.41313765773
2859.41313765773
2859.41313765773
2859.41313765773
2859.41313765773
2859.41313765773
2859.41313765773
2859.41313765773
2859.41313765773
2859.41313765773
2859.41313765773
2862.50079435746
2862.50079435746
2862.50079435746
2862.50079435746
2862.50079435746
2862.50079435746
2862.50079435746
2862.50079435746
2866.28359652221
2866.40417533446
2866.40417533446
2866.40417533446
2866.40417533446
2866.40417533446
2866.40417533446
2866.40417533446
2867.69104391419
2868.05306439815
2868.05306439815
2868.05306439815
2868.7452206793
2868.7452206793
2869.56005784542
2869.9104733506
2869.9104733506
2869.9104733506
2869.9104733506
2869.9104733506
2869.9104733506
2869.9104733506
2869.9104733506
2869.9104733506
2869.9104733506
2869.9104733506
2869.9104733506
2869.9104733506
2869.9104733506
2869.9104733506
2869.9104733506
2869.9104733506
2869.9104733506
2869.9104733506
2869.9104733506
2869.9104733506
2869.9104733506
2869.9104733506
2869.9104733506
2869.9104733506
2869.9104733506
2869.9104733506
2869.9104733506
2869.9104733506
2869.9104733506
2869.9104733506
2869.9104733506
2869.9104733506
2869.9104733506
2869.9104733506
2869.9104733506
2869.9104733506
2869.9104733506
2869.9104733506
2869.9104733506
2869.9104733506
2869.9104733506
2869.9104733506
2869.9104733506
2869.9104733506
2869.9104733506
2869.9104733506
2869.9104733506
2869.9104733506
2870.6944482784
2870.6944482784
2870.6944482784
2870.6944482784
2870.6944482784
2870.6944482784
2870.6944482784
2870.6944482784
2870.6944482784
2870.6944482784
2870.6944482784
2870.6944482784
2870.6944482784
2870.6944482784
2870.6944482784
2870.6944482784
2870.6944482784
2870.6944482784
2870.6944482784
2870.6944482784
2870.6944482784
2870.6944482784
2870.6944482784
2870.6944482784
2870.6944482784
2870.6944482784
2870.6944482784
2870.6944482784
2870.6944482784
2870.6944482784
2870.6944482784
2870.6944482784
2870.6944482784
2870.6944482784
2870.6944482784
2870.6944482784
2870.6944482784
2870.6944482784
2870.6944482784
2871.18367822006
2871.65767986748
2871.65767986748
2871.65767986748
2871.65767986748
2871.65767986748
2871.65767986748
2871.65767986748
2871.65767986748
2871.65767986748
2871.65767986748
2871.65767986748
2872.2171944834
2872.2171944834
2872.2171944834
2872.69841461846
2872.69841461846
2872.69841461846
2872.69841461846
2872.69841461846
2872.69841461846
2872.69841461846
2872.69841461846
2872.69841461846
2872.69841461846
2872.69841461846
2872.69841461846
2872.69841461846
2872.69841461846
2872.69841461846
2872.69841461846
2872.69841461846
2872.69841461846
2872.69841461846
2872.69841461846
2872.69841461846
2872.69841461846
2872.69841461846
2872.69841461846
2872.69841461846
2872.69841461846
2872.69841461846
2872.69841461846
2872.69841461846
2872.69841461846
2872.69841461846
2872.69841461846
2872.69841461846
2872.69841461846
2872.69841461846
2872.69841461846
2872.69841461846
2872.69841461846
2872.69841461846
2872.69841461846
2872.69841461846
2872.69841461846
2872.69841461846
2872.69841461846
2872.69841461846
2872.69841461846
2872.69841461846
2872.69841461846
2872.69841461846
2872.69841461846
2872.69841461846
2873.36445446271
2873.36445446271
2873.36445446271
2873.36445446271
2873.36445446271
2873.36445446271
2873.36445446271
2873.36445446271
2873.36445446271
2873.36445446271
2873.36445446271
2873.36445446271
2873.36445446271
2873.36445446271
2873.36445446271
2873.36445446271
2873.36445446271
2873.36445446271
2873.36445446271
2873.36445446271
2873.36445446271
2873.36445446271
2873.36445446271
2873.36445446271
2873.36445446271
2873.36445446271
2873.43753619115
2873.43753619115
2873.43753619115
2873.43753619115
2873.43753619115
2873.43753619115
2873.43753619115
2880.08399094159
2880.62369128375
2880.62369128375
2880.62369128375
2880.62369128375
2880.62369128375
2880.62369128375
2880.62369128375
2880.62369128375
2880.62369128375
2880.62369128375
2880.62369128375
2880.62369128375
2880.62369128375
2880.62369128375
2880.62369128375
2880.62369128375
2880.62369128375
2880.62369128375
2880.62369128375
2880.62369128375
2880.62369128375
2880.62369128375
2880.62369128375
2880.62369128375
2880.62369128375
2880.62369128375
2880.62369128375
2880.62369128375
2880.62369128375
2880.62369128375
2880.62369128375
2880.62369128375
2880.62369128375
2880.62369128375
2880.62369128375
2880.62369128375
2880.62369128375
2880.62369128375
2880.62369128375
2880.62369128375
2880.62369128375
2880.62369128375
2880.62369128375
2880.62369128375
2880.62369128375
2880.62369128375
2880.62369128375
2880.62369128375
2880.62369128375
2880.62369128375
2880.62369128375
2880.62369128375
2880.62369128375
2880.62369128375
2880.62369128375
2880.62369128375
2880.62369128375
2880.62369128375
2880.62369128375
2880.62369128375
2880.77831511563
2881.34483741221
2881.34483741221
2881.34483741221
2881.34483741221
2881.34483741221
2881.34483741221
2881.34483741221
2881.34483741221
2881.34483741221
2881.34483741221
2881.34483741221
2881.34483741221
2881.34483741221
2881.34483741221
2881.34483741221
2881.34483741221
2881.34483741221
2881.34483741221
2881.34483741221
2883.62603781421
2883.62603781421
2883.62603781421
2883.62603781421
2883.62603781421
2883.62603781421
2883.62603781421
2883.62603781421
2883.62603781421
2883.62603781421
2883.62603781421
2883.62603781421
2883.62603781421
2883.62603781421
2883.62603781421
2883.62603781421
2883.62603781421
2883.62603781421
2883.62603781421
2883.62603781421
2883.62603781421
2883.62603781421
2883.62603781421
2883.62603781421
2883.62603781421
2883.62603781421
2883.62603781421
2883.62603781421
2883.62603781421
2883.62603781421
2883.62603781421
2883.62603781421
2883.62603781421
2883.62603781421
2883.62603781421
2883.62603781421
2883.62603781421
2883.62603781421
2883.62603781421
2883.62603781421
2883.62603781421
2883.62603781421
2883.62603781421
2883.62603781421
2883.62603781421
2883.62603781421
2883.62603781421
2883.62603781421
2883.62603781421
2883.62603781421
2883.62603781421
2883.62603781421
2883.62603781421
2883.62603781421
2883.62603781421
2883.62603781421
2883.62603781421
2883.62603781421
2883.62603781421
2883.62603781421
2883.62603781421
2884.11392567844
2884.11600122454
2884.40041431479
2884.40041431479
2884.40041431479
2884.40041431479
2884.40041431479
2884.40041431479
2884.40041431479
2884.40041431479
2884.40041431479
2884.40041431479
2884.40041431479
2884.40041431479
2884.40041431479
2884.40041431479
2884.40041431479
2884.40041431479
2884.40041431479
2884.40041431479
2884.40041431479
2884.40041431479
2884.40041431479
2884.40041431479
2884.40041431479
2884.40041431479
2884.40041431479
2884.40041431479
2884.40041431479
2884.40041431479
2884.40041431479
2884.40041431479
2884.40041431479
2884.40041431479
2884.40041431479
2884.40041431479
2884.40041431479
2884.40041431479
2884.40041431479
2884.40041431479
2884.40041431479
2884.40041431479
2884.40041431479
2884.40041431479
2884.40041431479
2884.40041431479
2884.40041431479
2884.40041431479
2884.40041431479
2884.40041431479
2884.40041431479
2884.40041431479
2884.40041431479
2884.40041431479
2884.40041431479
2884.40041431479
2884.40041431479
2884.40041431479
2884.40041431479
2884.40041431479
2884.40041431479
2884.40041431479
2884.40041431479
2884.40041431479
2884.40041431479
2884.40041431479
2884.40041431479
2884.40041431479
2884.40041431479
2884.40041431479
2884.40041431479
2884.40041431479
2884.40041431479
2884.40041431479
2884.40041431479
2884.60215412451
2884.60215412451
2884.60215412451
2884.60215412451
2884.60215412451
2884.60215412451
2884.60215412451
2884.60215412451
2884.60215412451
2884.60215412451
2884.60215412451
2884.60215412451
2884.60215412451
2884.60215412451
2884.60215412451
2884.60215412451
2884.60215412451
2884.60215412451
2884.60215412451
2884.60215412451
2884.60215412451
2884.60215412451
2884.60215412451
2884.60215412451
2884.60215412451
2884.60215412451
2884.60215412451
2884.60215412451
2884.60215412451
2884.60215412451
2884.60215412451
2884.60215412451
2884.60215412451
2884.60215412451
2884.60215412451
2884.60215412451
2884.60215412451
2884.60215412451
2884.60215412451
2884.60215412451
2884.60215412451
2884.60215412451
2884.60215412451
2884.60215412451
2884.60215412451
2884.60215412451
2884.60215412451
2884.60215412451
2884.60215412451
2884.60215412451
2884.60215412451
2884.60215412451
2884.60215412451
2884.60215412451
2884.60215412451
2884.60215412451
2884.60215412451
2884.60215412451
2884.60215412451
2884.60215412451
2884.60215412451
2884.60215412451
2884.60215412451
2884.60215412451
2884.60215412451
2884.60215412451
2884.60215412451
2884.60215412451
2884.60215412451
2884.60215412451
2884.60215412451
2884.60215412451
2884.60215412451
2884.60215412451
2884.60215412451
2884.60215412451
2884.60215412451
2884.60215412451
2884.60215412451
2884.60215412451
2884.60215412451
2885.90608126374
2886.08298988433
2886.08298988433
2886.08298988433
2886.08298988433
2886.08298988433
2886.08298988433
2886.08298988433
2886.08298988433
2886.08298988433
2886.08298988433
2886.08298988433
2886.08298988433
2886.08298988433
2886.08298988433
2886.08298988433
2886.08298988433
2886.08298988433
2886.08298988433
2886.08298988433
2886.08298988433
2886.08298988433
2886.08298988433
2886.08298988433
2886.08298988433
2886.08298988433
2886.08298988433
2886.08298988433
2886.08298988433
2886.08298988433
2886.08298988433
2886.08298988433
2886.08298988433
2886.08298988433
2886.08298988433
2886.08298988433
2886.08298988433
2886.08298988433
2886.08298988433
2886.08298988433
2886.08298988433
2886.08298988433
2886.08298988433
2886.08298988433
2886.08298988433
2886.08298988433
2886.08298988433
2886.08298988433
2886.08298988433
2886.08298988433
2886.08298988433
2886.08298988433
2886.08298988433
2886.08298988433
2886.08298988433
2886.08298988433
2886.08298988433
2886.08298988433
2886.08298988433
2886.08298988433
2886.08298988433
2886.08298988433
2886.08298988433
2886.08298988433
2889.03339083161
2889.03339083161
2889.03339083161
2889.03339083161
2889.03339083161
2889.03339083161
2889.03339083161
2889.03339083161
2889.03339083161
2889.03339083161
2889.03339083161
2889.03339083161
2889.03339083161
2889.03339083161
2889.03339083161
2889.03339083161
2889.03339083161
2889.03339083161
2889.03339083161
2889.03339083161
2889.03339083161
2889.03339083161
2889.03339083161
2889.03339083161
2889.03339083161
2889.03339083161
2889.03339083161
2889.03339083161
2889.05746266275
2889.05746266275
2889.05746266275
2889.05746266275
2889.05746266275
2889.05746266275
2889.05746266275
2889.05746266275
2889.05746266275
2889.05746266275
2889.05746266275
2889.05746266275
2889.05746266275
2889.05746266275
2889.05746266275
2889.05746266275
2889.05746266275
2889.05746266275
2889.05746266275
2889.05746266275
2889.05746266275
2889.05746266275
2889.05746266275
2889.05746266275
2889.35115197105
2889.35115197105
2889.35115197105
2889.35115197105
2889.35115197105
2889.35115197105
2889.35115197105
2889.35115197105
2889.35115197105
2889.35115197105
2889.35115197105
2889.35115197105
2889.35115197105
2889.35115197105
2889.35115197105
2889.35115197105
2889.35115197105
2889.35115197105
2889.35115197105
2889.35115197105
2889.35115197105
2889.35115197105
2889.35115197105
2890.54696731163
2890.54696731163
2890.54696731163
2890.54696731163
2890.54696731163
2890.54696731163
2890.54696731163
2890.54696731163
2890.54696731163
2890.54696731163
2890.54696731163
2890.54696731163
2890.54696731163
2890.54696731163
2890.54696731163
2890.54696731163
2890.54696731163
2890.54696731163
2890.54696731163
2890.54696731163
2890.54696731163
2890.54696731163
2890.54696731163
2890.54696731163
2890.54696731163
2890.54696731163
2890.54696731163
2890.54696731163
2890.54696731163
2890.54696731163
2890.54696731163
2890.54696731163
2890.54696731163
2890.54696731163
2890.54696731163
2890.54696731163
2890.54696731163
2890.54696731163
2890.54696731163
2890.54696731163
2890.54696731163
2890.54696731163
2890.54696731163
2890.54696731163
2890.54696731163
2890.54696731163
2890.54696731163
2890.54696731163
2890.54696731163
2890.54696731163
2890.54696731163
2890.54696731163
2890.54696731163
2890.54696731163
2890.54696731163
2890.54696731163
2890.54696731163
2890.54696731163
2890.54696731163
2890.54696731163
2890.54696731163
2890.54696731163
2890.54696731163
2890.54696731163
2890.54696731163
2890.54696731163
2890.54696731163
2890.54696731163
2890.54696731163
2890.54696731163
2890.54696731163
2890.54696731163
2890.54696731163
2890.54696731163
2890.54696731163
2890.54696731163
2890.54696731163
2890.54696731163
2890.54696731163
2890.54696731163
2890.54696731163
2890.54696731163
2890.54696731163
2890.54696731163
2890.54696731163
2890.54696731163
2890.54696731163
2890.54696731163
2890.54696731163
2890.54696731163
2890.54696731163
2890.54696731163
2890.54696731163
2890.54696731163
2890.54696731163
2890.54696731163
2890.54696731163
2890.54696731163
2890.54696731163
2890.54696731163
2890.54696731163
2890.54696731163
2890.54696731163
2890.54696731163
2890.54696731163
2890.54696731163
2890.54696731163
2890.54696731163
2890.54696731163
2890.54696731163
2890.54696731163
2890.54696731163
2890.54696731163
2890.54696731163
2890.54696731163
2890.54696731163
2890.54696731163
2890.54696731163
2890.54696731163
2890.54696731163
2890.54696731163
2890.54696731163
2890.54696731163
2890.54696731163
2890.54696731163
2890.54696731163
2890.54696731163
2890.88267092779
2890.88267092779
2890.88267092779
2890.88267092779
2890.88267092779
2890.88267092779
2890.88267092779
2890.88267092779
2890.88267092779
2890.88267092779
2890.88267092779
2890.88267092779
2890.88267092779
2890.88267092779
2890.88267092779
2890.88267092779
2890.88267092779
2890.88267092779
2890.88267092779
2890.88267092779
2890.88267092779
2890.88267092779
2890.88267092779
2890.88267092779
2890.88267092779
2890.88267092779
2890.88267092779
2890.88267092779
2890.88267092779
2890.88267092779
2890.88267092779
2890.88267092779
2890.88267092779
2890.88267092779
2890.88267092779
2890.88267092779
2890.88267092779
2890.88267092779
2890.88267092779
2890.88267092779
2890.88267092779
2890.88267092779
2890.88267092779
2890.88267092779
2890.88267092779
2890.88267092779
2890.88267092779
2890.88267092779
2890.88267092779
2890.88267092779
2890.88267092779
2890.88267092779
2890.88267092779
2890.88267092779
2890.88267092779
2890.88267092779
2890.88267092779
2890.88267092779
2890.88267092779
2890.88267092779
2890.88267092779
2890.88267092779
2890.88267092779
2890.88267092779
2890.88267092779
2890.88267092779
2890.88267092779
2890.88267092779
2890.88267092779
2890.88267092779
2890.88267092779
2890.88267092779
2890.88267092779
2890.88267092779
2890.88267092779
2890.88267092779
2890.88267092779
2890.88267092779
2890.88267092779
2890.88267092779
2890.88267092779
2890.88267092779
2890.88267092779
2890.88267092779
2890.88267092779
2891.2504624205
2891.2504624205
2891.2504624205
2891.2504624205
2891.2504624205
2891.2504624205
2891.2504624205
2895.05620380196
2895.05620380196
2895.05620380196
2895.05620380196
2895.05620380196
2895.05620380196
2895.05620380196
2895.05620380196
2895.05620380196
2895.05620380196
2895.05620380196
2895.05620380196
2895.05620380196
2895.05620380196
2895.05620380196
2895.05620380196
2895.05620380196
2895.05620380196
2895.05620380196
2895.05620380196
2895.05620380196
2895.05620380196
2895.05620380196
2895.05620380196
2895.05620380196
2895.05620380196
2895.05620380196
2895.05620380196
2895.05620380196
2895.05620380196
2895.05620380196
2895.05620380196
2895.05620380196
2895.05620380196
2895.05620380196
2895.05620380196
2895.05620380196
2895.05620380196
2895.05620380196
2897.37501092329
2897.37501092329
2897.37501092329
2897.37501092329
2899.91642555558
2899.91642555558
2899.91642555558
2899.91642555558
2899.91642555558
2899.91642555558
2899.91642555558
2899.91642555558
2899.91642555558
2899.91642555558
2899.91642555558
2899.91642555558
2899.91642555558
2899.91642555558
2900.1218948604
2900.27745510542
2900.27745510542
2900.27745510542
2900.27745510542
2900.27745510542
2900.27745510542
2900.27745510542
2900.27745510542
2900.27745510542
2900.27745510542
2900.27745510542
2900.27745510542
2900.27745510542
2900.27745510542
2900.27745510542
2900.27745510542
2900.27745510542
2900.27745510542
2900.27745510542
2900.27745510542
2900.27745510542
2900.27745510542
2900.27745510542
2900.27745510542
2900.27745510542
2900.27745510542
2900.27745510542
2900.27745510542
2900.27745510542
2900.27745510542
2900.27745510542
2900.27745510542
2900.27745510542
2900.27745510542
2900.27745510542
2900.27745510542
2900.27745510542
2900.27745510542
2900.27745510542
2900.27745510542
2900.27745510542
2900.27745510542
2900.27745510542
2900.27745510542
2900.27745510542
2900.27745510542
2900.27745510542
2900.27745510542
2900.27745510542
2900.27745510542
2900.27745510542
2900.27745510542
2900.27745510542
2900.27745510542
2900.27745510542
2900.27745510542
2900.27745510542
2900.27745510542
2900.27745510542
2900.27745510542
2900.27745510542
2900.27745510542
2900.27745510542
2900.27745510542
2900.27745510542
2900.27745510542
2900.27745510542
2900.27745510542
2900.27745510542
2900.27745510542
2900.27745510542
2900.27745510542
2900.27745510542
2900.27745510542
2900.27745510542
2900.27745510542
2900.27745510542
2900.27745510542
2900.27745510542
2900.27745510542
2900.27745510542
2900.29846811041
2900.29846811041
2900.29846811041
2900.29846811041
2900.29846811041
2900.29846811041
2900.29846811041
2900.29846811041
2900.29846811041
2900.29846811041
2900.29846811041
2900.29846811041
2900.29846811041
2900.29846811041
2900.29846811041
2900.29846811041
2900.29846811041
2900.29846811041
2900.29846811041
2900.29846811041
2900.29846811041
2900.29846811041
2900.29846811041
2900.29846811041
2900.29846811041
2900.29846811041
2900.29846811041
2900.29846811041
2900.29846811041
2900.29846811041
2900.29846811041
2900.29846811041
2900.29846811041
2900.29846811041
2900.29846811041
2900.29846811041
2900.29846811041
2900.29846811041
2900.29846811041
2901.99091105738
2901.99091105738
2901.99091105738
2901.99091105738
2901.99091105738
2901.99091105738
2901.99091105738
2901.99091105738
2901.99091105738
2901.99091105738
2901.99091105738
2901.99091105738
2901.99091105738
2901.99091105738
2901.99091105738
2901.99091105738
2901.99091105738
2901.99091105738
2901.99091105738
2901.99091105738
2901.99091105738
2901.99091105738
2901.99091105738
2901.99091105738
2901.99091105738
2901.99091105738
2901.99091105738
2901.99091105738
2901.99091105738
2901.99091105738
2901.99091105738
2901.99091105738
2901.99091105738
2901.99091105738
2901.99091105738
2901.99091105738
2910.53105950659
2910.53105950659
2910.53105950659
2910.53105950659
2910.53105950659
2910.53105950659
2910.53105950659
2910.53105950659
2910.53105950659
2910.53105950659
2910.53105950659
2910.53105950659
2910.53105950659
2910.53105950659
2910.53105950659
2910.53105950659
2910.53105950659
2910.53105950659
2910.53105950659
2910.53105950659
2910.53105950659
2910.53105950659
2910.53105950659
2910.53105950659
2910.53105950659
2910.53105950659
2910.53105950659
2910.53105950659
2913.37855905962
2913.45800856605
2913.45800856605
2913.45800856605
2913.45800856605
2913.45800856605
2913.45800856605
2913.45800856605
2913.45800856605
2916.88587702738
2917.69088815753
2917.69088815753
2917.69088815753
2917.69088815753
2917.69088815753
2917.69088815753
2917.69088815753
2917.69088815753
2917.69088815753
2917.69088815753
2917.69088815753
2917.69088815753
2917.69088815753
2917.69088815753
2917.69088815753
2917.69088815753
2917.69088815753
2917.69088815753
2917.69088815753
2917.69088815753
2917.69088815753
2917.69088815753
2917.69088815753
2917.69088815753
2917.69088815753
2917.69088815753
2917.69088815753
2917.69088815753
2917.69088815753
2918.1435483977
2918.1435483977
2918.1435483977
2918.1435483977
2918.1435483977
2918.1435483977
2918.1435483977
2918.1435483977
2920.32785246935
2920.32785246935
2920.32785246935
2920.32785246935
2920.32785246935
2920.32785246935
2920.32785246935
2920.32785246935
2920.32785246935
2920.32785246935
2920.32785246935
2920.32785246935
2920.32785246935
2920.32785246935
2920.32785246935
2920.32785246935
2920.32785246935
2920.32785246935
2920.32785246935
2920.32785246935
2920.32785246935
2920.32785246935
2920.32785246935
2920.32785246935
2920.32785246935
2920.32785246935
2920.32785246935
2920.32785246935
2920.32785246935
2920.32785246935
2920.32785246935
2920.4828936202
2920.4828936202
2920.4828936202
2920.4828936202
2920.4828936202
2920.4828936202
2920.4828936202
2920.4828936202
2920.4828936202
2920.4828936202
2920.4828936202
2920.4828936202
2920.4828936202
2920.4828936202
2920.4828936202
2920.4828936202
2920.4828936202
2920.4828936202
2920.4828936202
2920.4828936202
2920.4828936202
2920.4828936202
2920.4828936202
2920.4828936202
2920.4828936202
2920.4828936202
2920.4828936202
2920.4828936202
2920.4828936202
2920.4828936202
2920.4828936202
2920.4828936202
2920.4828936202
2920.4828936202
2920.4828936202
2920.4828936202
2920.4828936202
2920.4828936202
2920.4828936202
2920.4828936202
2920.4828936202
2920.4828936202
2920.4828936202
2920.4828936202
2920.4828936202
2920.4828936202
2920.4828936202
2920.4828936202
2920.4828936202
2920.4828936202
2920.4828936202
2920.4828936202
2920.4828936202
2920.4828936202
2920.4828936202
2920.4828936202
2920.4828936202
2920.4828936202
2920.4828936202
2920.4828936202
2920.4828936202
2920.4828936202
2920.4828936202
2920.4828936202
2920.4828936202
2920.4828936202
2920.4828936202
2920.4828936202
2920.4828936202
2920.4828936202
2920.4828936202
2920.4828936202
2920.4828936202
2920.4828936202
2920.4828936202
2920.4828936202
2920.4828936202
2920.4828936202
2920.4828936202
2920.4828936202
2920.4828936202
2920.4828936202
2920.4828936202
2920.4828936202
2920.4828936202
2920.4828936202
2920.4828936202
2920.4828936202
2920.4828936202
2920.4828936202
2920.4828936202
2920.4828936202
2920.4828936202
2920.4828936202
2920.4828936202
2920.4828936202
2920.4828936202
2920.4828936202
2920.4828936202
2920.4828936202
2920.4828936202
2920.4828936202
2920.4828936202
2920.4828936202
2920.4828936202
2920.4828936202
2920.4828936202
2920.4828936202
2920.4828936202
2920.4828936202
2920.4828936202
2920.4828936202
2920.4828936202
2920.4828936202
2920.4828936202
2920.4828936202
2920.4828936202
2920.4828936202
2920.4828936202
2920.4828936202
2920.4828936202
2920.4828936202
2920.4828936202
2920.4828936202
2920.4828936202
2920.4828936202
2920.4828936202
2920.4828936202
2920.4828936202
2920.4828936202
2920.4828936202
2920.4828936202
2920.4828936202
2920.4828936202
2920.4828936202
2920.4828936202
2920.4828936202
2920.4828936202
2920.4828936202
2920.4828936202
2920.4828936202
2920.4828936202
2920.4828936202
2920.4828936202
2920.4828936202
2920.4828936202
2920.4828936202
2920.4828936202
2921.91301279039
2922.26309861518
2922.26309861518
2922.26309861518
2922.26309861518
2922.26309861518
2922.26309861518
2922.26309861518
2922.26309861518
2922.26309861518
2922.26309861518
2922.26309861518
2922.26309861518
2922.26309861518
2922.26309861518
2922.26309861518
2922.26309861518
2922.26309861518
2922.26309861518
2922.26309861518
2922.26309861518
2924.61063355176
2924.81778267341
2924.81778267341
2924.81778267341
2924.81778267341
2924.81778267341
2924.81778267341
2924.81778267341
2924.81778267341
2924.81778267341
2924.81778267341
2924.81778267341
2924.81778267341
2924.81778267341
2924.81778267341
2924.81778267341
2924.81778267341
2924.81778267341
2924.81778267341
2924.81778267341
2924.81778267341
2924.81778267341
2927.57340761518
2927.80275797012
2927.80275797012
2927.80275797012
2927.80275797012
2927.80275797012
2927.80275797012
2927.80275797012
2927.80275797012
2927.80275797012
2927.80275797012
2927.80275797012
2927.80275797012
2927.80275797012
2927.80275797012
2927.80275797012
2927.80275797012
2927.80275797012
2927.80275797012
2927.80275797012
2927.80275797012
2927.80275797012
2927.80275797012
2927.80275797012
2927.8676277464
2928.0931772992
2928.0931772992
2928.0931772992
2928.0931772992
2928.0931772992
2928.0931772992
2928.0931772992
2928.0931772992
2928.0931772992
2928.0931772992
2928.0931772992
2928.0931772992
2928.0931772992
2928.0931772992
2928.0931772992
2928.0931772992
2928.0931772992
2928.0931772992
2928.0931772992
2928.0931772992
2928.0931772992
2928.0931772992
2928.0931772992
2928.0931772992
2928.0931772992
2928.0931772992
2928.0931772992
2928.0931772992
2928.0931772992
2928.0931772992
2928.0931772992
2928.0931772992
2928.0931772992
2928.0931772992
2928.0931772992
2928.0931772992
2928.0931772992
2928.0931772992
2928.0931772992
2928.0931772992
2928.0931772992
2928.0931772992
2928.0931772992
2928.0931772992
2928.0931772992
2928.0931772992
2928.0931772992
2928.0931772992
2928.0931772992
2928.0931772992
2928.0931772992
2928.0931772992
2928.0931772992
2928.0931772992
2928.0931772992
2928.0931772992
2928.0931772992
2928.0931772992
2928.0931772992
2928.0931772992
2928.0931772992
2928.0931772992
2928.0931772992
2928.0931772992
2928.0931772992
2928.0931772992
2928.0931772992
2928.0931772992
2928.0931772992
2928.0931772992
2928.0931772992
2928.0931772992
2928.0931772992
2928.0931772992
2929.46971454773
2929.52708006139
2929.52708006139
2929.52708006139
2929.52708006139
2929.52708006139
2929.52708006139
2929.52708006139
2929.52708006139
2929.52708006139
2929.52708006139
2929.52708006139
2929.52708006139
2929.52708006139
2929.52708006139
2929.52708006139
2929.52708006139
2929.52708006139
2929.52708006139
2929.52708006139
2929.52708006139
2929.52708006139
2929.52708006139
2929.52708006139
2929.52708006139
2929.52708006139
2929.52708006139
2929.52708006139
2929.52708006139
2929.52708006139
2929.99966796206
2929.99966796206
2929.99966796206
2929.99966796206
2929.99966796206
2929.99966796206
2929.99966796206
2929.99966796206
2929.99966796206
2929.99966796206
2929.99966796206
2929.99966796206
2929.99966796206
2929.99966796206
2929.99966796206
2929.99966796206
2929.99966796206
2929.99966796206
2929.99966796206
2929.99966796206
2929.99966796206
2929.99966796206
2929.99966796206
2929.99966796206
2929.99966796206
2929.99966796206
2929.99966796206
2929.99966796206
2929.99966796206
2929.99966796206
2929.99966796206
2929.99966796206
2929.99966796206
2929.99966796206
2929.99966796206
2929.99966796206
2929.99966796206
2929.99966796206
2929.99966796206
2929.99966796206
2929.99966796206
2929.99966796206
2929.99966796206
2929.99966796206
2929.99966796206
2929.99966796206
2929.99966796206
2929.99966796206
2929.99966796206
2929.99966796206
2929.99966796206
2929.99966796206
2929.99966796206
2929.99966796206
2929.99966796206
2929.99966796206
2929.99966796206
2929.99966796206
2930.87471302015
2931.49862966201
2931.49862966201
2931.49862966201
2931.49862966201
2931.49862966201
2931.49862966201
2931.49862966201
2931.49862966201
2931.49862966201
2931.49862966201
2931.49862966201
2931.49862966201
2931.49862966201
2931.49862966201
2931.49862966201
2931.49862966201
2931.49862966201
2931.49862966201
2931.49862966201
2931.49862966201
2931.49862966201
2931.49862966201
2931.49862966201
2931.49862966201
2931.49862966201
2931.49862966201
2931.49862966201
2931.49862966201
2931.49862966201
2931.49862966201
2931.49862966201
2931.49862966201
2931.49862966201
2931.49862966201
2931.49862966201
2931.49862966201
2931.49862966201
2931.49862966201
2931.49862966201
2931.49862966201
2931.49862966201
2931.49862966201
2931.49862966201
2931.49862966201
2931.49862966201
2931.49862966201
2931.49862966201
2931.49862966201
2931.49862966201
2931.49862966201
2931.49862966201
2931.49862966201
2932.63111498707
2932.63111498707
2932.63111498707
2932.63111498707
2932.63111498707
2932.63111498707
2932.63111498707
2932.63111498707
2932.63111498707
2932.63111498707
2932.63111498707
2932.63111498707
2932.63111498707
2932.63111498707
2932.63111498707
2932.63111498707
2932.63111498707
2932.63111498707
2932.63111498707
2932.63111498707
2932.63111498707
2932.63111498707
2932.63111498707
2932.63111498707
2932.63111498707
2932.63111498707
2932.63111498707
2932.63111498707
2932.63111498707
2932.63111498707
2932.63111498707
2932.63111498707
2932.63111498707
2932.63111498707
2932.63111498707
2932.63111498707
2932.63111498707
2932.63111498707
2932.63111498707
2932.63111498707
2932.63111498707
2932.63111498707
2932.63111498707
2932.63111498707
2932.63111498707
2932.63111498707
2932.63111498707
2932.63111498707
2932.63111498707
2932.63111498707
2932.63111498707
2932.63111498707
2932.63111498707
2932.63111498707
2932.63111498707
2932.63111498707
2932.63111498707
2932.63111498707
2932.63111498707
2932.63111498707
2932.63111498707
2932.63111498707
2932.63111498707
2932.63111498707
2932.63111498707
2932.63111498707
2932.63111498707
2932.63111498707
2932.63111498707
2932.63111498707
2932.63111498707
2932.63111498707
2932.63111498707
2932.63111498707
2932.63111498707
2932.63111498707
2932.63111498707
2932.63111498707
2932.63111498707
2932.63111498707
2932.63111498707
2932.63111498707
2932.63111498707
2932.63111498707
2932.63111498707
2932.63111498707
2932.63111498707
2932.63111498707
2932.63111498707
2932.63111498707
2932.63111498707
2932.63111498707
2932.63111498707
2932.63111498707
2932.63111498707
2932.63111498707
2932.63111498707
2932.63111498707
2932.63111498707
2932.63111498707
2932.63111498707
2932.63111498707
2932.63111498707
2932.63111498707
2932.63111498707
2932.63111498707
2932.63111498707
2932.63111498707
2932.63111498707
2932.63111498707
2932.63111498707
2932.63111498707
2932.63111498707
2932.63111498707
2932.63111498707
2932.63111498707
2932.63111498707
2932.63111498707
2932.63111498707
2932.63111498707
2932.63111498707
2932.63111498707
2932.63111498707
2932.63111498707
2932.63111498707
2932.63111498707
2932.63111498707
2932.63111498707
2932.63111498707
2932.63111498707
2932.63111498707
2932.63111498707
2932.63111498707
2932.63111498707
2932.63111498707
2932.63111498707
2932.63111498707
2932.63111498707
2932.63111498707
2932.63111498707
2932.63111498707
2932.63111498707
2932.63111498707
2932.63111498707
2932.63111498707
2932.63111498707
2932.63111498707
2932.63111498707
2932.63111498707
2932.63111498707
2932.63111498707
2932.63111498707
2932.63111498707
2932.63111498707
2932.63111498707
2932.63111498707
2932.63111498707
2932.63111498707
2932.63111498707
2932.63111498707
2932.63111498707
2932.63111498707
2932.63111498707
2932.63111498707
2932.63111498707
2932.63111498707
2932.63111498707
2932.63111498707
2932.63111498707
2932.63111498707
2932.63111498707
2932.63111498707
2932.63111498707
2932.63111498707
2932.63111498707
2932.63111498707
2932.63111498707
2932.63111498707
2932.63111498707
2932.63111498707
2932.63111498707

