4091.15345752703
4399.00770215731
4492.7679373242
4589.26065336907
4623.29710349719
4642.36739203
4650.03084775067
4682.0955142301
4693.02079485234
4720.41739089041
4740.49956861827
4774.04651612407
4786.09124982639
4806.7635854902
4821.1678641416
4830.37802220049
4833.1884892775
4837.47189813115
4851.76264975584
4869.45316664881
4869.7438889604
4881.3601332524
4887.04639651039
4893.97980907186
4899.31222559682
4901.99198218621
4909.96123848782
4912.09665550514
4920.58091357441
4934.63137271367
4942.50877439956
4942.55122525087
4948.80722665693
4955.71667934871
4960.33897848062
4960.33897848062
4968.64995177353
4972.18886699089
4978.28389607048
4980.49386339173
4981.38198545623
4983.24882608685
4985.45380633288
4989.34369666409
4995.22419395661
4995.22419395661
4995.22419395661
4995.22419395661
4996.55790316686
5002.03631357712
5016.60633381724
5017.23120435136
5017.23120435136
5018.68559503447
5019.89141715855
5021.37702206978
5026.8011826847
5035.74688790291
5036.95422117362
5037.33734658447
5045.40913500938
5047.90542687863
5048.5476776347
5053.00854104715
5054.18940599726
5054.18940599726
5055.26559081388
5055.26559081388
5057.89357946682
5057.89357946682
5057.89357946682
5062.55148283667
5063.27788876599
5065.45991761196
5065.58969815551
5068.60823867343
5068.60823867343
5068.60823867343
5068.78270251284
5068.78270251284
5070.74985284794
5076.92278964157
5076.92278964157
5076.92278964157
5079.03889230731
5079.03889230731
5079.3600937012
5079.3600937012
5080.94162725172
5080.94162725172
5080.94162725172
5080.94162725172
5080.94162725172
5080.94162725172
5085.54970294557
5085.54970294557
5085.54970294557
5088.13601181088
5089.84434923574
5090.85915611308
5090.85915611308
5093.86622986225
5093.86622986225
5094.77575159207
5094.77575159207
5094.77575159207
5096.14676950133
5096.14676950133
5100.07048613329
5102.48457361921
5102.48457361921
5102.48457361921
5102.48457361921
5107.53085613254
5107.53085613254
5107.53085613254
5107.53085613254
5111.84683980497
5111.84683980497
5115.28498473428
5115.28498473428
5118.51191856467
5118.93709317946
5119.49282882299
5119.49282882299
5119.49282882299
5120.38099412957
5120.38099412957
5120.38099412957
5123.05235362925
5126.05527616823
5126.05527616823
5126.14348151543
5129.21338691599
5129.21338691599
5129.21338691599
5129.21338691599
5129.6335078583
5130.37692767055
5130.37692767055
5130.37692767055
5130.37692767055
5136.85301071772
5136.85301071772
5136.85301071772
5139.78908576602
5141.75829926499
5141.75829926499
5141.75829926499
5147.3509114291
5147.3509114291
5147.3509114291
5148.03287236842
5148.03287236842
5148.03287236842
5151.25013709801
5151.25013709801
5151.25013709801
5152.06535211594
5152.06535211594
5152.06535211594
5153.84493612918
5153.84493612918
5155.1623540974
5155.1623540974
5155.1623540974
5158.86867202832
5160.71544136326
5160.71544136326
5160.71544136326
5162.5394765365
5162.5394765365
5162.5394765365
5165.66553455789
5166.45274423617
5168.73300413763
5170.06752125731
5170.09329098689
5170.09329098689
5170.09329098689
5170.79935400847
5170.79935400847
5170.79935400847
5170.79935400847
5170.79935400847
5172.39957084301
5174.46630391524
5174.46630391524
5174.46630391524
5176.23621618659
5176.23621618659
5176.23621618659
5176.23621618659
5176.23621618659
5177.2427385966
5178.55864479269
5178.55864479269
5178.55864479269
5178.55864479269
5178.55864479269
5178.55864479269
5178.55864479269
5178.55864479269
5181.92422866507
5182.45669001007
5183.98872350702
5184.68063064493
5184.68063064493
5184.68063064493
5188.23642059363
5188.23642059363
5188.23642059363
5189.13969263229
5189.13969263229
5190.13844576358
5190.13844576358
5190.13844576358
5190.13844576358
5190.13844576358
5190.13844576358
5194.4745479304
5194.4745479304
5194.4745479304
5194.4745479304
5194.4745479304
5194.4745479304
5194.4745479304
5194.4745479304
5194.4745479304
5194.4745479304
5196.05810548505
5196.05810548505
5196.05810548505
5196.05810548505
5196.05810548505
5196.05810548505
5200.8441155955
5200.8441155955
5200.8441155955
5204.71427240614
5207.53044028705
5207.53044028705
5207.53044028705
5211.23545383076
5214.0943989835
5214.50546589276
5214.50546589276
5215.30221507231
5215.30221507231
5215.30221507231
5215.30221507231
5215.30221507231
5215.30221507231
5215.30221507231
5215.30221507231
5215.30221507231
5215.30221507231
5217.66426626901
5217.66426626901
5217.66426626901
5217.66426626901
5217.66426626901
5217.66426626901
5217.66426626901
5217.66426626901
5217.66426626901
5217.66426626901
5217.66426626901
5217.66426626901
5217.78061519635
5217.78061519635
5217.78061519635
5217.78061519635
5217.78061519635
5217.78061519635
5219.2384546407
5219.38919284486
5219.38919284486
5219.38919284486
5219.38919284486
5219.38919284486
5219.38919284486
5219.38919284486
5219.38919284486
5219.38919284486
5222.74877784335
5222.74877784335
5222.74877784335
5223.37305982504
5223.37305982504
5224.27475673534
5230.23219242699
5230.23219242699
5230.23219242699
5230.73561820036
5230.73561820036
5230.73561820036
5230.73561820036
5230.73561820036
5230.73561820036
5230.73561820036
5231.21773857113
5231.21773857113
5231.21773857113
5231.39663221993
5231.39663221993
5233.99005150674
5235.11789650805
5235.11789650805
5235.11789650805
5235.11789650805
5235.11789650805
5235.11789650805
5235.11789650805
5235.56599292471
5235.56599292471
5235.56599292471
5236.78868014746
5236.78868014746
5236.78868014746
5236.78868014746
5237.95693538402
5237.95693538402
5240.82775417086
5240.82775417086
5245.43134827283
5245.43134827283
5245.43134827283
5245.43134827283
5245.43134827283
5246.72071663134
5246.72071663134
5246.72071663134
5249.14630707178
5249.14630707178
5249.14630707178
5249.14630707178
5249.14630707178
5249.14630707178
5249.14630707178
5249.14630707178
5249.14630707178
5249.47559299384
5249.47559299384
5249.47559299384
5249.47559299384
5249.47559299384
5249.47559299384
5249.47559299384
5249.47559299384
5249.47559299384
5249.64125300985
5251.55516656593
5253.62558479571
5253.62558479571
5253.62558479571
5253.62558479571
5253.62558479571
5253.62558479571
5253.76959657382
5254.38946630112
5254.38946630112
5254.38946630112
5254.38946630112
5254.38946630112
5254.38946630112
5254.38946630112
5254.38946630112
5257.22396356325
5257.22396356325
5257.22396356325
5257.22396356325
5257.22396356325
5257.22396356325
5259.97644262678
5259.97644262678
5259.97644262678
5259.97644262678
5259.97644262678
5259.97644262678
5259.97644262678
5261.41840158665
5261.41840158665
5261.41840158665
5261.67120491003
5261.67120491003
5261.67120491003
5261.67120491003
5261.67120491003
5261.67120491003
5261.67120491003
5261.67120491003
5261.67120491003
5261.67120491003
5261.67120491003
5265.96818983868
5265.96818983868
5265.96818983868
5265.96818983868
5265.96818983868
5265.96818983868
5265.96818983868
5270.04536453452
5270.04536453452
5270.04536453452
5270.04536453452
5270.04536453452
5270.04536453452
5270.04536453452
5270.04536453452
5270.04536453452
5270.04536453452
5270.04536453452
5270.04536453452
5270.04536453452
5270.04536453452
5270.04536453452
5270.04536453452
5272.35106115842
5272.35106115842
5272.35106115842
5274.0052237078
5274.0052237078
5274.0052237078
5274.0052237078
5274.0052237078
5274.0052237078
5274.0052237078
5275.22123378738
5280.17006982784
5280.17006982784
5280.49716927889
5280.49716927889
5280.49716927889
5280.49716927889
5280.49716927889
5282.82391504942
5282.82391504942
5282.82391504942
5282.82391504942
5282.82391504942
5282.82391504942
5282.82391504942
5282.82391504942
5282.82391504942
5282.82391504942
5282.82391504942
5282.82391504942
5282.82391504942
5282.82391504942
5282.82391504942
5282.82391504942
5284.61388841929
5284.61388841929
5284.61388841929
5284.61388841929
5284.61388841929
5284.61388841929
5284.61388841929
5284.61388841929
5284.61388841929
5284.61388841929
5284.61388841929
5284.61388841929
5284.61388841929
5284.61388841929
5284.61388841929
5284.61388841929
5284.61388841929
5284.61388841929
5284.61388841929
5284.61388841929
5284.61388841929
5286.60771399577
5287.62478049147
5287.62478049147
5287.62478049147
5287.62478049147
5287.62478049147
5287.69102940146
5287.69102940146
5287.69102940146
5288.90015398116
5288.90015398116
5288.90015398116
5288.90015398116
5288.90015398116
5290.39153746419
5290.39153746419
5290.39153746419
5290.39153746419
5290.39153746419
5290.39153746419
5290.39153746419
5290.39153746419
5290.39153746419
5290.39153746419
5290.39153746419
5290.39153746419
5293.77219246164
5293.77219246164
5293.77219246164
5293.77219246164
5294.1016991158
5294.1016991158
5294.1016991158
5294.1016991158
5294.1016991158
5294.1016991158
5294.1016991158
5294.1016991158
5294.1016991158
5294.1016991158
5294.1016991158
5294.1016991158
5294.1016991158
5294.1016991158
5294.1016991158
5294.1016991158
5294.1016991158
5294.1016991158
5294.1016991158
5294.1016991158
5294.1016991158
5294.1016991158
5294.1016991158
5294.1016991158
5294.1016991158
5294.1016991158
5294.1016991158
5301.20150598959
5301.64818917098
5303.21849588433
5303.21849588433
5303.21849588433
5303.86387792716
5303.86387792716
5303.86387792716
5303.86387792716
5303.86387792716
5303.86387792716
5303.86387792716
5303.86387792716
5303.86387792716
5303.86387792716
5304.29266696694
5304.29266696694
5304.88578381141
5305.83817006054
5305.83817006054
5305.83817006054
5305.83817006054
5305.83817006054
5305.83817006054
5305.83817006054
5305.83817006054
5305.83817006054
5305.83817006054
5305.83817006054
5305.83817006054
5305.83817006054
5305.83817006054
5305.83817006054
5305.83817006054
5305.83817006054
5305.83817006054
5305.83817006054
5305.83817006054
5305.83817006054
5305.83817006054
5305.83817006054
5305.83817006054
5305.83817006054
5305.83817006054
5305.83817006054
5311.02671076252
5313.90879836503
5313.90879836503
5314.70026219713
5314.9154445851
5316.45480453415
5317.81733851983
5317.81733851983
5317.88725646361
5317.88725646361
5317.88725646361
5317.88725646361
5317.88725646361
5317.88725646361
5317.88725646361
5318.59793623316
5318.59793623316
5318.59793623316
5318.59793623316
5318.59793623316
5324.18016705633
5324.18016705633
5324.18016705633
5324.18016705633
5324.18016705633
5324.18016705633
5324.18016705633
5324.18016705633
5324.18016705633
5324.18016705633
5324.18016705633
5324.18016705633
5324.18016705633
5324.18016705633
5324.18016705633
5324.18016705633
5324.18016705633
5324.18016705633
5324.18016705633
5324.18016705633
5324.18016705633
5324.18016705633
5324.18016705633
5324.18016705633
5324.18016705633
5324.18016705633
5324.18016705633
5324.18016705633
5324.18016705633
5324.18016705633
5324.18016705633
5324.18016705633
5324.18016705633
5324.18016705633
5324.18016705633
5324.18016705633
5324.18016705633
5324.18016705633
5324.18016705633
5324.18016705633
5324.18016705633
5324.18016705633
5324.18016705633
5324.18016705633
5324.18016705633
5324.18016705633
5324.18016705633
5324.18016705633
5324.18016705633
5324.18016705633
5324.18016705633
5324.18016705633
5324.18016705633
5324.18016705633
5324.18016705633
5324.89102558201
5324.89102558201
5324.89102558201
5324.89102558201
5324.89102558201
5324.89102558201
5324.89102558201
5326.74138780385
5326.74138780385
5326.74138780385
5326.74138780385
5327.08865047891
5327.35435799912
5327.35435799912
5327.35435799912
5327.35435799912
5327.35435799912
5327.35435799912
5327.35435799912
5327.35435799912
5327.35435799912
5327.35435799912
5327.4166391566
5327.4166391566
5327.4166391566
5327.4166391566
5327.4166391566
5327.4166391566
5327.4166391566
5327.4166391566
5327.4166391566
5327.4166391566
5327.4166391566
5327.4166391566
5327.4166391566
5327.4166391566
5327.4166391566
5327.4166391566
5327.4166391566
5327.4166391566
5329.17725586517
5330.43710750802
5330.43710750802
5330.43710750802
5330.43710750802
5331.33559145175
5331.33559145175
5331.33559145175
5331.33559145175
5331.33559145175
5331.33559145175
5331.33559145175
5331.33559145175
5331.33559145175
5331.33559145175
5331.33559145175
5331.33559145175
5331.33559145175
5331.33559145175
5331.33559145175
5331.33559145175
5331.33559145175
5331.33559145175
5331.33559145175
5331.33559145175
5331.33559145175
5331.33559145175
5331.33559145175
5331.33559145175
5331.33559145175
5331.33559145175
5331.33559145175
5333.34322494611
5333.34322494611
5333.34322494611
5333.34322494611
5333.34322494611
5333.34322494611
5333.34322494611
5333.34322494611
5333.34322494611
5334.7659558274
5334.7659558274
5334.7659558274
5334.7659558274
5335.05698352773
5335.05698352773
5335.05698352773
5335.05698352773
5335.05698352773
5335.05698352773
5335.05698352773
5335.05698352773
5335.05698352773
5335.05698352773
5336.58780321234
5336.58780321234
5336.58780321234
5336.58780321234
5338.61337261981
5338.61337261981
5338.61337261981
5338.61337261981
5338.61337261981
5338.61337261981
5340.80001206725
5342.34318200842
5343.0437156055
5343.0437156055
5343.0437156055
5343.0437156055
5343.0437156055
5343.0437156055
5343.0437156055
5343.0437156055
5343.0437156055
5343.0437156055
5343.0437156055
5343.0437156055
5343.0437156055
5343.0437156055
5343.0437156055
5343.0437156055
5343.0437156055
5343.0437156055
5346.29652254182
5346.84870619726
5346.84870619726
5346.84870619726
5346.84870619726
5346.84870619726
5346.84870619726
5346.84870619726
5346.84870619726
5346.84870619726
5346.84870619726
5346.84870619726
5346.84870619726
5346.84870619726
5346.84870619726
5346.84870619726
5346.84870619726
5346.84870619726
5346.84870619726
5346.84870619726
5346.84870619726
5346.84870619726
5346.84870619726
5347.40598513126
5347.40598513126
5347.40598513126
5347.40598513126
5347.40598513126
5347.40598513126
5347.40598513126
5347.40598513126
5347.40598513126
5347.40598513126
5347.40598513126
5347.69000043587
5349.08389486415
5349.08389486415
5349.08389486415
5349.08389486415
5349.08389486415
5349.08389486415
5349.08389486415
5349.08389486415
5349.08389486415
5349.08389486415
5349.79323538926
5349.79323538926
5349.79323538926
5349.79323538926
5349.79323538926
5349.79323538926
5349.79323538926
5349.79323538926
5349.79323538926
5349.79323538926
5349.79323538926
5349.79323538926
5349.79323538926
5349.96618824389
5352.1767816354
5352.1767816354
5352.1767816354
5352.1767816354
5354.48305310389
5354.48305310389
5354.48305310389
5354.48305310389
5354.48305310389
5354.48305310389
5354.48305310389
5354.48305310389
5354.48305310389
5354.48305310389
5354.48305310389
5354.48305310389
5354.48305310389
5354.48305310389
5354.48305310389
5356.7898516259
5356.7898516259
5356.7898516259
5356.7898516259
5356.7898516259
5356.7898516259
5358.49396075549
5358.49396075549
5358.49396075549
5358.49396075549
5358.49396075549
5358.49396075549
5358.49396075549
5358.49396075549
5358.49396075549
5358.77441254487
5359.34884182076
5359.34884182076
5359.34884182076
5359.34884182076
5359.34884182076
5359.34884182076
5359.34884182076
5359.34884182076
5359.34884182076
5359.34884182076
5359.34884182076
5359.34884182076
5359.34884182076
5359.34884182076
5359.34884182076
5359.34884182076
5359.34884182076
5359.34884182076
5359.34884182076
5359.34884182076
5362.02933799118
5362.40250528929
5362.40250528929
5362.40250528929
5362.40250528929
5362.40250528929
5362.40250528929
5362.40250528929
5362.40250528929
5362.40250528929
5362.40250528929
5362.40250528929
5362.40250528929
5362.41634330285
5362.41634330285
5362.41634330285
5364.26671103254
5364.26671103254
5364.26671103254
5364.26671103254
5364.26671103254
5364.26671103254
5364.26671103254
5364.26671103254
5364.26671103254
5364.26671103254
5364.3285184773
5364.38820347433
5364.38820347433
5364.38820347433
5364.38820347433
5364.38820347433
5364.38820347433
5364.38820347433
5364.38820347433
5364.38820347433
5364.38820347433
5364.38820347433
5364.38820347433
5364.38820347433
5364.38820347433
5364.38820347433
5364.38820347433
5364.38820347433
5364.38820347433
5364.38820347433
5364.38820347433
5364.38820347433
5364.38820347433
5364.38820347433
5364.38820347433
5364.38820347433
5364.38820347433
5364.38820347433
5364.38820347433
5364.38820347433
5364.38820347433
5364.38820347433
5364.38820347433
5364.38820347433
5364.38820347433
5364.38820347433
5364.38820347433
5365.54643234512
5365.54643234512
5365.54643234512
5365.54643234512
5365.54643234512
5365.54643234512
5365.54643234512
5365.54643234512
5365.54643234512
5365.54643234512
5365.54643234512
5365.54643234512
5365.54643234512
5373.87138021964
5373.87138021964
5376.07118431459
5376.66461850587
5376.66461850587
5376.66461850587
5376.66461850587
5376.66461850587
5376.66461850587
5376.66461850587
5376.66461850587
5376.66461850587
5376.66461850587
5376.66461850587
5376.66461850587
5376.66461850587
5376.66461850587
5376.66461850587
5376.66461850587
5376.66461850587
5376.66461850587
5376.66461850587
5376.66461850587
5376.66461850587
5376.66461850587
5376.66461850587
5376.66461850587
5376.66461850587
5376.66461850587
5376.66461850587
5376.66461850587
5376.66461850587
5376.66461850587
5376.77378320331
5376.77378320331
5376.77378320331
5376.77378320331
5376.77378320331
5376.77378320331
5377.72611418237
5377.72611418237
5377.72611418237
5377.72611418237
5379.68370963623
5379.68370963623
5379.68370963623
5379.97309243611
5379.97309243611
5379.97309243611
5379.97309243611
5379.97309243611
5379.97309243611
5379.97309243611
5379.97309243611
5379.97309243611
5379.97309243611
5384.63418378644
5386.09800846421
5386.94720634072
5386.94720634072
5386.94720634072
5386.94720634072
5386.94720634072
5386.94720634072
5386.94720634072
5386.94720634072
5386.94720634072
5386.94720634072
5386.94720634072
5386.94720634072
5386.94720634072
5387.51944349027
5387.51944349027
5387.51944349027
5387.51944349027
5387.51944349027
5387.51944349027
5387.51944349027
5387.51944349027
5387.51944349027
5387.51944349027
5387.51944349027
5387.51944349027
5387.51944349027
5387.51944349027
5387.51944349027
5387.51944349027
5387.51944349027
5387.51944349027
5387.51944349027
5387.51944349027
5387.51944349027
5387.51944349027
5387.51944349027
5387.51944349027
5387.51944349027
5387.51944349027
5387.51944349027
5387.51944349027
5387.51944349027
5387.51944349027
5391.21146720712
5391.21146720712
5391.21146720712
5391.84588024194
5392.00990778276
5392.00990778276
5393.42539571708
5393.42539571708
5393.42539571708
5393.42539571708
5393.42539571708
5393.42539571708
5393.42539571708
5393.42539571708
5393.42539571708
5393.42539571708
5393.42539571708
5393.42539571708
5393.42539571708
5393.42539571708
5393.42539571708
5393.42539571708
5396.47474490082
5396.47474490082
5396.47474490082
5396.47474490082
5396.47474490082
5396.47474490082
5396.47474490082
5396.47474490082
5396.47474490082
5396.47474490082
5396.47474490082
5396.47474490082
5396.47474490082
5396.47474490082
5396.47474490082
5396.47474490082
5396.47474490082
5396.47474490082
5396.47474490082
5396.47474490082
5396.47474490082
5396.47474490082
5396.47474490082
5396.60815411157
5398.40820154021
5398.40820154021
5398.40820154021
5398.40820154021
5400.13586515495
5400.13586515495
5400.13586515495
5400.13586515495
5400.13586515495
5400.13586515495
5400.13586515495
5400.13586515495
5400.13586515495
5400.13586515495
5400.13586515495
5400.13586515495
5400.41531279802
5400.41531279802
5400.41531279802
5400.41531279802
5409.63498480356
5409.63498480356
5409.63498480356
5409.63498480356
5409.63498480356
5409.63498480356
5409.63498480356
5409.63498480356
5409.63498480356
5409.63498480356
5409.63498480356
5409.63498480356
5409.63498480356
5409.63498480356
5409.63498480356
5409.69859694002
5409.69859694002
5409.69859694002
5409.69859694002
5409.69859694002
5409.69859694002
5409.69859694002
5409.69859694002
5409.69859694002
5409.69859694002
5409.69859694002
5411.68744002411
5411.68744002411
5411.68744002411
5411.68744002411
5412.21298100532
5412.21298100532
5412.21298100532
5412.21298100532
5417.4779302497
5417.4779302497
5419.21720173686
5419.21720173686
5419.21720173686
5419.21720173686
5419.21720173686
5419.21720173686
5419.21720173686
5419.21720173686
5419.21720173686
5419.21720173686
5419.21720173686
5419.21720173686
5419.21720173686
5419.21720173686
5419.21720173686
5419.21720173686
5419.21720173686
5419.21720173686
5419.23772289115
5419.23772289115
5419.23772289115
5419.23772289115
5419.23772289115
5419.23772289115
5419.23772289115
5419.23772289115
5419.23772289115
5419.23772289115
5419.23772289115
5419.23772289115
5419.23772289115
5419.23772289115
5419.23772289115
5420.56411548898
5420.56411548898
5420.56411548898
5421.99403321377
5421.99403321377
5421.99403321377
5421.99403321377
5421.99403321377
5421.99403321377
5421.99403321377
5421.99403321377
5421.99403321377
5421.99403321377
5421.99403321377
5421.99403321377
5421.99403321377
5421.99403321377
5421.99403321377
5424.20821136263
5424.20821136263
5424.20821136263
5424.20821136263
5424.20821136263
5424.20821136263
5424.20821136263
5424.20821136263
5424.20821136263
5424.20821136263
5424.20821136263
5424.20821136263
5425.13466760257
5429.27770192202
5429.27770192202
5429.27770192202
5429.27770192202
5429.27770192202
5429.27770192202
5429.27770192202
5429.27770192202
5429.27770192202
5429.27770192202
5429.27770192202
5429.27770192202
5429.27770192202
5429.27770192202
5429.27770192202
5429.27770192202
5429.27770192202
5429.27770192202
5429.27770192202
5429.27770192202
5429.27770192202
5429.27770192202
5429.27770192202
5429.27770192202
5429.27770192202
5429.27770192202
5429.27770192202
5429.27770192202
5429.27770192202
5429.27770192202
5433.51096116597
5433.51096116597
5436.40522976767
5436.40522976767
5436.40522976767
5436.40522976767
5436.40522976767
5437.02616400953
5437.02616400953
5437.02616400953
5437.02616400953
5437.02616400953
5437.02616400953
5437.02616400953
5437.02616400953
5437.02616400953
5437.02616400953
5437.02616400953
5437.02616400953
5437.02616400953
5437.02616400953
5442.96236914162
5442.96236914162
5446.31700962063
5446.31700962063
5446.31700962063
5446.31700962063
5446.31700962063
5446.31700962063
5446.31700962063
5446.31700962063
5446.31700962063
5446.31700962063
5446.31700962063
5446.31700962063
5446.31700962063
5446.31700962063
5446.31700962063
5446.31700962063
5446.31700962063
5446.31700962063
5446.31700962063
5446.31700962063
5446.31700962063
5446.31700962063
5446.31700962063
5446.31700962063
5446.31700962063
5446.31700962063
5446.31700962063
5446.31700962063
5446.31700962063
5446.31700962063
5446.31700962063
5446.31700962063
5446.31700962063
5446.31700962063
5446.31700962063
5446.31700962063
5446.31700962063
5446.31700962063
5446.31700962063
5446.31700962063
5446.31700962063
5446.31700962063
5446.31700962063
5446.31700962063
5446.31700962063
5446.31700962063
5446.31700962063
5446.31700962063
5446.31700962063
5446.31700962063
5446.31700962063
5446.31700962063
5446.31700962063
5446.31700962063
5446.31700962063
5446.31700962063
5446.31700962063
5446.53606161595
5446.53606161595
5446.53606161595
5446.53606161595
5446.53606161595
5446.53606161595
5446.53606161595
5446.53606161595
5446.53606161595
5446.53606161595
5446.53606161595
5446.53606161595
5446.53606161595
5446.53606161595
5446.53606161595
5446.53606161595
5446.53606161595
5446.53606161595
5446.53606161595
5446.53606161595
5446.53606161595
5446.53606161595
5446.53606161595
5446.53606161595
5446.53606161595
5446.53606161595
5446.53606161595
5446.53606161595
5446.53606161595
5446.53606161595
5449.21939803212
5449.21939803212
5452.79383686471
5452.79383686471
5452.79383686471
5452.79383686471
5452.79383686471
5452.79383686471
5452.79383686471
5452.79383686471
5452.79383686471
5452.79383686471
5453.34486873014
5453.34486873014
5453.34486873014
5453.34486873014
5453.34486873014
5453.52228436349
5453.52228436349
5453.52228436349
5453.52228436349
5453.52228436349
5453.52228436349
5453.52228436349
5453.52228436349
5453.52228436349
5453.52228436349
5453.52228436349
5453.52228436349
5453.52228436349
5453.52228436349
5453.52228436349
5453.52228436349
5453.52228436349
5453.52228436349
5453.52228436349
5453.52228436349
5453.52228436349
5453.52228436349
5453.52228436349
5453.52228436349
5453.52228436349
5453.52228436349
5453.52228436349
5453.52228436349
5453.52228436349
5453.52228436349
5453.52228436349
5453.52228436349
5453.52228436349
5453.52228436349
5453.52228436349
5453.52228436349
5453.52228436349
5453.52228436349
5453.52228436349
5453.52228436349
5453.52228436349
5453.52228436349
5453.52228436349
5453.52228436349
5453.52228436349
5453.52228436349
5453.52228436349
5453.52228436349
5453.52228436349
5456.34733641255
5457.25383359263
5457.25383359263
5457.25383359263
5457.25383359263
5457.25383359263
5457.25383359263
5457.25383359263
5457.25383359263
5457.25383359263
5457.25383359263
5457.25383359263
5457.25383359263
5457.25383359263
5457.25383359263
5457.25383359263
5457.25383359263
5457.25383359263
5457.25383359263
5457.25383359263
5457.25383359263
5457.25383359263
5457.25383359263
5457.25383359263
5457.25383359263
5457.25383359263
5457.25383359263
5459.00300540286
5459.00300540286
5459.00300540286
5459.00300540286
5459.00300540286
5459.00300540286
5459.00300540286
5459.00300540286
5459.00300540286
5459.00300540286
5462.32196942992
5462.69466901616
5462.69466901616
5462.69466901616
5462.69466901616
5462.69466901616
5462.69466901616
5462.69466901616
5462.69466901616
5462.69466901616
5462.69466901616
5462.69466901616
5462.69466901616
5462.69466901616
5462.69466901616
5462.69466901616
5462.69466901616
5462.86923746198
5462.86923746198
5462.86923746198
5462.86923746198
5462.86923746198
5462.86923746198
5462.86923746198
5462.86923746198
5462.86923746198
5462.86923746198
5462.95302468714
5462.95302468714
5462.95302468714
5462.95302468714
5462.95302468714
5462.95302468714
5462.95302468714
5462.95302468714
5462.95302468714
5462.95302468714
5463.73526374535
5463.73526374535
5463.73526374535
5463.73526374535
5463.73526374535
5463.73526374535
5463.73526374535
5463.73526374535
5463.73526374535
5463.73526374535
5463.73526374535
5463.73526374535
5463.73526374535
5463.73526374535
5463.73526374535
5463.73526374535
5463.73526374535
5463.73526374535
5463.73526374535
5463.73526374535
5463.73526374535
5463.73526374535
5466.99339905113
5466.99339905113
5466.99339905113
5466.99339905113
5466.99339905113
5467.88427656366
5467.88427656366
5467.88427656366
5467.88427656366
5467.88427656366
5467.88427656366
5467.88427656366
5467.88427656366
5467.88427656366
5467.88427656366
5467.88427656366
5467.88427656366
5467.88427656366
5467.88427656366
5467.88427656366
5467.88427656366
5467.88427656366
5467.88427656366
5467.88427656366
5467.88427656366
5470.29357115133
5470.29357115133
5470.29357115133
5470.29357115133
5470.29357115133
5470.29357115133
5470.29357115133
5471.02248227258
5471.02248227258
5471.02248227258
5471.02248227258
5471.02248227258
5471.02248227258
5471.02248227258
5471.02248227258
5471.28915137349
5471.28915137349
5471.28915137349
5471.28915137349
5471.28915137349
5471.28915137349
5471.28915137349
5471.28915137349
5471.28915137349
5471.28915137349
5471.28915137349
5471.28915137349
5471.28915137349
5471.28915137349
5471.28915137349
5471.28915137349
5471.28915137349
5471.28915137349
5471.28915137349
5471.28915137349
5471.28915137349
5471.28915137349
5471.28915137349
5471.28915137349
5471.28915137349
5471.28915137349
5471.28915137349
5471.28915137349
5471.28915137349
5471.28915137349
5471.28915137349
5471.28915137349
5471.28915137349
5471.32035746358
5478.08921838513
5478.08921838513
5478.08921838513
5478.08921838513
5478.08921838513
5478.08921838513
5480.32746279707
5484.21926544102
5484.5483975072
5484.5483975072
5484.5483975072
5484.5483975072
5484.5483975072
5484.5483975072
5484.5483975072
5484.5483975072
5484.5483975072
5484.5483975072
5484.5483975072
5484.5483975072
5485.25864510995
5485.25864510995
5485.25864510995
5485.25864510995
5485.25864510995
5485.25864510995
5485.25864510995
5485.25864510995
5485.25864510995
5485.25864510995
5485.25864510995
5485.25864510995
5485.25864510995
5485.25864510995
5485.25864510995
5485.25864510995
5485.25864510995
5485.25864510995
5485.25864510995
5485.25864510995
5485.25864510995
5485.25864510995
5485.25864510995
5485.25864510995
5485.25864510995
5485.25864510995
5485.25864510995
5485.25864510995
5485.25864510995
5485.25864510995
5485.25864510995
5485.25864510995
5485.25864510995
5485.25864510995
5486.76926577599
5486.76926577599
5486.76926577599
5486.76926577599
5486.76926577599
5486.76926577599
5486.76926577599
5486.76926577599
5486.76926577599
5486.76926577599
5486.76926577599
5486.76926577599
5486.76926577599
5486.76926577599
5486.76926577599
5488.95801253962
5490.08138075807
5490.08138075807
5490.08138075807
5490.08138075807
5490.08138075807
5490.08138075807
5490.08138075807
5490.08138075807
5490.08138075807
5490.08138075807
5490.08138075807
5493.00442761124
5493.00442761124
5493.00442761124
5493.00442761124
5493.00442761124
5493.00442761124
5493.00442761124
5493.00442761124
5493.00442761124
5493.00442761124
5493.00442761124
5493.00442761124
5493.00442761124
5493.00442761124
5493.00442761124
5493.00442761124
5493.00442761124
5493.00442761124
5493.00442761124
5495.95977900721
5495.95977900721
5495.95977900721
5495.95977900721
5495.95977900721
5495.95977900721
5495.95977900721
5495.95977900721
5495.95977900721
5495.95977900721
5495.95977900721
5495.95977900721
5495.95977900721
5495.95977900721
5495.95977900721
5495.95977900721
5495.95977900721
5495.95977900721
5495.95977900721
5495.95977900721
5495.95977900721
5495.95977900721
5495.95977900721
5495.95977900721
5495.95977900721
5495.95977900721
5495.95977900721
5495.95977900721
5495.95977900721
5495.95977900721
5495.95977900721
5495.95977900721
5495.95977900721
5499.34672635605
5500.80003133945
5500.80003133945
5500.80003133945
5501.27839457977
5501.27839457977
5501.27839457977
5501.27839457977
5501.27839457977
5501.27839457977
5501.27839457977
5501.27839457977
5501.27839457977
5501.27839457977
5501.27839457977
5501.27839457977
5501.27839457977
5501.27839457977
5501.27839457977
5501.27839457977
5501.27839457977
5501.27839457977
5501.27839457977
5501.27839457977
5501.27839457977
5501.27839457977
5501.27839457977
5501.27839457977
5501.27839457977
5501.27839457977
5501.27839457977
5501.27839457977
5501.27839457977
5501.27839457977
5501.27839457977
5501.27839457977
5501.27839457977
5501.27839457977
5501.27839457977
5501.27839457977
5501.27839457977
5501.27839457977
5501.27839457977
5501.27839457977
5501.27839457977
5501.27839457977
5501.27839457977
5501.27839457977
5501.27839457977
5501.27839457977
5501.27839457977
5501.27839457977
5501.27839457977
5501.27839457977
5501.27839457977
5501.27839457977
5501.27839457977
5501.27839457977
5501.27839457977
5501.27839457977
5501.27839457977
5501.27839457977
5501.27839457977
5501.27839457977
5501.27839457977
5501.27839457977
5503.19440603589
5503.19440603589
5503.19440603589
5503.19440603589
5503.19440603589
5503.19440603589
5503.19440603589
5503.19440603589
5503.19440603589
5503.19440603589
5503.19440603589
5503.33502187106
5503.33502187106
5503.33502187106
5503.33502187106
5503.33502187106
5503.38310278613
5503.38310278613
5503.38310278613
5503.38310278613
5503.38310278613
5503.38310278613
5503.38310278613
5503.38310278613
5503.38310278613
5503.38310278613
5503.38310278613
5503.38310278613
5503.38310278613
5503.38310278613
5503.38310278613
5503.38310278613
5503.38310278613
5503.38310278613
5503.38310278613
5503.38310278613
5503.38310278613
5503.38310278613
5503.38310278613
5503.38310278613
5503.38310278613
5503.38310278613
5503.38310278613
5503.38310278613
5503.38310278613
5503.38310278613
5503.38310278613
5503.38310278613
5503.38310278613
5503.38310278613
5503.38310278613
5503.38310278613
5503.38310278613
5503.38310278613
5503.38310278613
5503.38310278613
5503.38310278613
5503.38310278613
5503.38310278613
5503.38310278613
5503.38310278613
5503.38310278613
5503.38310278613
5507.48189100174
5507.48189100174
5507.48189100174
5507.48189100174
5507.48189100174
5507.48189100174
5507.48189100174
5507.48189100174
5507.48189100174
5507.48189100174
5507.48189100174
5507.48189100174
5507.48189100174
5507.48189100174
5507.48189100174
5507.48189100174
5507.48189100174
5507.48189100174
5507.48189100174
5507.48189100174
5508.6670358747
5508.6670358747
5508.6670358747
5508.6670358747
5508.6670358747
5508.6670358747
5508.6670358747
5508.6670358747
5508.6670358747
5508.6670358747
5508.6670358747
5508.6670358747
5508.6670358747
5508.6670358747
5508.6670358747
5508.6670358747
5508.6670358747
5508.6670358747
5508.6670358747
5508.6670358747
5508.6670358747
5508.6670358747
5508.6670358747
5508.6670358747
5508.6670358747
5508.6670358747
5508.6670358747
5508.6670358747
5509.6381049274
5509.6381049274
5509.6381049274
5509.6381049274
5509.6381049274
5509.6381049274
5509.6381049274
5509.6381049274
5509.6381049274
5509.6381049274
5509.6381049274
5509.6381049274
5509.6381049274
5509.6381049274
5509.6381049274
5510.29417579196
5510.29417579196
5510.29417579196
5510.29417579196
5510.29417579196
5510.29417579196
5510.29417579196
5510.29417579196
5510.29417579196
5510.29417579196
5510.29417579196
5510.29417579196
5510.29417579196
5510.29417579196
5510.29417579196
5513.43914112459
5513.43914112459
5513.43914112459
5513.43914112459
5513.43914112459
5513.43914112459
5513.43914112459
5513.43914112459
5513.43914112459
5513.43914112459
5513.43914112459
5513.43914112459
5513.43914112459
5513.43914112459
5513.43914112459
5513.43914112459
5513.43914112459
5513.43914112459
5513.43914112459
5513.43914112459
5513.43914112459
5514.99411528097
5514.99411528097
5514.99411528097
5514.99411528097
5514.99411528097
5514.99411528097
5514.99411528097
5514.99411528097
5514.99411528097
5514.99411528097
5514.99411528097
5518.26541311061
5519.17588326131
5519.17588326131
5519.17588326131
5519.17588326131
5519.17588326131
5519.17588326131
5519.17588326131
5519.17588326131
5519.17588326131
5519.17588326131
5519.17588326131
5519.17588326131
5519.17588326131
5519.17588326131
5519.17588326131
5519.17588326131
5519.17588326131
5519.17588326131
5519.17588326131
5519.17588326131
5519.17588326131
5519.17588326131
5519.17588326131
5519.17588326131
5519.17588326131
5519.17588326131
5519.17588326131
5519.17588326131
5519.17588326131
5519.17588326131
5519.17588326131
5519.17588326131
5519.17588326131
5519.17588326131
5519.17588326131
5519.17588326131
5519.17588326131
5519.17588326131
5519.17588326131
5519.17588326131
5519.17588326131
5519.17588326131
5519.17588326131
5519.17588326131
5519.17588326131
5519.17588326131
5519.17588326131
5519.17588326131
5519.17588326131
5519.17588326131
5519.17588326131
5519.17588326131
5519.17588326131
5519.17588326131
5519.17588326131
5519.17588326131
5519.17588326131
5519.17588326131
5519.17588326131
5519.17588326131
5519.17588326131
5519.17588326131
5519.17588326131
5519.17588326131
5519.17588326131
5519.17588326131
5519.17588326131
5519.17588326131
5519.17588326131
5519.17588326131
5519.17588326131
5519.89032105739
5519.89032105739
5519.89032105739
5519.89032105739
5519.89032105739
5519.89032105739
5519.89032105739
5519.89032105739
5520.19011861869
5520.19011861869
5521.57327415579
5521.57327415579
5521.57327415579
5521.57327415579
5521.57327415579
5521.57327415579
5521.57327415579
5521.57327415579
5521.57327415579
5521.57327415579
5521.57327415579
5521.57327415579
5521.57327415579
5521.57327415579
5521.57327415579
5521.57327415579
5521.57327415579
5521.57327415579
5521.57327415579
5521.57327415579
5521.57327415579
5521.57327415579
5521.57327415579
5521.57327415579
5521.57327415579
5521.57327415579
5521.57327415579
5521.57327415579
5521.57327415579
5521.57327415579
5521.57327415579
5521.57327415579
5521.57327415579
5521.57327415579
5521.57327415579
5521.57327415579
5521.57327415579
5521.57327415579
5522.61279455389
5522.61279455389
5522.61279455389
5522.61279455389
5522.61279455389
5522.61279455389
5522.61279455389
5522.61279455389
5522.61279455389
5522.61279455389
5522.61279455389
5522.61279455389
5522.61279455389
5522.61279455389
5522.61279455389
5522.61279455389
5522.61279455389
5522.61279455389
5522.61279455389
5522.61279455389
5522.61279455389
5522.61279455389
5522.61279455389
5522.61279455389
5522.61279455389
5522.61279455389
5523.41451507119
5523.41451507119
5523.41451507119
5523.41451507119
5523.41451507119
5523.41451507119
5523.41451507119
5523.41451507119
5523.41451507119
5523.41451507119
5523.41451507119
5523.41451507119
5523.41451507119
5523.41451507119
5523.41451507119
5523.41451507119
5523.41451507119
5523.41451507119
5523.41451507119
5523.41451507119
5523.41451507119
5523.41451507119
5523.41451507119
5523.41451507119
5523.41451507119
5523.41451507119
5523.41451507119
5523.41451507119
5523.41451507119
5523.41451507119
5523.41451507119
5523.41451507119
5523.41451507119
5523.41451507119
5523.41451507119
5523.41451507119
5523.41451507119
5523.41451507119
5523.41451507119
5523.41451507119
5523.41451507119
5523.41451507119
5523.41451507119
5523.41451507119
5523.41451507119
5523.41451507119
5523.41451507119
5523.41451507119
5523.41451507119
5523.41451507119
5523.41451507119
5523.41451507119
5523.41451507119
5523.41451507119
5523.41451507119
5523.41451507119
5523.41451507119
5523.41451507119
5523.41451507119
5523.41451507119
5523.41451507119
5523.41451507119
5523.41451507119
5523.41451507119
5523.41451507119
5523.41451507119
5524.69839339399
5524.69839339399
5524.69839339399
5524.69839339399
5524.69839339399
5524.69839339399
5524.69839339399
5524.69839339399
5524.69839339399
5524.69839339399
5524.69839339399
5524.69839339399
5524.69839339399
5524.69839339399
5524.69839339399
5524.69839339399
5524.69839339399
5524.69839339399
5524.69839339399
5524.69839339399
5524.69839339399
5524.69839339399
5524.69839339399
5524.69839339399
5526.01310350448
5526.01310350448
5526.01310350448
5526.01310350448
5526.01310350448
5528.3348608208
5529.3864528588
5529.3864528588
5529.3864528588
5529.3864528588
5529.3864528588
5529.3864528588
5529.3864528588
5529.3864528588
5530.24944428545
5532.23493265574
5532.23493265574
5534.75207102324
5534.75207102324
5534.75207102324
5534.75207102324
5534.75207102324
5534.75207102324
5534.75207102324
5534.75207102324
5534.75207102324
5534.75207102324
5534.86990010384
5534.86990010384
5534.86990010384
5534.86990010384
5534.86990010384
5534.86990010384
5534.86990010384
5534.86990010384
5534.86990010384
5534.86990010384
5534.86990010384
5534.86990010384
5534.86990010384
5534.86990010384
5534.86990010384
5534.86990010384
5534.86990010384
5534.86990010384
5534.86990010384
5534.86990010384
5534.86990010384
5534.86990010384
5534.86990010384
5534.86990010384
5534.86990010384
5534.86990010384
5534.86990010384
5534.86990010384
5534.86990010384
5534.86990010384
5534.86990010384
5534.86990010384
5534.86990010384
5534.86990010384
5534.86990010384
5534.86990010384
5534.86990010384
5535.04860246011
5535.20822898773
5535.20822898773
5535.20822898773
5535.20822898773
5535.20822898773
5535.20822898773
5535.20822898773
5535.20822898773
5535.20822898773
5535.20822898773
5535.20822898773
5535.20822898773
5535.20822898773
5535.20822898773
5535.20822898773
5535.20822898773
5535.20822898773
5535.20822898773
5535.20822898773
5535.20822898773
5535.20822898773
5535.20822898773
5535.20822898773
5535.20822898773
5535.20822898773
5535.20822898773
5537.2852808415
5537.2852808415
5537.2852808415
5537.2852808415
5537.2852808415
5537.2852808415
5537.2852808415
5537.2852808415
5537.2852808415
5537.2852808415
5537.2852808415
5537.2852808415
5538.03059838232
5538.03059838232
5540.83558068104
5541.86987347824
5541.86987347824
5541.86987347824
5541.86987347824
5541.86987347824
5541.86987347824
5541.86987347824
5545.63034276317
5545.63034276317
5545.63034276317
5545.63034276317
5545.63034276317
5545.63034276317
5545.63034276317
5545.63034276317
5545.63034276317
5545.63034276317
5545.63034276317
5545.63034276317
5545.63034276317
5545.63034276317
5545.63034276317
5545.63034276317
5545.63034276317
5545.63034276317
5545.63034276317
5545.63034276317
5545.63034276317
5545.63034276317
5545.63034276317
5545.63034276317
5545.63034276317
5545.63034276317
5545.63034276317
5545.63034276317
5545.63034276317
5545.63034276317
5545.63034276317
5546.46284807303
5546.46284807303
5546.46284807303
5546.46284807303
5546.46284807303
5546.46284807303
5546.46284807303
5546.46284807303
5546.46284807303
5546.46284807303
5546.46284807303
5546.46284807303
5546.46284807303
5546.46284807303
5546.46284807303
5546.46284807303
5546.90045307033
5546.96036579814
5546.96036579814
5546.96036579814
5546.96036579814
5546.96036579814
5546.96036579814
5546.96036579814
5546.96036579814
5546.96036579814
5546.96036579814
5546.96036579814
5546.96036579814
5546.96036579814
5546.96036579814
5546.96036579814
5547.57510000826
5547.57510000826
5547.57510000826
5548.68071819413
5548.68071819413
5548.68071819413
5548.68071819413
5548.68071819413
5548.68071819413
5548.68071819413
5548.68071819413
5548.68071819413
5548.68071819413
5548.68071819413
5548.68071819413
5548.68071819413
5548.68071819413
5548.68071819413
5548.68071819413
5548.68071819413
5548.68071819413
5548.68071819413
5548.68071819413
5548.68071819413
5548.68071819413
5548.68071819413
5548.68071819413
5548.68071819413
5548.68071819413
5548.68071819413
5548.68071819413
5548.68071819413
5548.68071819413
5548.68071819413
5548.68071819413
5548.68071819413
5548.68071819413
5548.68071819413
5548.68071819413
5550.11828073929
5550.11828073929
5550.11828073929
5550.11828073929
5550.11828073929
5550.11828073929
5550.11828073929
5550.11828073929
5550.11828073929
5550.11828073929
5550.11828073929
5550.11828073929
5550.11828073929
5550.11828073929
5550.11828073929
5550.11828073929
5550.11828073929
5550.11828073929
5550.11828073929
5550.11828073929
5550.11828073929
5550.11828073929
5550.11828073929
5550.11828073929
5550.11828073929
5550.11828073929
5550.11828073929
5550.11828073929
5550.11828073929
5550.11828073929
5550.11828073929
5550.11828073929
5550.11828073929
5550.11828073929
5550.11828073929
5550.11828073929
5550.11828073929
5550.11828073929
5550.11828073929
5550.11828073929
5550.11828073929
5550.11828073929
5550.11828073929
5550.11828073929
5550.11828073929
5550.11828073929
5550.11828073929
5551.89935894427
5551.89935894427
5557.51554107927
5557.51554107927
5557.51554107927
5557.51554107927
5557.51554107927
5557.51554107927
5557.51554107927
5557.51554107927
5557.51554107927
5557.51554107927
5557.51554107927
5557.51554107927
5557.51554107927
5557.51554107927
5557.51554107927
5557.51554107927
5557.51554107927
5557.51554107927
5557.51554107927
5557.51554107927
5557.51554107927
5557.51554107927
5557.51554107927
5557.51554107927
5557.51554107927
5557.51554107927
5557.51554107927
5557.51554107927
5557.51554107927
5557.58183316117
5557.58183316117
5557.58183316117
5557.58183316117
5557.58183316117
5557.58183316117
5557.58183316117
5557.58183316117
5557.58183316117
5557.58183316117
5557.58183316117
5557.58183316117
5557.58183316117
5557.58183316117
5557.58183316117
5557.58183316117
5557.58183316117
5557.58183316117
5557.58183316117
5557.58183316117
5557.58183316117
5557.58183316117
5557.58183316117
5557.58183316117
5557.58183316117
5557.58183316117
5557.58183316117
5557.58183316117
5557.58183316117
5557.58183316117
5557.58183316117
5557.58183316117
5557.58183316117
5557.58183316117
5557.58183316117
5557.58183316117
5557.58183316117
5557.58183316117
5557.58183316117
5557.58183316117
5557.58183316117
5557.58183316117
5557.58183316117
5557.58183316117
5557.58183316117
5557.58183316117
5560.69706494098
5560.69706494098
5560.69706494098
5560.69706494098
5560.69706494098
5560.69706494098
5560.69706494098
5560.69706494098
5560.69706494098
5560.69706494098
5560.69706494098
5560.69706494098
5560.69706494098
5560.69706494098
5560.69706494098
5560.69706494098
5560.69706494098
5560.69706494098
5560.69706494098
5560.69706494098
5560.69706494098
5560.69706494098
5560.69706494098
5560.69706494098
5560.69706494098
5560.69706494098
5561.50767856457
5561.50767856457
5563.49530905955
5563.49530905955
5563.49530905955
5563.49530905955
5563.49530905955
5563.49530905955
5563.49530905955
5563.49530905955
5563.49530905955
5563.49530905955
5563.49530905955
5563.49530905955
5563.49530905955
5563.49530905955
5563.49530905955
5563.49530905955
5563.49530905955
5563.49530905955
5563.49530905955
5563.49530905955
5563.49530905955
5563.49530905955
5563.49530905955
5563.49530905955
5563.49530905955
5563.49530905955
5563.49530905955
5563.49530905955
5563.49530905955
5563.49530905955
5563.49530905955
5563.49530905955
5563.49530905955
5563.49530905955
5563.49530905955
5563.49530905955
5563.49530905955
5563.49530905955
5563.49530905955
5563.49530905955
5563.49530905955
5563.49530905955
5563.49530905955
5563.49530905955
5563.49530905955
5563.49530905955
5563.49530905955
5563.49530905955
5563.49530905955
5563.49530905955
5563.49530905955
5563.49530905955
5563.49530905955
5563.49530905955
5563.49530905955
5563.49530905955
5563.49530905955
5563.49530905955
5563.49530905955
5563.49530905955
5563.49530905955
5567.49050926958
5567.49050926958
5567.49050926958
5567.49050926958
5567.49050926958
5567.49050926958
5567.49050926958
5567.49050926958
5567.49050926958
5567.49050926958
5567.49050926958
5567.49050926958
5567.49050926958
5567.49050926958
5567.49050926958
5567.49050926958
5567.49050926958
5567.49050926958
5567.49050926958
5567.49050926958
5567.49050926958
5567.49050926958
5567.49050926958
5567.49050926958
5567.49050926958
5567.49050926958
5567.49050926958
5567.49050926958
5567.49050926958
5567.49050926958
5567.49050926958
5567.49050926958
5567.49050926958
5567.49050926958
5567.49050926958
5567.49050926958
5569.20914954775
5569.20914954775
5569.20914954775
5569.20914954775
5569.20914954775
5569.20914954775
5569.66846585214
5569.66846585214
5569.66846585214
5569.66846585214
5569.66846585214
5569.66846585214
5569.66846585214
5569.66846585214
5569.66846585214
5569.66846585214
5569.66846585214
5569.66846585214
5569.66846585214
5569.66846585214
5569.66846585214
5569.66846585214
5570.66629255629
5570.66629255629
5570.66629255629
5570.66629255629
5570.66629255629
5570.66629255629
5570.66629255629
5570.66629255629
5570.66629255629
5570.66629255629
5570.66629255629
5570.66629255629
5570.66629255629
5570.66629255629
5570.66629255629
5570.66629255629
5570.66629255629
5570.66629255629
5570.66629255629
5570.66629255629
5570.66629255629
5570.66629255629
5570.66629255629
5570.66629255629
5570.66629255629
5571.1895722343
5571.1895722343
5571.1895722343
5571.1895722343
5571.1895722343
5571.1895722343
5571.1895722343
5571.1895722343
5571.1895722343
5571.1895722343
5571.1895722343
5571.1895722343
5571.1895722343
5571.1895722343
5571.1895722343
5571.1895722343
5571.1895722343
5571.1895722343
5571.1895722343
5571.1895722343
5571.1895722343
5571.1895722343
5571.1895722343
5571.1895722343
5571.1895722343
5571.1895722343
5572.46998966833
5572.46998966833
5572.46998966833
5572.46998966833
5572.46998966833
5572.46998966833
5572.46998966833
5572.46998966833
5572.46998966833
5572.46998966833
5572.46998966833
5572.46998966833
5572.46998966833
5572.46998966833
5572.46998966833
5572.46998966833
5572.46998966833
5572.46998966833
5572.46998966833
5572.46998966833
5572.46998966833
5572.46998966833
5572.46998966833
5572.46998966833
5572.46998966833
5572.46998966833
5572.46998966833
5572.46998966833
5572.46998966833
5572.46998966833
5572.46998966833
5572.46998966833
5572.46998966833
5572.46998966833
5572.46998966833
5572.46998966833
5572.46998966833
5572.46998966833
5573.72673452376
5573.72673452376
5573.72673452376
5573.72673452376
5573.72673452376
5573.72673452376
5573.72673452376
5573.72673452376
5574.20830235011
5574.20830235011
5574.20830235011
5576.11398138467
5576.11398138467
5576.11398138467
5576.11398138467
5576.11398138467
5576.11398138467
5576.11398138467
5576.11398138467
5576.11398138467
5576.11398138467
5576.11398138467
5576.11398138467
5576.11398138467
5576.11398138467
5576.11398138467
5576.88222940018
5576.88222940018
5576.88222940018
5576.88222940018
5576.88222940018
5576.88222940018
5576.88222940018
5576.88222940018
5576.88222940018
5576.88222940018
5576.88222940018
5576.88222940018
5576.88222940018
5576.88222940018
5576.88222940018
5576.88222940018
5576.88222940018
5576.88222940018
5576.88222940018
5576.88222940018
5576.88222940018
5576.88222940018
5576.88222940018
5576.88222940018
5576.88222940018
5576.88222940018
5576.88222940018
5576.88222940018
5576.88222940018
5576.88222940018
5576.88222940018
5576.88222940018
5576.88222940018
5576.88222940018
5576.88222940018
5576.88222940018
5576.88222940018
5576.88222940018
5576.88222940018
5576.88222940018
5576.88222940018
5576.88222940018
5576.88222940018
5576.88222940018
5576.88222940018
5576.88222940018
5576.88222940018
5576.88222940018
5576.88222940018
5577.9671458868
5579.20369583478
5579.20369583478
5579.20369583478
5579.20369583478
5579.20369583478
5579.20369583478
5579.20369583478
5579.20369583478
5579.20369583478
5579.20369583478
5579.20369583478
5579.20369583478
5579.20369583478
5579.20369583478
5579.20369583478
5579.20369583478
5579.20369583478
5579.20369583478
5579.20369583478
5579.20369583478
5579.46713771937
5579.46713771937
5579.46713771937
5579.98431070748
5579.98431070748
5581.76952201116
5581.76952201116
5581.76952201116
5581.76952201116
5581.76952201116
5581.76952201116
5581.76952201116
5581.76952201116
5581.76952201116
5581.76952201116
5581.76952201116
5581.76952201116
5581.76952201116
5581.76952201116
5581.76952201116
5581.76952201116
5581.76952201116
5581.76952201116
5581.76952201116
5581.76952201116
5581.76952201116
5581.76952201116
5581.76952201116
5581.76952201116
5581.76952201116
5581.76952201116
5581.76952201116
5581.76952201116
5581.76952201116
5581.76952201116
5581.76952201116
5581.76952201116
5581.76952201116
5581.76952201116
5581.76952201116
5581.76952201116
5581.76952201116
5581.76952201116
5581.76952201116
5581.76952201116
5581.76952201116
5581.76952201116
5581.76952201116
5581.76952201116
5581.76952201116
5581.76952201116
5584.19214610596
5584.19214610596
5584.19214610596
5584.19214610596
5584.19214610596
5584.19214610596
5584.19214610596
5584.19214610596
5584.19214610596
5584.19214610596
5584.19214610596
5584.19214610596
5584.19214610596
5584.19214610596
5584.19214610596
5584.19214610596
5584.19214610596
5584.19214610596
5584.19214610596
5584.19214610596
5584.19214610596
5584.19214610596
5584.19214610596
5584.19214610596
5584.19214610596
5584.19214610596
5584.19214610596
5584.19214610596
5584.19214610596
5584.19214610596
5584.19214610596
5584.19214610596
5584.19214610596
5584.19214610596
5584.19214610596
5584.19214610596
5584.19214610596
5584.19214610596
5584.19214610596
5584.19214610596
5584.19214610596
5584.27223538052
5584.58502318512
5584.58502318512
5584.58502318512
5584.58502318512
5584.58502318512
5584.58502318512
5584.58502318512
5584.58502318512
5584.58502318512
5584.58502318512
5584.58502318512
5584.58502318512
5584.58502318512
5584.58502318512
5584.58502318512
5584.58502318512
5584.58502318512
5584.58502318512
5584.58502318512
5584.58502318512
5584.58502318512
5584.58502318512
5584.58502318512
5584.58502318512
5584.58502318512
5584.58502318512
5584.58502318512
5584.58502318512
5584.58502318512
5584.58502318512
5584.58502318512
5584.58502318512
5584.58502318512
5584.58502318512
5584.83997875419
5585.17231668697
5585.17231668697
5585.17231668697
5585.17231668697
5585.17231668697
5585.91531385316
5586.270539632
5586.270539632
5586.270539632
5586.270539632
5586.270539632
5586.270539632
5586.270539632
5586.270539632
5586.270539632
5586.270539632
5586.270539632
5586.270539632
5586.270539632
5586.51728585894
5586.51728585894
5586.51728585894
5586.51728585894
5587.19217116603
5591.55697161203
5591.7756824097
5591.7756824097
5591.7756824097
5591.7756824097
5591.7756824097
5591.7756824097
5591.7756824097
5591.7756824097
5592.05580070306
5592.74718429892
5592.74718429892
5592.74718429892
5592.74718429892
5593.96683445172
5593.96683445172
5593.96683445172
5593.96683445172
5593.96683445172
5593.96683445172
5593.96683445172
5593.96683445172
5593.96683445172
5593.96683445172
5593.96683445172
5593.96683445172
5593.96683445172
5593.96683445172
5593.96683445172
5593.96683445172
5593.96683445172
5593.96683445172
5594.42940271834
5594.42940271834
5594.42940271834
5594.42940271834
5594.42940271834
5594.42940271834
5594.42940271834
5594.42940271834
5594.42940271834
5594.42940271834
5594.42940271834
5594.42940271834
5594.42940271834
5596.28290062806
5596.28290062806
5596.28290062806
5596.28290062806
5596.28290062806
5596.28290062806
5596.28290062806
5596.28290062806
5596.28290062806
5596.28290062806
5596.28290062806
5596.28290062806
5596.28290062806
5596.28290062806
5596.28290062806
5596.28290062806
5596.28290062806
5596.28290062806
5596.28290062806
5596.28290062806
5596.28290062806
5596.28290062806
5596.28290062806
5596.28290062806
5596.28290062806
5596.28290062806
5596.28290062806
5596.28290062806
5596.28290062806
5596.28290062806
5596.28290062806
5596.28290062806
5596.28290062806
5596.28290062806
5596.28290062806
5601.93445117736
5601.93445117736
5601.93445117736
5601.93445117736
5602.19853235046
5602.19853235046
5602.19853235046
5602.19853235046
5602.19853235046
5602.19853235046
5602.19853235046
5602.19853235046
5602.19853235046
5602.19853235046
5602.19853235046
5602.19853235046
5602.20629054045
5602.20629054045
5602.20629054045
5602.20629054045
5602.20629054045
5602.20629054045
5602.20629054045
5602.20629054045
5602.20629054045
5602.20629054045
5602.20629054045
5602.20629054045
5603.31603427096
5603.3732289409
5604.51701304856
5604.51701304856
5605.56790612279
5606.52504465479
5606.54066560827
5606.54066560827
5606.54066560827
5606.54066560827
5606.54066560827
5606.54066560827
5606.54066560827
5606.54066560827
5606.54066560827
5606.54066560827
5606.54066560827
5606.54066560827
5606.54066560827
5606.54066560827
5606.54066560827
5606.54066560827
5606.56525225952
5607.77608659759
5607.77608659759
5607.77608659759
5607.77608659759
5607.77608659759
5607.77608659759
5607.77608659759
5607.77608659759
5607.77608659759
5607.77608659759
5607.77608659759
5607.77608659759
5607.77608659759
5607.77608659759
5607.77608659759
5607.77608659759
5607.77608659759
5607.77608659759
5607.77608659759
5607.77608659759
5607.77608659759
5607.77608659759
5607.77608659759
5607.77608659759
5607.77608659759
5607.77608659759
5607.77608659759
5607.77608659759
5607.77608659759
5607.77608659759
5607.77608659759
5607.77608659759
5607.77608659759
5607.77608659759
5607.77608659759
5607.77608659759
5607.77608659759
5607.77608659759
5607.77608659759
5607.77608659759
5607.77608659759
5607.77608659759
5607.77608659759
5607.77608659759
5607.77608659759
5607.77608659759
5607.77608659759
5607.77608659759
5607.77608659759
5607.77608659759
5607.77608659759
5607.77608659759
5607.80420380344
5607.80420380344
5607.80420380344
5607.80420380344
5607.80420380344
5607.80420380344
5607.80420380344
5607.80420380344
5607.80420380344
5607.80420380344
5607.80420380344
5607.80420380344
5607.80420380344
5607.80420380344
5607.80420380344
5607.80420380344
5607.80420380344
5607.80420380344
5607.80420380344
5607.80420380344
5607.80420380344
5607.80420380344
5607.80420380344
5607.80420380344
5607.80420380344
5607.80420380344
5607.80420380344
5607.80420380344
5607.80420380344
5607.80420380344
5607.80420380344
5607.80420380344
5607.80420380344
5607.80420380344
5607.80420380344
5609.18639889671
5609.21036219979
5609.87275646374
5609.87275646374
5609.87275646374
5609.87275646374
5609.87275646374
5609.87275646374
5609.87275646374
5609.87275646374
5609.87275646374
5609.87275646374
5609.87275646374
5609.87275646374
5609.87275646374
5609.87275646374
5610.20857001886
5610.20857001886
5610.20857001886
5610.20857001886
5610.20857001886
5610.20857001886
5610.20857001886
5610.20857001886
5610.20857001886
5610.20857001886
5610.20857001886
5610.20857001886
5610.20857001886
5610.20857001886
5610.20857001886
5610.20857001886
5610.20857001886
5610.20857001886
5610.20857001886
5610.20857001886
5610.20857001886
5610.20857001886
5610.20857001886
5610.20857001886
5610.20857001886
5610.20857001886
5610.20857001886
5610.20857001886
5610.20857001886
5610.20857001886
5610.20857001886
5610.20857001886
5610.20857001886
5610.20857001886
5610.20857001886
5610.20857001886
5610.20857001886
5610.20857001886
5610.20857001886
5610.20857001886
5610.20857001886
5611.32342932976
5615.30755563977
5615.30755563977
5615.30755563977
5615.30755563977
5615.30755563977
5615.30755563977
5615.30755563977
5618.229166487
5618.229166487
5618.229166487
5618.229166487
5618.229166487
5618.229166487
5618.229166487
5618.229166487
5618.229166487
5618.229166487
5618.229166487
5618.229166487
5618.229166487
5618.229166487
5618.229166487
5618.229166487
5620.9348397061
5620.9348397061
5620.9348397061
5620.9348397061
5620.9348397061
5620.9348397061
5620.9348397061
5620.9348397061
5620.9348397061
5620.9348397061
5620.9348397061
5620.9348397061
5620.9348397061
5620.9348397061
5623.81568227015
5623.81568227015
5623.81568227015
5623.81568227015
5623.81568227015
5623.81568227015
5623.81568227015
5623.81568227015
5623.81568227015
5623.81568227015
5623.81568227015
5623.81568227015
5623.81568227015
5623.81568227015
5623.81568227015
5627.01974533289
5627.01974533289
5627.01974533289
5627.01974533289
5627.01974533289
5627.01974533289
5627.01974533289
5627.01974533289
5627.01974533289
5627.01974533289
5627.01974533289
5627.01974533289
5627.01974533289
5627.01974533289
5627.01974533289
5627.01974533289
5627.01974533289
5627.01974533289
5627.01974533289
5627.01974533289
5627.01974533289
5627.45877713291
5627.45877713291
5627.45877713291
5627.45877713291
5628.80079321763
5629.26044879534
5629.26044879534
5629.26044879534
5629.26044879534
5629.26044879534
5629.26044879534
5629.26044879534
5629.26044879534
5629.26044879534
5629.26044879534
5629.26044879534
5629.26044879534
5629.26044879534
5629.26044879534
5629.26044879534
5629.26044879534
5629.26044879534
5629.26044879534
5629.26044879534
5629.26044879534
5629.26044879534
5629.26044879534
5629.26044879534
5629.26044879534
5629.26044879534
5629.26044879534
5629.26044879534
5629.26044879534
5629.26044879534
5629.26044879534
5629.26044879534
5629.26044879534
5629.26044879534
5629.26044879534
5629.26044879534
5629.26044879534
5629.26044879534
5629.26044879534
5629.26044879534
5629.26044879534
5629.26044879534
5629.26044879534
5629.26044879534
5629.26044879534
5629.26044879534
5629.26044879534
5629.26044879534
5629.26044879534
5629.26044879534
5629.32166426242
5629.32166426242
5629.32166426242
5629.32166426242
5629.32166426242
5629.32166426242
5629.32166426242
5629.32166426242
5629.32166426242
5629.32166426242
5629.32166426242
5629.32166426242
5629.32166426242
5629.32166426242
5629.32166426242
5629.32166426242
5629.32166426242
5629.32166426242
5629.32166426242
5629.32166426242
5629.32166426242
5630.72412117848
5632.03271976051
5632.03271976051
5632.03271976051
5632.03271976051
5632.03271976051
5632.03271976051
5632.03271976051
5632.03271976051
5632.03271976051
5632.03271976051
5632.03271976051
5632.03271976051
5632.03271976051
5632.03271976051
5632.03271976051
5632.03271976051
5632.03271976051
5632.03271976051
5632.03271976051
5632.03271976051
5632.03271976051
5632.03271976051
5632.03271976051
5632.03271976051
5632.03271976051
5632.03271976051
5632.03271976051
5632.03271976051
5632.03271976051
5632.03271976051
5632.03271976051
5632.03271976051
5632.03271976051
5632.03271976051
5633.79752431948
5633.79752431948
5633.79752431948
5637.86105042192
5637.86105042192
5637.86105042192
5637.86105042192
5637.86105042192
5637.86105042192
5637.86105042192
5637.86105042192
5637.86105042192
5637.86105042192
5637.86105042192
5637.86105042192
5637.86105042192
5637.86105042192
5637.86105042192
5637.86105042192
5637.86105042192
5637.86105042192
5637.86105042192
5637.86105042192
5637.86105042192
5637.86105042192
5637.86105042192
5637.86105042192
5637.86105042192
5637.86105042192
5637.86105042192
5637.86105042192
5637.86105042192
5637.86105042192
5637.86105042192
5637.86105042192
5637.86105042192
5637.86105042192
5638.68389266168
5638.97269570197
5638.97269570197
5638.97269570197
5638.97269570197
5638.97269570197
5638.97269570197
5638.97269570197
5638.97269570197
5638.97269570197
5638.97269570197
5638.97269570197
5638.97269570197
5638.97269570197
5638.97269570197
5638.97269570197
5638.9949681997
5638.9949681997
5638.9949681997
5638.9949681997
5640.88603601783
5640.88603601783
5640.88603601783
5640.88603601783
5640.88603601783
5640.88603601783
5640.88603601783
5640.88603601783
5640.88603601783
5640.88603601783
5640.88603601783
5640.88603601783
5640.88603601783
5640.88603601783
5640.88603601783
5640.88603601783
5640.88603601783
5640.88603601783
5640.88603601783
5640.88603601783
5640.88603601783
5640.88603601783
5640.88603601783
5640.88603601783
5640.88603601783
5640.88603601783
5640.88603601783
5640.88603601783
5640.88603601783
5640.88603601783
5640.88603601783
5640.88603601783
5640.88603601783
5640.88603601783
5640.88603601783
5640.88603601783
5640.88603601783
5640.88603601783
5640.88603601783
5640.88603601783
5640.88603601783
5640.88603601783
5640.88603601783
5640.88603601783
5640.88603601783
5640.88603601783
5640.88603601783
5640.88603601783
5640.88603601783
5640.88603601783
5640.88603601783
5640.88603601783
5640.88603601783
5640.88603601783
5640.88603601783
5640.88603601783
5640.88603601783
5640.88603601783
5640.88603601783
5640.88603601783
5640.88603601783
5640.88603601783
5640.88603601783
5640.88603601783
5640.88603601783
5640.88603601783
5640.88603601783
5640.88603601783
5640.88603601783
5640.88603601783
5640.88603601783
5640.88603601783
5640.88603601783
5640.88603601783
5640.88603601783
5640.88603601783
5640.88603601783
5640.88603601783
5640.88603601783
5640.88603601783
5641.05335673816
5641.05335673816
5641.05335673816
5641.05335673816
5641.05335673816
5641.05335673816
5641.05335673816
5641.05335673816
5641.05335673816
5641.05335673816
5641.05335673816
5641.05335673816
5641.05335673816
5641.05335673816
5641.05335673816
5641.05335673816
5641.05335673816
5641.05335673816
5641.05335673816
5641.05335673816
5641.05335673816
5641.05335673816
5641.05335673816
5641.05335673816
5641.05335673816
5641.05335673816
5641.05335673816
5641.05335673816
5641.05335673816
5641.05335673816
5641.05335673816
5641.05335673816
5641.05335673816
5641.05335673816
5641.05335673816
5641.05335673816
5641.05335673816
5641.05335673816
5641.05335673816
5641.05335673816
5641.05335673816
5641.05335673816
5641.05335673816
5641.05335673816
5641.05335673816
5641.05335673816
5641.92125632743
5642.16389946401
5642.16389946401
5642.16389946401
5642.16389946401
5642.16389946401
5642.16389946401
5642.16389946401
5642.16389946401
5642.16389946401
5642.16389946401
5642.16389946401
5642.16389946401
5642.16389946401
5642.16389946401
5642.16389946401
5642.16389946401
5642.16389946401
5642.16389946401
5642.16389946401
5642.16389946401
5642.16389946401
5643.91288549111
5643.91288549111
5643.91288549111
5643.91288549111
5643.91288549111
5643.91288549111
5643.91288549111
5643.91288549111
5643.91288549111
5643.91288549111
5643.91288549111
5643.91288549111
5643.91288549111
5643.91288549111
5643.91288549111
5643.91288549111
5643.91288549111
5643.91288549111
5643.91288549111
5643.91288549111
5643.91288549111
5643.91288549111
5643.91288549111
5643.91288549111
5643.91288549111
5643.91288549111
5643.91288549111
5643.91288549111
5643.91288549111
5643.91288549111
5643.91288549111
5643.91288549111
5643.91288549111
5643.91288549111
5643.91288549111
5643.91288549111
5646.35583051606
5646.87910914082
5646.87910914082
5646.87910914082
5646.87910914082
5646.87910914082
5646.87910914082
5646.87910914082
5646.87910914082
5646.87910914082
5646.87910914082
5646.87910914082
5646.87910914082
5646.87910914082
5646.87910914082
5646.87910914082
5646.87910914082
5646.87910914082
5646.87910914082
5646.87910914082
5646.87910914082
5646.87910914082
5646.87910914082
5646.87910914082
5646.87910914082
5646.87910914082
5646.87910914082
5646.87910914082
5646.87910914082
5646.87910914082
5646.87910914082
5646.87910914082
5646.87910914082
5646.87910914082
5646.87910914082
5646.87910914082
5646.87910914082
5646.87910914082
5646.87910914082
5646.87910914082
5646.87910914082
5646.87910914082
5646.87910914082
5646.87910914082
5646.87910914082
5646.87910914082
5646.87910914082
5646.87910914082
5646.87910914082
5646.87910914082
5646.87910914082
5646.87910914082
5646.87910914082
5646.87910914082
5646.87910914082
5646.87910914082
5646.87910914082
5646.87910914082
5646.87910914082
5646.87910914082
5646.87910914082
5646.87910914082
5646.87910914082
5646.87910914082
5646.87910914082
5647.34116016451
5647.34116016451
5647.34116016451
5647.34116016451
5647.34116016451
5647.34116016451
5647.34116016451
5647.34116016451
5647.34116016451
5647.34116016451
5647.34116016451
5647.34116016451
5647.34116016451
5647.34116016451
5647.34116016451
5647.34116016451
5647.34116016451
5647.34116016451
5647.34116016451
5647.34116016451
5647.34116016451
5647.34116016451
5647.34116016451
5647.34116016451
5648.18293710914
5648.18293710914
5648.18293710914
5648.18293710914
5648.18293710914
5648.18293710914
5648.18293710914
5648.18293710914
5648.18293710914
5648.18293710914
5648.18293710914
5648.18293710914
5648.18293710914
5648.18293710914
5648.18293710914
5648.18293710914
5648.18293710914
5648.18293710914
5648.18293710914
5648.18293710914
5648.18293710914
5648.18293710914
5648.18293710914
5648.18293710914
5648.18293710914
5648.18293710914
5648.18293710914
5648.18293710914
5652.1773955981
5655.36951715452
5655.36951715452
5655.36951715452
5655.36951715452
5655.36951715452
5655.36951715452
5655.36951715452
5655.36951715452
5655.36951715452
5655.36951715452
5655.36951715452
5655.36951715452
5655.36951715452
5656.09570507926
5656.09570507926
5656.09570507926
5656.09570507926
5656.09570507926
5656.09570507926
5656.09570507926
5656.09570507926
5656.09570507926
5656.09570507926
5656.51048008094
5656.51048008094
5656.51048008094
5656.51048008094
5656.51048008094
5656.51048008094
5656.51048008094
5656.51048008094
5656.51048008094
5656.64999932836
5656.86413377767
5656.86413377767
5656.86413377767
5656.86413377767
5656.86413377767
5656.86413377767
5661.39878070077
5661.39878070077
5661.39878070077
5667.04059141427
5667.04059141427
5667.04059141427
5667.04059141427
5667.04059141427
5667.04059141427
5667.04059141427
5667.04059141427
5667.04059141427
5667.04059141427
5667.04059141427
5667.04059141427
5667.04059141427
5667.04059141427
5667.04059141427
5667.04059141427
5668.9715092423
5668.9715092423
5668.9715092423
5668.9715092423
5668.9715092423
5668.9715092423
5668.9715092423
5668.9715092423
5668.9715092423
5668.9715092423
5668.9715092423
5668.9715092423
5668.9715092423
5668.9715092423
5668.9715092423
5668.9715092423
5668.9715092423
5668.9715092423
5668.9715092423
5668.9715092423
5668.9715092423
5668.9715092423
5668.9715092423
5668.9715092423
5668.9715092423
5668.9715092423
5668.9715092423
5668.9715092423
5668.9715092423
5668.9715092423
5668.9715092423
5668.9715092423
5668.9715092423
5668.9715092423
5668.9715092423
5668.9715092423
5668.9715092423
5668.9715092423
5668.9715092423
5668.9715092423
5668.9715092423
5668.9715092423
5668.9715092423
5668.9715092423
5668.9715092423
5668.9715092423
5668.9715092423
5668.9715092423
5668.9715092423
5668.9715092423
5668.9715092423
5668.9715092423
5668.9715092423
5668.9715092423
5668.9715092423
5668.9715092423
5668.9715092423
5668.9715092423
5668.9715092423
5668.9715092423
5668.9715092423
5668.9715092423
5668.9715092423
5668.9715092423
5668.9715092423
5668.9715092423
5668.9715092423
5668.9715092423
5668.9715092423
5668.9715092423
5668.9715092423
5668.9715092423
5668.9715092423
5668.9715092423
5668.9715092423
5668.9715092423
5668.9715092423
5668.9715092423
5668.9715092423
5668.9715092423
5668.9715092423
5668.9715092423
5668.9715092423
5668.9715092423
5668.9715092423

