5373.49257180014
5742.05833015823
5858.65066834113
5944.91405604498
5992.11560810685
6025.67986293161
6069.354457128
6111.51230406167
6147.71522704309
6211.65080396594
6234.66574532404
6234.76129380797
6246.30809536104
6262.3970110128
6276.22478910975
6285.98085202006
6300.83293206857
6319.21706182581
6345.65258337266
6353.86288818058
6376.45654372969
6395.25784858134
6400.3859137217
6416.3912448677
6424.25098513868
6435.43878956253
6445.23836537431
6448.27439924736
6448.27439924736
6452.32230931284
6458.54885595107
6465.47723170957
6481.40540329019
6484.864290448
6495.26359295858
6495.26359295858
6497.58181624022
6513.50376839916
6517.9875036195
6524.64610744329
6530.20485287846
6530.20485287846
6535.77769765513
6536.36594102991
6543.26906390765
6558.78165277519
6558.78165277519
6566.16161114889
6569.53794734552
6569.53794734552
6569.53794734552
6569.53794734552
6570.46079972626
6570.46079972626
6574.45316032005
6574.45316032005
6574.45316032005
6574.45316032005
6574.45316032005
6575.6065002164
6577.73842271935
6577.73842271935
6578.65066643969
6578.65066643969
6584.82815641298
6586.26572238859
6588.71960578164
6589.09095003051
6596.34919298598
6597.60421072691
6600.18533930975
6600.18533930975
6605.47053482853
6611.2534885308
6615.24488920975
6615.24488920975
6625.45607882682
6626.38922708253
6628.73783931419
6628.73783931419
6628.73783931419
6628.73783931419
6628.73783931419
6628.73783931419
6628.73783931419
6628.73783931419
6628.73783931419
6628.73783931419
6640.64056075479
6647.49957585059
6647.49957585059
6647.49957585059
6647.49957585059
6651.53433729331
6651.53433729331
6651.53433729331
6651.53433729331
6651.53433729331
6651.53433729331
6655.82548627568
6659.11602116788
6662.66203281454
6665.08416525456
6671.64627155957
6671.64627155957
6672.03165695085
6693.98819990801
6694.67405243855
6695.98456533849
6698.58861649117
6698.58861649117
6700.98642802801
6707.57127324529
6710.88043615836
6710.88043615836
6715.42733931611
6715.42733931611
6720.22564035145
6720.3940086796
6720.3940086796
6720.3940086796
6723.94959542623
6725.76041841679
6726.61379749375
6726.61379749375
6726.61379749375
6729.93597153679
6730.17657960473
6730.17657960473
6731.49697221513
6747.43115577055
6747.43115577055
6747.43115577055
6747.43115577055
6747.96291052441
6747.96291052441
6747.96291052441
6749.10379472658
6752.65436587233
6759.54294309386
6759.54294309386
6759.54294309386
6759.54294309386
6759.54294309386
6759.54294309386
6759.54294309386
6759.54294309386
6759.54294309386
6759.54294309386
6759.54294309386
6759.54294309386
6765.36577506063
6765.72334897214
6774.12086991094
6774.12086991094
6774.12086991094
6774.12086991094
6774.12086991094
6774.12086991094
6774.12086991094
6778.4726654298
6779.15884530487
6780.52794513368
6780.52794513368
6780.52794513368
6780.52794513368
6780.52794513368
6780.52794513368
6782.00476200191
6782.00476200191
6783.12300451023
6783.12300451023
6783.12300451023
6783.12300451023
6783.12300451023
6788.85992126283
6788.85992126283
6788.85992126283
6789.03007947793
6789.33318713297
6789.33318713297
6789.41878840934
6789.41878840934
6789.41878840934
6789.41878840934
6789.41878840934
6789.41878840934
6789.41878840934
6789.41878840934
6789.41878840934
6791.7724207102
6791.7724207102
6791.7724207102
6791.7724207102
6791.7724207102
6792.55873792646
6797.64472019267
6797.64472019267
6797.64472019267
6797.64472019267
6799.45536807053
6800.59396496264
6800.59396496264
6800.59396496264
6800.59396496264
6800.59396496264
6800.59396496264
6800.59396496264
6800.59396496264
6800.59396496264
6800.59396496264
6800.59396496264
6800.59396496264
6807.0750175726
6807.0750175726
6807.0750175726
6807.0750175726
6807.0750175726
6809.84811598973
6815.04149489823
6815.04149489823
6815.04149489823
6815.04149489823
6815.04149489823
6817.01799677025
6823.40945367786
6823.40945367786
6823.40945367786
6823.40945367786
6823.91292825932
6823.91292825932
6823.91292825932
6824.92824349825
6828.46634213539
6831.83801692767
6835.06331356879
6835.06331356879
6836.81203746456
6846.23294318815
6846.23294318815
6846.23294318815
6846.23294318815
6846.23294318815
6846.23294318815
6846.23294318815
6846.23294318815
6846.73352653818
6846.73352653818
6846.73352653818
6846.73352653818
6846.73352653818
6846.73352653818
6847.48624265202
6847.48624265202
6847.48624265202
6849.09825304421
6849.09825304421
6849.09825304421
6853.93271276298
6854.94036694709
6859.42099209934
6859.42099209934
6859.42099209934
6859.42099209934
6859.42099209934
6859.42099209934
6859.42099209934
6859.42099209934
6859.42099209934
6859.42099209934
6859.42099209934
6862.47642378717
6862.47642378717
6864.96845846886
6864.96845846886
6866.60099463924
6866.60099463924
6872.58109132859
6872.58109132859
6872.58109132859
6872.58109132859
6872.89209822378
6879.97749852528
6879.97749852528
6879.97749852528
6879.97749852528
6879.97749852528
6881.59715857413
6881.59715857413
6881.59715857413
6881.59715857413
6881.59715857413
6881.59715857413
6881.59715857413
6881.59715857413
6881.59715857413
6881.59715857413
6881.59715857413
6881.59715857413
6881.59715857413
6881.59715857413
6881.59715857413
6888.24909107425
6893.00304160267
6893.00304160267
6893.00304160267
6893.00304160267
6894.95576580925
6894.95576580925
6894.95576580925
6894.95576580925
6895.98199601334
6895.98199601334
6895.98199601334
6895.98199601334
6895.98199601334
6895.98199601334
6895.98199601334
6895.98199601334
6895.98199601334
6895.98199601334
6895.98199601334
6895.98199601334
6895.98199601334
6895.98199601334
6895.98199601334
6895.98199601334
6895.98199601334
6895.98199601334
6896.95822217539
6896.95822217539
6896.95822217539
6896.95822217539
6896.95822217539
6896.95822217539
6898.2029297276
6898.2029297276
6898.2029297276
6898.2029297276
6898.2029297276
6898.2029297276
6898.2029297276
6898.2029297276
6898.2029297276
6898.2029297276
6898.2029297276
6898.2029297276
6898.2029297276
6900.96203595399
6902.59582478754
6902.59582478754
6902.59582478754
6902.59582478754
6902.59582478754
6902.59582478754
6902.59582478754
6902.59582478754
6903.7848891662
6903.7848891662
6903.7848891662
6903.7848891662
6903.7848891662
6904.84745792488
6904.84745792488
6904.84745792488
6904.84745792488
6904.84745792488
6904.84745792488
6904.84745792488
6904.84745792488
6904.84745792488
6904.84745792488
6904.84745792488
6904.84745792488
6904.84745792488
6904.84745792488
6904.84745792488
6904.84745792488
6904.84745792488
6904.84745792488
6904.84745792488
6904.84745792488
6904.84745792488
6904.84745792488
6904.84745792488
6904.84745792488
6904.84745792488
6904.84745792488
6904.84745792488
6904.84745792488
6904.84745792488
6904.84745792488
6906.723578753
6906.723578753
6906.723578753
6909.69667337389
6909.69667337389
6912.92937424474
6912.92937424474
6912.92937424474
6912.92937424474
6912.92937424474
6912.92937424474
6915.12588854661
6915.12588854661
6915.12588854661
6915.12588854661
6915.12588854661
6917.06126055161
6917.06126055161
6917.06126055161
6917.06126055161
6917.32569595083
6918.26450456201
6918.26450456201
6918.26450456201
6918.6304629502
6921.26462625499
6921.26462625499
6921.26462625499
6921.26462625499
6922.04984868764
6922.04984868764
6922.04984868764
6922.04984868764
6922.04984868764
6922.04984868764
6922.04984868764
6922.04984868764
6926.52032643815
6926.52032643815
6926.52032643815
6926.52032643815
6926.52032643815
6928.1523180367
6928.1523180367
6928.33868823572
6928.33868823572
6928.33868823572
6928.33868823572
6928.33868823572
6928.33868823572
6928.33868823572
6928.71694741216
6928.71694741216
6928.71694741216
6928.71694741216
6928.71694741216
6928.71694741216
6928.71694741216
6928.71694741216
6928.71694741216
6935.49922525028
6935.69697151633
6940.78898581953
6940.78898581953
6940.78898581953
6941.04133070815
6947.17820018229
6947.17820018229
6947.17820018229
6947.17820018229
6947.17820018229
6947.17820018229
6947.17820018229
6947.17820018229
6947.17820018229
6947.17820018229
6947.68906447976
6951.60922250324
6951.60922250324
6951.60922250324
6952.90226816377
6952.90226816377
6952.90226816377
6952.90226816377
6952.90226816377
6952.90226816377
6952.90226816377
6952.90226816377
6952.90226816377
6952.90226816377
6952.90226816377
6952.90226816377
6955.97203697273
6955.97203697273
6955.97203697273
6955.97203697273
6955.97203697273
6955.97203697273
6955.97203697273
6955.97203697273
6955.97203697273
6955.97203697273
6955.97203697273
6955.97203697273
6955.97203697273
6955.97203697273
6955.97203697273
6955.97203697273
6955.97203697273
6955.97203697273
6955.97203697273
6955.97203697273
6955.97203697273
6955.97203697273
6955.97203697273
6955.97203697273
6955.97203697273
6961.55946855826
6962.6322945572
6962.6322945572
6962.6322945572
6962.6322945572
6962.6322945572
6964.51160373181
6967.12922121813
6967.12922121813
6967.12922121813
6970.39646276738
6970.39646276738
6970.39646276738
6970.39646276738
6970.39646276738
6970.39646276738
6971.79619753997
6971.79619753997
6971.79619753997
6971.79619753997
6971.79619753997
6971.79619753997
6971.79619753997
6971.79619753997
6971.79619753997
6975.97122644296
6975.97122644296
6978.53706049136
6978.53706049136
6978.53706049136
6978.53706049136
6978.53706049136
6983.55399206226
6984.51586372616
6984.51586372616
6988.1676841552
6988.1676841552
6992.64652020681
6992.64652020681
6992.64652020681
6992.64652020681
6992.64652020681
6992.64652020681
6992.64652020681
6998.58259227781
6999.72348666353
6999.72348666353
6999.72348666353
6999.72348666353
6999.72348666353
6999.72348666353
6999.72348666353
6999.72348666353
6999.72348666353
6999.72348666353
6999.72348666353
6999.72348666353
6999.72348666353
7001.69721993071
7001.69721993071
7005.94295583872
7005.94295583872
7005.94295583872
7005.94295583872
7005.94295583872
7005.94295583872
7005.94295583872
7005.94295583872
7005.94295583872
7005.94295583872
7005.94295583872
7005.94295583872
7005.94295583872
7005.94295583872
7005.94295583872
7005.94295583872
7005.94295583872
7005.94295583872
7005.94295583872
7005.94295583872
7005.94295583872
7005.94295583872
7005.94295583872
7005.94295583872
7005.94295583872
7005.94295583872
7005.94295583872
7005.94295583872
7005.94295583872
7005.94295583872
7005.94295583872
7006.61006706795
7006.61006706795
7007.64100222713
7007.64100222713
7007.64100222713
7007.64100222713
7007.64100222713
7007.64100222713
7007.64100222713
7007.64100222713
7007.64100222713
7007.64100222713
7007.64100222713
7007.64100222713
7007.64100222713
7007.64100222713
7007.64100222713
7007.64100222713
7007.64100222713
7007.64100222713
7007.64100222713
7007.64100222713
7007.64100222713
7007.64100222713
7007.64100222713
7014.96057236043
7014.96057236043
7014.96057236043
7014.96057236043
7014.96057236043
7014.96057236043
7014.96057236043
7014.96057236043
7016.25689617064
7016.25689617064
7016.25689617064
7016.25689617064
7016.25689617064
7016.25689617064
7016.25689617064
7016.25689617064
7016.25689617064
7016.25689617064
7016.25689617064
7016.25689617064
7016.25689617064
7016.25689617064
7016.25689617064
7016.25689617064
7016.25689617064
7016.25689617064
7016.25689617064
7016.25689617064
7016.25689617064
7016.25689617064
7016.25689617064
7016.25689617064
7016.25689617064
7016.25689617064
7016.25689617064
7016.25689617064
7016.25689617064
7016.25689617064
7016.25689617064
7016.25689617064
7016.25689617064
7016.25689617064
7016.25689617064
7016.25689617064
7016.25689617064
7016.25689617064
7016.25689617064
7016.25689617064
7016.25689617064
7016.25689617064
7016.25689617064
7020.92660044793
7022.73485853639
7022.73485853639
7022.73485853639
7022.73485853639
7027.51790162802
7027.51790162802
7031.57478026124
7031.57478026124
7032.73142261949
7032.73142261949
7032.73142261949
7032.73142261949
7032.73142261949
7032.73142261949
7032.73142261949
7032.73142261949
7032.73142261949
7032.73142261949
7032.73142261949
7036.02062599331
7036.02062599331
7036.02062599331
7036.02062599331
7036.02062599331
7036.02062599331
7036.02062599331
7036.02062599331
7036.02062599331
7036.02062599331
7036.02062599331
7036.02062599331
7036.02062599331
7036.02062599331
7036.02062599331
7036.02062599331
7036.02062599331
7036.02062599331
7036.02062599331
7036.02062599331
7036.02062599331
7036.02062599331
7036.02062599331
7036.02062599331
7036.02062599331
7036.02062599331
7036.02062599331
7036.02062599331
7042.35310283385
7042.35310283385
7042.35310283385
7042.35310283385
7044.7333851685
7044.7333851685
7044.7333851685
7044.7333851685
7044.7333851685
7044.7333851685
7044.7333851685
7044.7333851685
7044.7333851685
7044.7333851685
7044.7333851685
7044.7333851685
7044.7333851685
7044.7333851685
7044.7333851685
7044.7333851685
7044.7333851685
7044.7333851685
7044.7333851685
7044.7333851685
7044.7333851685
7044.7333851685
7044.7333851685
7044.7333851685
7044.7333851685
7044.7333851685
7044.7333851685
7044.7333851685
7044.7333851685
7044.7333851685
7044.7333851685
7049.26437490687
7059.96297626072
7059.96297626072
7059.96297626072
7059.96297626072
7059.96297626072
7059.96297626072
7059.96297626072
7059.96297626072
7059.96297626072
7060.77817242822
7060.77817242822
7060.77817242822
7060.77817242822
7061.25381586828
7061.25381586828
7061.25381586828
7061.25381586828
7061.25381586828
7061.25381586828
7061.25381586828
7061.25381586828
7061.25381586828
7061.25381586828
7061.25381586828
7061.25381586828
7061.25381586828
7061.25381586828
7061.25381586828
7061.25381586828
7061.25381586828
7061.25381586828
7061.25381586828
7062.24846333893
7062.24846333893
7062.24846333893
7062.24846333893
7062.24846333893
7062.5101156634
7062.5101156634
7062.5101156634
7062.5101156634
7062.5101156634
7062.5101156634
7062.5101156634
7062.5101156634
7062.5101156634
7062.5101156634
7062.5101156634
7062.5101156634
7062.5101156634
7062.5101156634
7062.5101156634
7062.5101156634
7062.5101156634
7062.5101156634
7062.5101156634
7062.5101156634
7062.5101156634
7063.02547283715
7063.02547283715
7063.02547283715
7063.02547283715
7064.32572051011
7064.32572051011
7064.32572051011
7064.32572051011
7064.46413309613
7064.46413309613
7064.46413309613
7064.46413309613
7064.46413309613
7064.46413309613
7074.5769006693
7074.5769006693
7074.5769006693
7074.5769006693
7074.5769006693
7074.5769006693
7074.5769006693
7074.5769006693
7074.5769006693
7074.5769006693
7074.5769006693
7074.5769006693
7074.5769006693
7074.5769006693
7074.5769006693
7074.5769006693
7075.71209948085
7075.71209948085
7075.71209948085
7075.71209948085
7075.71209948085
7075.71209948085
7075.71209948085
7075.71209948085
7075.71209948085
7075.71209948085
7075.71209948085
7075.71209948085
7075.71209948085
7075.71209948085
7075.71209948085
7075.71209948085
7075.71209948085
7075.71209948085
7075.71209948085
7075.71209948085
7075.71209948085
7075.71209948085
7075.71209948085
7075.71209948085
7075.71209948085
7075.71209948085
7075.71209948085
7076.47363940675
7076.47363940675
7076.47363940675
7076.47363940675
7076.47363940675
7076.47363940675
7085.96982236382
7085.96982236382
7085.96982236382
7085.96982236382
7085.96982236382
7085.96982236382
7085.96982236382
7085.96982236382
7085.96982236382
7085.96982236382
7094.07314738688
7094.07314738688
7094.07314738688
7094.07314738688
7094.07314738688
7094.07314738688
7094.07314738688
7094.71995664204
7096.42959543155
7096.42959543155
7096.42959543155
7096.42959543155
7098.13218789268
7098.13218789268
7098.13218789268
7098.13218789268
7098.13218789268
7098.19311915268
7098.19311915268
7098.19311915268
7098.19311915268
7098.19311915268
7098.19311915268
7098.19311915268
7098.19311915268
7098.19311915268
7098.19311915268
7098.19311915268
7098.19311915268
7098.19311915268
7098.58525997675
7098.58525997675
7102.75211464047
7102.75211464047
7102.75211464047
7102.75211464047
7102.75211464047
7102.75211464047
7102.75211464047
7102.75211464047
7102.75211464047
7107.73788820449
7107.73788820449
7107.73788820449
7107.73788820449
7107.73788820449
7111.66346549843
7111.66346549843
7111.66346549843
7111.66346549843
7111.66346549843
7111.66346549843
7111.66346549843
7111.66346549843
7111.66346549843
7112.4019499013
7112.4019499013
7112.4019499013
7112.4019499013
7112.4019499013
7112.4019499013
7112.4019499013
7112.4019499013
7112.4019499013
7112.4019499013
7112.4019499013
7112.4019499013
7112.4019499013
7112.4019499013
7112.4019499013
7112.4019499013
7112.4019499013
7112.4019499013
7112.4019499013
7112.4019499013
7112.4019499013
7112.4019499013
7112.4019499013
7112.4019499013
7112.4019499013
7112.4019499013
7112.4019499013
7112.4019499013
7112.4019499013
7117.26272821079
7117.26272821079
7127.41118673899
7127.41118673899
7127.41118673899
7127.41118673899
7127.41118673899
7127.41118673899
7127.41118673899
7127.41118673899
7127.70114625904
7127.70114625904
7127.70114625904
7127.70114625904
7127.70114625904
7127.70114625904
7127.70114625904
7127.70114625904
7127.70114625904
7132.05786183685
7132.05786183685
7132.05786183685
7132.05786183685
7132.05786183685
7132.05786183685
7132.05786183685
7132.05786183685
7132.05786183685
7132.05786183685
7132.05786183685
7132.05786183685
7132.05786183685
7132.05786183685
7132.05786183685
7132.05786183685
7132.05786183685
7132.05786183685
7132.05786183685
7135.29517844761
7135.29517844761
7135.29517844761
7135.29517844761
7137.1125871019
7137.1125871019
7137.1125871019
7137.1125871019
7137.1125871019
7137.1125871019
7137.1125871019
7137.1125871019
7137.1125871019
7137.1125871019
7137.1125871019
7137.1125871019
7137.1125871019
7137.20055624526
7137.20055624526
7137.20055624526
7137.20055624526
7137.20055624526
7137.20055624526
7137.20055624526
7137.20055624526
7137.20055624526
7137.20055624526
7137.20055624526
7137.20055624526
7137.20055624526
7137.20055624526
7137.30930156824
7137.30930156824
7137.30930156824
7137.30930156824
7137.30930156824
7137.30930156824
7137.30930156824
7137.30930156824
7137.30930156824
7137.30930156824
7137.30930156824
7137.30930156824
7137.30930156824
7137.30930156824
7137.30930156824
7137.30930156824
7137.30930156824
7137.30930156824
7137.30930156824
7137.30930156824
7137.30930156824
7137.30930156824
7138.54954295226
7138.54954295226
7138.54954295226
7138.54954295226
7138.54954295226
7138.54954295226
7138.54954295226
7138.54954295226
7138.54954295226
7138.54954295226
7138.54954295226
7138.54954295226
7138.54954295226
7138.54954295226
7138.54954295226
7138.54954295226
7138.54954295226
7138.54954295226
7138.54954295226
7138.54954295226
7138.54954295226
7138.54954295226
7143.08532673305
7143.08532673305
7143.08532673305
7143.08532673305
7143.08532673305
7143.08532673305
7143.08532673305
7143.08532673305
7143.08532673305
7143.08532673305
7143.08532673305
7143.08532673305
7143.08532673305
7143.08532673305
7143.08532673305
7143.08532673305
7143.08532673305
7143.08532673305
7143.08532673305
7143.08532673305
7143.08532673305
7143.08532673305
7143.08532673305
7143.08532673305
7143.08532673305
7143.08532673305
7143.08532673305
7143.08532673305
7143.08532673305
7143.08532673305
7143.08532673305
7143.08532673305
7143.08532673305
7143.08532673305
7143.08532673305
7143.08532673305
7143.08532673305
7143.08532673305
7143.08532673305
7143.08532673305
7143.08532673305
7143.08532673305
7143.08532673305
7143.08532673305
7143.08532673305
7143.08532673305
7143.08532673305
7143.08532673305
7144.25959505272
7151.21194703925
7151.48690694544
7151.48690694544
7151.48690694544
7151.48690694544
7151.48690694544
7151.48690694544
7151.48690694544
7151.48690694544
7151.48690694544
7151.48690694544
7151.48690694544
7151.48690694544
7151.48690694544
7152.76846637289
7152.76846637289
7152.76846637289
7153.25261051706
7153.25261051706
7153.25261051706
7153.25261051706
7153.25261051706
7153.25261051706
7153.25261051706
7153.25261051706
7153.25261051706
7153.25261051706
7153.25261051706
7153.25261051706
7153.25261051706
7153.25261051706
7153.25261051706
7153.25261051706
7153.25261051706
7153.25261051706
7156.26880168326
7156.26880168326
7156.26880168326
7156.26880168326
7156.26880168326
7156.26880168326
7156.26880168326
7156.26880168326
7156.26880168326
7156.26880168326
7156.26880168326
7161.376864512
7161.376864512
7161.376864512
7161.376864512
7161.376864512
7161.376864512
7161.376864512
7161.376864512
7161.376864512
7169.42262979906
7169.42262979906
7169.42262979906
7169.42262979906
7169.42262979906
7169.42262979906
7169.42262979906
7175.37894437676
7175.37894437676
7175.37894437676
7175.37894437676
7175.37894437676
7175.37894437676
7175.37894437676
7175.37894437676
7175.37894437676
7175.37894437676
7175.37894437676
7175.37894437676
7175.37894437676
7175.37894437676
7175.37894437676
7175.37894437676
7175.37894437676
7175.37894437676
7175.37894437676
7175.37894437676
7175.37894437676
7175.37894437676
7177.07072683463
7177.07072683463
7177.07072683463
7177.07072683463
7177.07072683463
7177.07072683463
7177.07072683463
7177.07072683463
7177.07072683463
7177.07072683463
7177.07072683463
7177.07072683463
7177.07072683463
7177.07072683463
7177.07072683463
7177.07072683463
7177.07072683463
7177.07072683463
7177.07072683463
7177.93145592883
7177.93145592883
7177.93145592883
7177.97026517315
7177.97026517315
7178.02386609897
7178.02386609897
7178.02386609897
7178.02386609897
7178.02386609897
7178.02386609897
7178.02386609897
7178.02386609897
7178.02386609897
7178.02386609897
7178.02386609897
7178.02386609897
7178.02386609897
7178.02386609897
7178.02386609897
7178.02386609897
7178.02386609897
7178.050664535
7178.050664535
7178.050664535
7178.050664535
7178.050664535
7178.050664535
7178.050664535
7178.050664535
7178.050664535
7178.050664535
7178.31311035306
7178.31311035306
7178.31311035306
7179.42454437468
7179.42454437468
7179.42454437468
7179.42454437468
7179.42454437468
7179.42454437468
7179.42454437468
7179.42454437468
7179.42454437468
7179.42454437468
7179.42454437468
7179.42454437468
7179.42454437468
7179.84126884117
7179.84126884117
7179.84126884117
7179.84126884117
7179.84126884117
7179.84126884117
7179.84126884117
7179.84126884117
7179.84126884117
7179.84126884117
7179.84126884117
7179.84126884117
7179.84126884117
7179.84126884117
7179.84126884117
7179.84126884117
7179.84126884117
7179.84126884117
7179.84126884117
7180.91190013987
7180.91190013987
7180.91190013987
7180.91190013987
7180.91190013987
7180.91190013987
7180.91190013987
7180.91190013987
7180.91190013987
7180.91190013987
7180.91190013987
7180.91190013987
7180.91190013987
7180.91190013987
7180.91190013987
7180.91190013987
7180.91190013987
7180.91190013987
7180.91190013987
7184.84165001693
7184.84165001693
7184.84165001693
7184.84165001693
7186.93457799153
7189.07063812215
7190.00865792243
7190.263536718
7190.263536718
7190.263536718
7190.263536718
7190.263536718
7190.263536718
7190.263536718
7192.89829300271
7192.89829300271
7192.89829300271
7192.89829300271
7192.89829300271
7192.89829300271
7192.89829300271
7193.28255327716
7193.28255327716
7193.28255327716
7193.28255327716
7193.28255327716
7193.28255327716
7193.28255327716
7193.28255327716
7193.28255327716
7193.28255327716
7193.28255327716
7193.28255327716
7193.28255327716
7193.28255327716
7193.28255327716
7193.28255327716
7193.9321585316
7193.9321585316
7193.9321585316
7193.9321585316
7193.9321585316
7193.9321585316
7193.9321585316
7193.9321585316
7193.9321585316
7193.9321585316
7193.9321585316
7193.9321585316
7193.9321585316
7193.9321585316
7193.9321585316
7193.9321585316
7193.9321585316
7195.7089284935
7195.7089284935
7195.7089284935
7198.86477221625
7198.86477221625
7198.86477221625
7198.86477221625
7198.86477221625
7199.61902804597
7199.61902804597
7199.61902804597
7199.61902804597
7199.61902804597
7201.94783771036
7201.94783771036
7201.94783771036
7201.94783771036
7201.94783771036
7201.94783771036
7201.94783771036
7201.94783771036
7201.94783771036
7201.94783771036
7201.94783771036
7201.94783771036
7201.94783771036
7201.94783771036
7201.94783771036
7201.94783771036
7201.94783771036
7204.67410419589
7204.67410419589
7204.67410419589
7204.67410419589
7204.67410419589
7204.67410419589
7204.67410419589
7204.67410419589
7204.67410419589
7204.67410419589
7204.67410419589
7204.67410419589
7206.99030535511
7206.99030535511
7206.99030535511
7206.99030535511
7206.99030535511
7206.99030535511
7206.99030535511
7206.99030535511
7206.99030535511
7206.99030535511
7206.99030535511
7206.99030535511
7207.23079382512
7207.23079382512
7207.23079382512
7207.23079382512
7207.23079382512
7209.53515338142
7209.53515338142
7209.53515338142
7209.53515338142
7209.53515338142
7209.53515338142
7209.53515338142
7209.53515338142
7209.53515338142
7209.53515338142
7209.53515338142
7209.53515338142
7209.53515338142
7209.53515338142
7209.53515338142
7209.53515338142
7209.53515338142
7209.53515338142
7209.53515338142
7210.38026901478
7210.38026901478
7210.38026901478
7210.38026901478
7210.38026901478
7210.38026901478
7213.58801857678
7214.29319649197
7214.29319649197
7214.29319649197
7214.29319649197
7214.29319649197
7214.29319649197
7214.29319649197
7214.29319649197
7214.29319649197
7214.29319649197
7214.29319649197
7214.29319649197
7214.29319649197
7214.29319649197
7214.29319649197
7214.29319649197
7214.29319649197
7214.29319649197
7214.29319649197
7216.32441857039
7216.32441857039
7217.29380975157
7217.29380975157
7217.29380975157
7217.29380975157
7217.29380975157
7217.29380975157
7217.29380975157
7226.43266986253
7226.43266986253
7226.43266986253
7226.43266986253
7228.82385675851
7228.82385675851
7228.82385675851
7228.82385675851
7228.82385675851
7228.82385675851
7228.82385675851
7228.82385675851
7228.82385675851
7228.82385675851
7228.82385675851
7228.82385675851
7228.82385675851
7231.48665873594
7231.48665873594
7231.48665873594
7231.48665873594
7231.48665873594
7231.48665873594
7231.48665873594
7231.48665873594
7231.48665873594
7231.48665873594
7231.48665873594
7231.48665873594
7231.48665873594
7231.48665873594
7231.48665873594
7231.48665873594
7231.48665873594
7231.48665873594
7231.48665873594
7231.48665873594
7231.48665873594
7231.48665873594
7231.48665873594
7231.48665873594
7231.48665873594
7231.48665873594
7237.70532209642
7237.70532209642
7237.70532209642
7237.70532209642
7237.70532209642
7238.06795919114
7238.06795919114
7238.06795919114
7238.06795919114
7238.06795919114
7238.06795919114
7238.06795919114
7239.35353305694
7239.35353305694
7239.35353305694
7239.35353305694
7239.35353305694
7239.35353305694
7239.35353305694
7239.35353305694
7239.35353305694
7239.35353305694
7239.35353305694
7239.35353305694
7239.35353305694
7239.35353305694
7239.35353305694
7239.35353305694
7239.35353305694
7239.35353305694
7239.35353305694
7239.35353305694
7239.35353305694
7239.35353305694
7239.35353305694
7240.59793360198
7240.59793360198
7240.59793360198
7240.59793360198
7240.59793360198
7240.59793360198
7240.59793360198
7240.59793360198
7240.59793360198
7240.59793360198
7240.59793360198
7240.59793360198
7242.24010395764
7242.24010395764
7242.24010395764
7242.24010395764
7242.24010395764
7242.24010395764
7242.24010395764
7242.24010395764
7242.24010395764
7242.24010395764
7242.24010395764
7242.24010395764
7242.24010395764
7242.24010395764
7242.24010395764
7242.24010395764
7242.24010395764
7242.24010395764
7242.24010395764
7246.83112641051
7246.83112641051
7246.83112641051
7246.83112641051
7246.83112641051
7246.83112641051
7246.83112641051
7246.83112641051
7246.83112641051
7246.83112641051
7248.75385154672
7248.75385154672
7248.75385154672
7248.75385154672
7248.75385154672
7248.75385154672
7253.39644558172
7253.39644558172
7253.39644558172
7253.39644558172
7253.39644558172
7253.39644558172
7253.39644558172
7253.39644558172
7253.39644558172
7255.54564520364
7255.54564520364
7256.81670288779
7256.81670288779
7256.81670288779
7257.48935483132
7257.48935483132
7257.48935483132
7257.48935483132
7257.48935483132
7257.48935483132
7257.48935483132
7258.48659138086
7258.48659138086
7258.48659138086
7258.48659138086
7258.48659138086
7258.48659138086
7258.48659138086
7258.48659138086
7258.48659138086
7258.48659138086
7258.48659138086
7258.48659138086
7258.48659138086
7258.48659138086
7258.48659138086
7258.48659138086
7258.48659138086
7258.48659138086
7258.48659138086
7258.48659138086
7258.48659138086
7258.48659138086
7258.48659138086
7258.48659138086
7258.48659138086
7258.48659138086
7258.48659138086
7258.48659138086
7258.48659138086
7258.48659138086
7258.48659138086
7258.48659138086
7258.48659138086
7258.48659138086
7258.48659138086
7258.48659138086
7258.48659138086
7258.48659138086
7258.48659138086
7261.58125538963
7261.58125538963
7261.58125538963
7261.58125538963
7261.58125538963
7261.58125538963
7261.58125538963
7261.58125538963
7262.34312093407
7262.34312093407
7262.34312093407
7262.34312093407
7262.34312093407
7262.34312093407
7262.34312093407
7262.34312093407
7262.34312093407
7262.34312093407
7262.34312093407
7262.34312093407
7262.34312093407
7263.12342473066
7263.12342473066
7265.50841219015
7265.50841219015
7265.50841219015
7273.87599163506
7273.87599163506
7273.87599163506
7273.87599163506
7273.87599163506
7273.87599163506
7273.87599163506
7273.87599163506
7273.87599163506
7273.87599163506
7273.87599163506
7273.87599163506
7273.87599163506
7273.87599163506
7273.87599163506
7273.87599163506
7273.87599163506
7273.87599163506
7273.87599163506
7273.87599163506
7273.87599163506
7273.87599163506
7273.87599163506
7273.87599163506
7274.46064400814
7274.46064400814
7274.46064400814
7274.46064400814
7274.46064400814
7274.46064400814
7274.46064400814
7274.46064400814
7274.46064400814
7274.46064400814
7274.46064400814
7274.46064400814
7274.46064400814
7274.46064400814
7274.46064400814
7274.46064400814
7274.46064400814
7276.15608837317
7276.15608837317
7276.15608837317
7276.91447013685
7276.91447013685
7276.91447013685
7276.91447013685
7276.91447013685
7276.91447013685
7276.91447013685
7276.91447013685
7276.91447013685
7276.91447013685
7276.91447013685
7276.91447013685
7276.91447013685
7276.91447013685
7276.91447013685
7276.91447013685
7276.91447013685
7276.91447013685
7276.91447013685
7276.91447013685
7276.91447013685
7276.91447013685
7276.91447013685
7277.32599313152
7277.32599313152
7277.32599313152
7277.32599313152
7279.99279311576
7279.99279311576
7279.99279311576
7279.99279311576
7279.99279311576
7280.83777506384
7280.83777506384
7280.83777506384
7280.83777506384
7280.83777506384
7281.02951675701
7281.02951675701
7281.02951675701
7281.02951675701
7281.02951675701
7281.02951675701
7281.02951675701
7281.02951675701
7281.02951675701
7281.02951675701
7281.02951675701
7281.02951675701
7281.02951675701
7281.02951675701
7281.02951675701
7281.02951675701
7282.14018070989
7282.14018070989
7282.14018070989
7282.14018070989
7282.14018070989
7282.14018070989
7282.14018070989
7282.14018070989
7282.14018070989
7285.97242265528
7285.97242265528
7287.53144629698
7287.53144629698
7287.53144629698
7287.53144629698
7287.53144629698
7287.53144629698
7287.53144629698
7287.53144629698
7287.53144629698
7287.53144629698
7287.53144629698
7287.53144629698
7287.53144629698
7287.53144629698
7287.53144629698
7287.53144629698
7287.65988214767
7287.65988214767
7287.65988214767
7287.65988214767
7287.65988214767
7287.65988214767
7287.65988214767
7287.65988214767
7287.65988214767
7287.65988214767
7287.65988214767
7287.65988214767
7287.65988214767
7287.65988214767
7287.65988214767
7287.65988214767
7287.65988214767
7287.65988214767
7287.65988214767
7287.65988214767
7287.65988214767
7287.65988214767
7287.65988214767
7291.58616859436
7291.58616859436
7291.58616859436
7291.58616859436
7291.58616859436
7291.58616859436
7291.58616859436
7291.58616859436
7291.58616859436
7291.58616859436
7291.58616859436
7291.58616859436
7291.58616859436
7297.54703920059
7297.54703920059
7297.54703920059
7297.54703920059
7297.54703920059
7297.54703920059
7297.54703920059
7297.54703920059
7303.69935457306
7303.69935457306
7303.90065416591
7304.45828660862
7304.45828660862
7304.45828660862
7304.45828660862
7304.45828660862
7304.45828660862
7304.45828660862
7304.45828660862
7304.45828660862
7304.45828660862
7304.45828660862
7304.45828660862
7304.45828660862
7304.45828660862
7304.45828660862
7304.45828660862
7305.8213645328
7305.8213645328
7305.8213645328
7305.8213645328
7305.8213645328
7305.8213645328
7305.8213645328
7305.8213645328
7305.8213645328
7305.8213645328
7305.8213645328
7305.8213645328
7305.8213645328
7305.8213645328
7305.8213645328
7305.8213645328
7307.67568301336
7308.25809638002
7308.25809638002
7308.25809638002
7308.25809638002
7309.21608197208
7309.21608197208
7309.21608197208
7309.21608197208
7309.81360342247
7309.81360342247
7309.81360342247
7309.81360342247
7309.81360342247
7309.81360342247
7309.81360342247
7309.81360342247
7309.81360342247
7309.81360342247
7309.81360342247
7309.81360342247
7309.81360342247
7309.81360342247
7309.81360342247
7309.81360342247
7309.81360342247
7309.81360342247
7309.81360342247
7309.81360342247
7309.81360342247
7317.42242522101
7317.42242522101
7317.42242522101
7317.42242522101
7317.42242522101
7317.42242522101
7317.42242522101
7317.42242522101
7317.42242522101
7317.42242522101
7319.91736443281
7319.91736443281
7319.91736443281
7319.91736443281
7319.91736443281
7319.91736443281
7319.91736443281
7319.91736443281
7319.91736443281
7319.91736443281
7319.91736443281
7320.4194596466
7320.4194596466
7320.4194596466
7320.4194596466
7320.4194596466
7320.4194596466
7320.4194596466
7320.4194596466
7321.80389444839
7321.80389444839
7321.80389444839
7321.80389444839
7321.80389444839
7321.80389444839
7321.80389444839
7324.43273935445
7324.43273935445
7324.43273935445
7324.43273935445
7324.43273935445
7324.43273935445
7324.43273935445
7330.23737840586
7330.23737840586
7331.10076600534
7331.10076600534
7331.10076600534
7331.10076600534
7331.10076600534
7331.10076600534
7331.10076600534
7331.10076600534
7331.10076600534
7331.10076600534
7331.10076600534
7331.10076600534
7331.10076600534
7331.10076600534
7331.10076600534
7331.10076600534
7331.10076600534
7331.10076600534
7331.57747391732
7333.69423934891
7338.88645498201
7338.88645498201
7338.88645498201
7338.88645498201
7338.88645498201
7338.88645498201
7338.88645498201
7338.88645498201
7339.98883439637
7340.34334033438
7341.82629648882
7341.82629648882
7341.82629648882
7341.82629648882
7341.82629648882
7343.07920168603
7343.07920168603
7343.07920168603
7343.07920168603
7343.07920168603
7343.07920168603
7343.07920168603
7343.07920168603
7343.07920168603
7343.07920168603
7343.07920168603
7343.07920168603
7343.07920168603
7343.07920168603
7343.07920168603
7343.07920168603
7343.07920168603
7343.07920168603
7343.07920168603
7343.07920168603
7343.07920168603
7343.07920168603
7343.3563451777
7346.11503981073
7350.55454613033
7350.55454613033
7350.55454613033
7350.55454613033
7350.55454613033
7350.55454613033
7350.55454613033
7350.55454613033
7350.55454613033
7350.55454613033
7350.55454613033
7350.55454613033
7350.55454613033
7350.55454613033
7350.55454613033
7350.55454613033
7350.55454613033
7350.55454613033
7350.55454613033
7350.55454613033
7350.55454613033
7351.09094098156
7351.09094098156
7351.09094098156
7351.09094098156
7351.09094098156
7351.09094098156
7351.09094098156
7351.09094098156
7351.09094098156
7351.09094098156
7351.09094098156
7351.09094098156
7351.09094098156
7351.09094098156
7351.09094098156
7351.09094098156
7352.54443739366
7352.54443739366
7352.59865601937
7352.59865601937
7352.59865601937
7352.59865601937
7352.59865601937
7352.59865601937
7352.59865601937
7352.59865601937
7352.59865601937
7352.59865601937
7352.59865601937
7352.59865601937
7352.59865601937
7352.59865601937
7352.59865601937
7352.59865601937
7352.59865601937
7352.59865601937
7352.59865601937
7352.59865601937
7355.51298895226
7355.51298895226
7355.51298895226
7355.51298895226
7355.51298895226
7355.51298895226
7355.51298895226
7355.51298895226
7355.51298895226
7355.51298895226
7355.51298895226
7355.51298895226
7355.51298895226
7355.51298895226
7355.51298895226
7355.51298895226
7355.51298895226
7355.51298895226
7355.51298895226
7355.51298895226
7355.51298895226
7355.51298895226
7355.51298895226
7355.51298895226
7355.51298895226
7359.76018992607
7359.95494962651
7359.95494962651
7359.95494962651
7359.95494962651
7359.95494962651
7359.95494962651
7359.95494962651
7359.95494962651
7359.95494962651
7363.0639602743
7363.0639602743
7363.0639602743
7363.0639602743
7363.0639602743
7363.0639602743
7363.0639602743
7363.0639602743
7363.0639602743
7363.0639602743
7363.0639602743
7363.0639602743
7363.0639602743
7363.0639602743
7363.0639602743
7363.0639602743
7363.0639602743
7363.0639602743
7363.0639602743
7363.0639602743
7363.0639602743
7363.0639602743
7363.0639602743
7363.0639602743
7363.0639602743
7363.0639602743
7367.2232363565
7367.2232363565
7367.2232363565
7367.2232363565
7367.2232363565
7367.2232363565
7367.2232363565
7367.2232363565
7367.2232363565
7367.2232363565
7367.2232363565
7367.2232363565
7367.2232363565
7367.2232363565
7367.2232363565
7367.2232363565
7367.2232363565
7367.2232363565
7367.2232363565
7367.2232363565
7367.2232363565
7367.2232363565
7367.2232363565
7367.2232363565
7367.2232363565
7367.2232363565
7367.2232363565
7367.2232363565
7367.2232363565
7367.2232363565
7369.10471792204
7369.10471792204
7369.10471792204
7369.10471792204
7369.49481477971
7369.49481477971
7369.49481477971
7370.39033190358
7373.76137582619
7374.00115647081
7374.00115647081
7374.00115647081
7374.00115647081
7374.00115647081
7374.00115647081
7374.00115647081
7374.00115647081
7374.00115647081
7374.00115647081
7374.00115647081
7374.00115647081
7374.00115647081
7374.00115647081
7374.00115647081
7374.00115647081
7374.00115647081
7374.00115647081
7374.00115647081
7374.00115647081
7374.00115647081
7374.00115647081
7374.00115647081
7374.00115647081
7374.00115647081
7374.00115647081
7374.00115647081
7374.00115647081
7374.00115647081
7374.00115647081
7374.41716519376
7374.41716519376
7374.41716519376
7374.41716519376
7374.41716519376
7374.41716519376
7374.41716519376
7374.41716519376
7374.41716519376
7374.41716519376
7374.41716519376
7374.41716519376
7374.41716519376
7374.41716519376
7374.41716519376
7374.41716519376
7374.41716519376
7374.41716519376
7374.41716519376
7374.41716519376
7374.41716519376
7374.41716519376
7374.41716519376
7374.41716519376
7374.41716519376
7374.41716519376
7374.41716519376
7374.41716519376
7374.41716519376
7374.41716519376
7374.41716519376
7374.41716519376
7374.41716519376
7374.41716519376
7374.41716519376
7374.41716519376
7374.41716519376
7378.28190226985
7383.59365193541
7383.59365193541
7383.59365193541
7383.59365193541
7383.59365193541
7383.59365193541
7383.59365193541
7383.59365193541
7383.59365193541
7383.59365193541
7383.59365193541
7383.59365193541
7383.59365193541
7383.59365193541
7383.59365193541
7383.59365193541
7383.59365193541
7383.59365193541
7383.59365193541
7383.59365193541
7383.59365193541
7383.59365193541
7383.59365193541
7383.59365193541
7383.59365193541
7383.59365193541
7383.59365193541
7383.59365193541
7383.59365193541
7383.59365193541
7383.59365193541
7383.59365193541
7385.27345840388
7385.27345840388
7385.27345840388
7385.27345840388
7385.27345840388
7385.27345840388
7385.27345840388
7385.27345840388
7385.27345840388
7385.27345840388
7385.27345840388
7385.27345840388
7385.27345840388
7385.27345840388
7385.27345840388
7385.27345840388
7385.27345840388
7385.27345840388
7385.27345840388
7385.27345840388
7385.27345840388
7385.27345840388
7385.27345840388
7385.27345840388
7386.18083969123
7386.18083969123
7386.18083969123
7386.18083969123
7386.18083969123
7386.18083969123
7386.18083969123
7387.13876986873
7390.57526567223
7390.57526567223
7390.57526567223
7390.57526567223
7390.57526567223
7390.57526567223
7390.57526567223
7390.57526567223
7390.57526567223
7390.57526567223
7390.57526567223
7390.57526567223
7390.57526567223
7390.57526567223
7395.85584170461
7396.52692002469
7396.52692002469
7396.52692002469
7396.52692002469
7396.52692002469
7396.52692002469
7396.52692002469
7396.52692002469
7396.52692002469
7396.52692002469
7396.52692002469
7396.52692002469
7396.52692002469
7396.52692002469
7396.52692002469
7396.52692002469
7396.52692002469
7396.52692002469
7397.50884274315
7397.50884274315
7397.50884274315
7397.50884274315
7397.50884274315
7397.50884274315
7397.50884274315
7397.50884274315
7397.50884274315
7397.50884274315
7398.85236262507
7398.85236262507
7398.85236262507
7398.85236262507
7399.11206786416
7399.11206786416
7399.49393077152
7399.49393077152
7399.49393077152
7399.75778218627
7399.75778218627
7399.75778218627
7399.75778218627
7399.75778218627
7399.75778218627
7399.75778218627
7399.75778218627
7399.75778218627
7399.75778218627
7399.75778218627
7399.75778218627
7399.75778218627
7399.75778218627
7404.77665147223
7404.77665147223
7404.77665147223
7404.77665147223
7404.77665147223
7404.77665147223
7404.77665147223
7408.54570192532
7408.54570192532
7408.54570192532
7410.08371696913
7410.08371696913
7410.08371696913
7410.08371696913
7410.08371696913
7410.08371696913
7410.08371696913
7410.08371696913
7410.08371696913
7410.08371696913
7410.08371696913
7410.08371696913
7414.86829166015
7414.86829166015
7414.86829166015
7415.07784646887
7415.07784646887
7415.07784646887
7415.07784646887
7416.40502943197
7416.40502943197
7416.40502943197
7416.40502943197
7416.40502943197
7416.40502943197
7418.68401722634
7418.68401722634
7418.68401722634
7418.68401722634
7418.68401722634
7418.68401722634
7418.68401722634
7423.28924171558
7423.28924171558
7423.28924171558
7423.28924171558
7423.28924171558
7423.28924171558
7423.28924171558
7423.28924171558
7423.28924171558
7423.28924171558
7423.28924171558
7423.28924171558
7423.28924171558
7423.28924171558
7424.97091920401
7424.97091920401
7431.12721325612
7431.12721325612
7431.12721325612
7431.12721325612
7431.12721325612
7431.12721325612
7431.12721325612
7431.12721325612
7431.12721325612
7431.12721325612
7431.12721325612
7431.12721325612
7431.12721325612
7431.12721325612
7431.12721325612
7431.12721325612
7431.12721325612
7431.12721325612
7431.12721325612
7431.12721325612
7432.14077817074
7432.14077817074
7432.14077817074
7432.14077817074
7432.14077817074
7432.14077817074
7432.14077817074
7432.14077817074
7432.14077817074
7432.14077817074
7432.14077817074
7432.14077817074
7432.14077817074
7432.14077817074
7432.14077817074
7432.6258531547
7432.96892366876
7432.96892366876
7438.40406545778
7438.40406545778
7438.40406545778
7438.40406545778
7438.40406545778
7438.40406545778
7438.40406545778
7438.40406545778
7438.40406545778
7438.40406545778
7438.40406545778
7438.40406545778
7438.40406545778
7438.53240784865
7438.53240784865
7438.53240784865
7438.53240784865
7438.53240784865
7438.53240784865
7438.53240784865
7438.53240784865
7438.53240784865
7438.53240784865
7438.53240784865
7438.53240784865
7439.82862209627
7439.82862209627
7439.99865686367
7439.99865686367
7439.99865686367
7439.99865686367
7439.99865686367
7439.99865686367
7439.99865686367
7439.99865686367
7439.99865686367
7439.99865686367
7442.59248456916
7442.59248456916
7442.59248456916
7442.59248456916
7442.59248456916
7442.59248456916
7442.59248456916
7442.59248456916
7442.59248456916
7442.59248456916
7442.59248456916
7442.59248456916
7442.59248456916
7442.59248456916
7442.59248456916
7442.59248456916
7442.59248456916
7442.59248456916
7442.59248456916
7442.59248456916
7442.59248456916
7443.21410664083
7444.68016238551
7444.68016238551
7444.68016238551
7444.68016238551
7447.48460246806
7447.48460246806
7447.48460246806
7447.48460246806
7447.48460246806
7447.48460246806
7448.59785980623
7448.59785980623
7448.59785980623
7448.59785980623
7448.59785980623
7448.59785980623
7448.59785980623
7448.59785980623
7448.59785980623
7448.59785980623
7448.59785980623
7448.59785980623
7448.59785980623
7448.59785980623
7452.41213769075
7454.78361390584
7456.10160940917
7456.10160940917
7456.10160940917
7456.10160940917
7456.10160940917
7456.10160940917
7456.10160940917
7456.10160940917
7456.10160940917
7456.10160940917
7456.10160940917
7456.10160940917
7456.10160940917
7456.10160940917
7456.10160940917
7457.88958119698
7457.88958119698
7457.88958119698
7457.88958119698
7457.88958119698
7457.88958119698
7457.88958119698
7457.88958119698
7457.88958119698
7457.88958119698
7457.88958119698
7457.88958119698
7457.88958119698
7457.88958119698
7457.88958119698
7457.88958119698
7457.88958119698
7457.88958119698
7457.88958119698
7457.88958119698
7457.88958119698
7457.88958119698
7457.88958119698
7457.88958119698
7465.21760913643
7465.25281112833
7465.25281112833
7465.25281112833
7465.25281112833
7465.25281112833
7465.25281112833
7465.25281112833
7465.25281112833
7465.25281112833
7465.25281112833
7465.25281112833
7465.25281112833
7465.25281112833
7465.25281112833
7465.25281112833
7465.25281112833
7465.25281112833
7465.25281112833
7465.25281112833
7465.25281112833
7465.91673832443
7465.91673832443
7475.90092644199
7475.90092644199
7475.90092644199
7475.90092644199
7479.60693082348
7479.60693082348
7479.60693082348
7479.60693082348
7479.60693082348
7479.60693082348
7479.60693082348
7479.60693082348
7479.60693082348
7479.60693082348
7479.60693082348
7479.60693082348
7480.76580659847
7480.76580659847
7480.76580659847
7480.76580659847
7480.76580659847
7480.76580659847
7480.76580659847
7480.76580659847
7480.76580659847
7480.76580659847
7480.76580659847
7480.76580659847
7481.09602306507
7486.82154143314
7488.33720621029
7488.33720621029
7488.33720621029
7488.33720621029
7488.33720621029
7488.33720621029
7488.33720621029
7488.33720621029
7488.33720621029
7488.33720621029
7488.33720621029
7488.33720621029
7488.33720621029
7488.33720621029
7488.33720621029
7488.33720621029
7488.33720621029
7488.33720621029
7488.33720621029
7488.33720621029
7491.48944680806
7491.48944680806
7491.48944680806
7497.23582892923
7497.23582892923
7497.23582892923
7497.23582892923
7497.72173865121
7497.72173865121
7497.72173865121
7497.72173865121
7497.72173865121
7497.72173865121
7497.72173865121
7497.72173865121
7497.72173865121
7497.72173865121
7497.72173865121
7497.72173865121
7497.72173865121
7497.72173865121
7497.72173865121
7497.72173865121
7497.72173865121
7497.72173865121
7497.72173865121
7497.72173865121
7497.72173865121
7497.72173865121
7497.72173865121
7497.72173865121
7508.8592977776
7508.8592977776
7508.8592977776
7508.8592977776
7508.8592977776
7508.8592977776
7508.8592977776
7508.8592977776
7508.8592977776
7508.8592977776
7508.8592977776
7508.8592977776
7508.8592977776
7508.8592977776
7508.8592977776
7508.8592977776
7508.8592977776
7508.8592977776
7508.8592977776
7508.8592977776
7508.8592977776
7508.8592977776
7508.8592977776
7508.8592977776
7508.8592977776
7508.8592977776
7508.8592977776
7508.8592977776
7508.8592977776
7508.8592977776
7508.8592977776
7508.8592977776
7508.8592977776
7508.8592977776
7508.8592977776
7509.55522314506
7510.52427218418
7510.52427218418
7510.52427218418
7510.52427218418
7510.52427218418
7510.52427218418
7510.52427218418
7510.52427218418
7510.52427218418
7510.52427218418
7510.52427218418
7510.52427218418
7510.52427218418
7510.52427218418
7510.52427218418
7510.52427218418
7510.52427218418
7510.52427218418
7512.80746700135
7512.80746700135
7512.80746700135
7512.80746700135
7512.80746700135
7512.80746700135
7512.80746700135
7514.2020199045
7516.07836018503
7516.07836018503
7516.07836018503
7516.07836018503
7516.07836018503
7516.07836018503
7517.12856250311
7517.12856250311
7517.12856250311
7517.12856250311
7517.12856250311
7517.12856250311
7517.12856250311
7517.12856250311
7517.12856250311
7517.12856250311
7517.12856250311
7517.12856250311
7517.12856250311
7517.12856250311
7519.6812620207
7519.6812620207
7519.6812620207
7519.6812620207
7519.6812620207
7519.6812620207
7519.6812620207
7519.6812620207
7519.6812620207
7519.6812620207
7519.6812620207
7519.6812620207
7519.6812620207
7519.6812620207
7519.6812620207
7524.01864873796
7524.01864873796
7524.01864873796
7524.01864873796
7524.01864873796
7524.01864873796
7529.97891832642
7529.97891832642
7529.97891832642
7529.97891832642
7529.97891832642
7531.39032216874
7531.39032216874
7531.39032216874
7531.39032216874
7531.39032216874
7531.39032216874
7531.39032216874
7531.39032216874
7531.39032216874
7531.39032216874
7531.39032216874
7531.39032216874
7531.39032216874
7531.39032216874
7531.39032216874
7531.39032216874
7531.39032216874
7531.39032216874
7531.39032216874
7531.39032216874
7531.39032216874
7531.39032216874
7531.39032216874
7531.56227788843
7531.56227788843
7533.86460638635
7533.86460638635
7533.86460638635
7533.86460638635
7533.86460638635
7533.86460638635
7543.96809560396
7543.96809560396
7543.96809560396
7543.96809560396
7545.26524528929
7545.26524528929
7545.26524528929
7545.26524528929
7545.26524528929
7545.26524528929
7545.26524528929
7545.26524528929
7545.26524528929
7545.26524528929
7545.26524528929
7545.26524528929
7545.26524528929
7545.26524528929
7545.26524528929
7545.26524528929
7551.61948951898
7551.61948951898
7551.61948951898
7551.61948951898
7551.61948951898
7551.61948951898
7551.61948951898
7551.61948951898
7551.61948951898
7551.61948951898
7551.61948951898
7551.61948951898
7551.61948951898
7551.61948951898
7551.61948951898
7551.61948951898
7551.61948951898
7551.61948951898
7551.61948951898
7551.61948951898
7551.61948951898
7551.61948951898
7551.61948951898
7551.61948951898
7551.61948951898
7551.61948951898
7551.61948951898
7551.61948951898
7551.61948951898
7555.37885467125
7555.37885467125
7555.37885467125
7555.37885467125
7555.37885467125
7558.4950102647
7558.4950102647
7558.4950102647
7558.4950102647
7558.7108027091
7558.7108027091
7558.7108027091
7564.78508566741
7564.78508566741
7564.78508566741
7564.78508566741
7566.52052404039
7566.52052404039
7566.52052404039
7566.52052404039
7566.52052404039
7566.52052404039
7566.52052404039
7566.52052404039
7566.52052404039
7566.52052404039
7566.52052404039
7566.52052404039
7566.52052404039
7566.52052404039
7566.52052404039
7566.52052404039
7566.52052404039
7566.52052404039
7566.52052404039
7566.52052404039
7566.52052404039
7566.52052404039
7566.52052404039
7566.52052404039
7568.17703651998
7568.17703651998
7568.17703651998
7568.17703651998
7568.17703651998
7568.17703651998
7568.32742611039
7568.32742611039
7568.32742611039
7568.32742611039
7568.32742611039
7568.32742611039
7568.32742611039
7568.32742611039
7568.32742611039
7568.32742611039
7569.11786749778
7569.11786749778
7569.11786749778
7569.11786749778
7569.11786749778
7569.11786749778
7570.52551960768
7571.93991348666
7571.93991348666
7571.93991348666
7571.93991348666
7571.93991348666
7576.65058960967
7576.65058960967
7576.65058960967
7576.65058960967
7576.65058960967
7576.65058960967
7576.65058960967
7576.65058960967
7576.65058960967
7576.65058960967
7576.65058960967
7576.65058960967
7576.65058960967
7576.65058960967
7576.65058960967
7576.65058960967
7576.65058960967
7576.65058960967
7576.65058960967
7576.65058960967
7578.23334372812
7578.23334372812
7578.23334372812
7578.23334372812
7578.42450158812
7578.42450158812
7578.42450158812
7578.42450158812
7578.99049896772
7578.99049896772
7578.99049896772
7578.99049896772
7578.99049896772
7578.99049896772
7578.99049896772
7578.99049896772
7578.99049896772
7578.99049896772
7578.99049896772
7578.99049896772
7578.99049896772
7581.84887474568
7581.84887474568
7581.84887474568
7581.84887474568
7581.84887474568
7581.84887474568
7581.84887474568
7581.84887474568
7581.84887474568
7581.84887474568
7581.84887474568
7581.84887474568
7581.84887474568
7581.84887474568
7581.84887474568
7581.84887474568
7581.84887474568
7581.84887474568
7581.84887474568
7589.34213608519
7589.34213608519
7589.34213608519
7595.15400184218
7595.15400184218
7595.15400184218
7595.15400184218
7595.15400184218
7595.15400184218
7595.15400184218
7595.15400184218
7595.15400184218
7595.15400184218
7595.15400184218
7595.15400184218
7595.15400184218
7595.15400184218
7595.15400184218
7595.15400184218
7595.15400184218
7595.15400184218
7595.15400184218
7595.15400184218
7596.48302998196
7596.48302998196
7596.48302998196
7596.48302998196
7596.48302998196
7596.48302998196
7596.48302998196
7596.48302998196
7596.48302998196
7596.48302998196
7596.48302998196
7596.48302998196
7600.14161901014
7600.14161901014
7600.14161901014
7600.14161901014
7600.14161901014
7600.14161901014
7600.14161901014
7600.14161901014
7600.14161901014
7600.14161901014
7600.14161901014
7600.14161901014
7600.14161901014
7600.14161901014
7600.14161901014
7600.14161901014
7600.14161901014
7600.14161901014
7600.14161901014
7600.14161901014
7600.14161901014
7600.14161901014
7600.14161901014
7600.14161901014
7600.14161901014
7600.14161901014
7600.14161901014
7600.14161901014
7603.17377613421
7603.17377613421
7603.17377613421
7603.17377613421
7603.17377613421
7603.17377613421
7603.17377613421
7603.17377613421
7603.17377613421
7603.73905767151
7603.73905767151
7603.73905767151
7603.73905767151
7603.73905767151
7603.73905767151
7603.73905767151
7603.73905767151
7603.73905767151
7603.73905767151
7603.73905767151
7603.73905767151
7603.73905767151
7603.73905767151
7603.73905767151
7603.73905767151
7603.73905767151
7603.73905767151
7603.73905767151
7603.73905767151
7603.73905767151
7603.73905767151
7603.73905767151
7603.73905767151
7603.73905767151
7603.73905767151
7603.73905767151
7603.73905767151
7603.73905767151
7603.73905767151
7603.73905767151
7603.73905767151
7603.73905767151
7603.73905767151
7604.99627713346
7604.99627713346
7604.99627713346
7604.99627713346
7604.99627713346
7604.99627713346
7604.99627713346
7604.99627713346
7604.99627713346
7604.99627713346
7604.99627713346
7604.99627713346
7604.99627713346
7604.99627713346
7604.99627713346
7604.99627713346
7604.99627713346
7604.99627713346
7604.99627713346
7604.99627713346
7604.99627713346
7604.99627713346
7604.99627713346
7604.99627713346
7604.99627713346
7604.99627713346
7604.99627713346
7604.99627713346
7604.99627713346
7604.99627713346
7604.99627713346
7604.99627713346
7604.99627713346
7604.99627713346
7604.99627713346
7604.99627713346
7604.99627713346
7604.99627713346
7604.99627713346
7604.99627713346
7604.99627713346
7604.99627713346
7604.99627713346
7604.99627713346
7604.99627713346
7604.99627713346
7604.99627713346
7604.99627713346
7604.99627713346
7604.99627713346
7604.99627713346
7604.99627713346
7604.99627713346
7604.99627713346
7604.99627713346
7604.99627713346
7604.99627713346
7605.3565409705
7605.3565409705
7605.3565409705
7605.3565409705
7605.3565409705
7605.3565409705
7605.3565409705
7605.3565409705
7605.3565409705
7605.3565409705
7605.3565409705
7605.3565409705
7605.3565409705
7605.3565409705
7605.3565409705
7605.3565409705
7605.3565409705
7605.3565409705
7605.3565409705
7605.3565409705
7610.83016029626
7610.83016029626
7610.83016029626
7610.83016029626
7610.83016029626
7610.83016029626
7611.88254830657
7611.88254830657
7611.88254830657
7616.85228646827
7616.85228646827
7616.85228646827
7616.85228646827
7616.85228646827
7616.85228646827
7616.85228646827
7617.56977976731
7617.56977976731
7617.56977976731
7618.85162608113
7618.85162608113
7618.85162608113
7622.95369591082
7622.95369591082
7622.95369591082
7622.95369591082
7622.95369591082
7622.95369591082
7622.95369591082
7622.95369591082
7622.95369591082
7622.95369591082
7622.95369591082
7622.95369591082
7622.95369591082
7622.95369591082
7622.95369591082
7627.02732104833
7627.02732104833
7627.02732104833
7627.02732104833
7627.02732104833
7627.02732104833
7627.02732104833
7627.02732104833
7627.02732104833
7627.02732104833
7628.59085844861
7630.39451862159
7630.39451862159
7630.39451862159
7630.39451862159
7630.39451862159
7630.39451862159
7630.39451862159
7634.6865590439
7634.6865590439
7634.6865590439
7634.6865590439
7634.6865590439
7634.6865590439
7634.6865590439
7634.6865590439
7634.6865590439
7634.6865590439
7634.6865590439
7634.6865590439
7636.43871834197
7636.43871834197
7636.43871834197
7636.43871834197
7636.43871834197
7636.43871834197
7636.43871834197
7636.43871834197
7636.43871834197
7636.43871834197
7636.43871834197
7636.43871834197
7636.43871834197
7636.43871834197
7636.43871834197
7636.43871834197
7636.43871834197
7636.43871834197
7636.43871834197
7636.43871834197
7636.43871834197
7636.43871834197
7636.43871834197
7636.43871834197
7639.01026146242
7639.01026146242
7639.01026146242
7639.01026146242
7639.01026146242
7639.01026146242
7639.01026146242
7639.01026146242
7639.79404830075
7639.79404830075
7639.79404830075
7639.79404830075
7639.79404830075
7639.79404830075
7639.79404830075
7639.79404830075
7639.79404830075
7639.79404830075
7639.79404830075
7639.79404830075
7639.79404830075
7639.79404830075
7639.79404830075
7639.79404830075
7639.79404830075
7639.79404830075
7639.79404830075
7639.79404830075
7639.79404830075
7639.79404830075
7639.79404830075
7639.79404830075
7639.79404830075
7639.79404830075
7639.79404830075
7640.68532357125
7642.1448525864
7642.1448525864
7642.1448525864
7642.1448525864
7642.1448525864
7642.1448525864
7642.1448525864
7642.1448525864
7642.1448525864
7642.1448525864
7642.1448525864
7642.1448525864
7642.1448525864
7642.1448525864
7642.1448525864
7642.1448525864
7642.1448525864
7642.1448525864
7642.1448525864
7642.1448525864
7642.1448525864
7642.1448525864
7642.1448525864
7642.1448525864
7642.1448525864
7642.1448525864
7642.1448525864
7642.1448525864
7642.1448525864
7642.1448525864
7642.1448525864
7642.1448525864
7642.1448525864
7642.1448525864
7642.82496250542
7642.82496250542
7642.82496250542
7642.82496250542
7642.82496250542
7642.82496250542
7642.82496250542
7642.82496250542
7642.82496250542
7642.82496250542
7642.82496250542
7642.82496250542
7644.71288681884
7644.71288681884
7651.86302993201
7652.74406401051
7652.74406401051
7652.74406401051
7655.36662173121
7655.36662173121
7655.36662173121
7655.36662173121
7656.49574130955
7656.49574130955
7656.49574130955
7656.49574130955
7656.49574130955
7656.49574130955
7656.49574130955
7656.49574130955
7656.49574130955
7656.49574130955
7656.49574130955
7656.49574130955
7656.49574130955
7656.49574130955
7656.49574130955
7656.49574130955
7656.49574130955
7656.49574130955
7656.49574130955
7659.00294919665
7661.32863405188
7661.32863405188
7661.32863405188
7661.32863405188
7661.32863405188
7661.32863405188
7661.32863405188
7661.32863405188
7661.32863405188
7661.32863405188
7661.32863405188
7661.32863405188
7664.55365564082
7664.74569541837
7664.74569541837
7664.74569541837
7664.74569541837
7664.74569541837
7664.74569541837
7664.74569541837
7664.74569541837
7664.74569541837
7664.74569541837
7664.74569541837
7664.74569541837
7664.74569541837
7664.74569541837
7664.74569541837
7664.74569541837
7664.74569541837
7664.74569541837
7666.24280765196
7666.24280765196
7666.24280765196
7666.24280765196
7666.24280765196
7666.24280765196
7666.24280765196
7666.24280765196
7666.24280765196
7666.24280765196
7666.24280765196
7668.28865451242
7668.28865451242
7668.28865451242
7668.28865451242
7668.28865451242
7668.28865451242
7668.28865451242
7668.28865451242
7668.28865451242
7668.28865451242
7672.69753317115
7672.69753317115
7672.69753317115
7672.69753317115
7672.69753317115
7672.69753317115
7672.69753317115
7672.69753317115
7672.69753317115
7672.69753317115
7672.69753317115
7672.69753317115
7672.69753317115
7672.69753317115
7672.69753317115
7672.69753317115
7672.69753317115
7672.69753317115
7672.69753317115
7672.69753317115
7672.69753317115
7672.69753317115
7672.69753317115
7672.69753317115
7672.69753317115
7672.69753317115
7672.69753317115
7672.69753317115
7672.69753317115
7672.69753317115
7672.69753317115
7672.69753317115
7672.69753317115
7672.69753317115
7674.28002423412
7674.28002423412
7674.28002423412
7674.28002423412
7674.28002423412
7674.28002423412
7674.28002423412
7675.27374237831
7675.27374237831
7675.27374237831
7675.27374237831
7675.27374237831
7675.27374237831
7675.27374237831
7675.27374237831
7675.27374237831
7675.27374237831
7675.27374237831
7675.27374237831
7675.27374237831
7675.27374237831
7675.27374237831
7675.27374237831
7675.27374237831
7675.27374237831
7675.27374237831
7675.27374237831
7675.27374237831
7675.27374237831
7675.27374237831
7675.27374237831
7675.27374237831
7675.27374237831
7675.27374237831
7675.27374237831
7675.27374237831
7675.27374237831
7675.27374237831
7675.27374237831
7675.27374237831
7675.27374237831
7677.08630165176
7677.08630165176
7677.08630165176
7677.08630165176
7677.08630165176
7677.08630165176
7677.08630165176
7677.08630165176
7677.08630165176
7677.08630165176
7677.08630165176
7677.08630165176
7677.08630165176
7677.08630165176
7677.08630165176
7677.08630165176
7677.08630165176
7677.08630165176
7677.08630165176
7678.12586669442
7678.12586669442
7678.12586669442
7678.12586669442
7678.12586669442
7678.12586669442
7678.12586669442
7678.12586669442
7678.12586669442
7678.12586669442
7678.12586669442
7679.7522846188
7679.7522846188
7679.7522846188
7679.7522846188
7679.7522846188
7679.7522846188
7679.7522846188
7679.7522846188
7679.7522846188
7679.7522846188
7679.7522846188
7679.7522846188
7679.7522846188
7679.7522846188
7679.7522846188
7679.7522846188
7679.7522846188
7679.7522846188
7679.7522846188
7679.7522846188
7679.7522846188
7679.7522846188
7679.7522846188
7679.7522846188
7679.7522846188
7679.7522846188
7679.7522846188
7679.7522846188
7679.7522846188
7679.7522846188
7679.7522846188
7679.7522846188
7679.7522846188
7679.7522846188
7679.7522846188
7679.7522846188
7679.7522846188
7679.7522846188
7679.7522846188
7679.7522846188
7679.7522846188
7680.34053151734
7680.34053151734
7680.34053151734
7691.41179969334
7691.41179969334
7691.41179969334
7691.41179969334
7691.41179969334
7691.41179969334
7691.41179969334
7691.41179969334
7691.41179969334
7691.41179969334
7691.41179969334
7691.41179969334
7691.41179969334
7691.41179969334
7691.41179969334
7691.41179969334
7691.41179969334
7691.41179969334
7691.41179969334
7691.41179969334
7691.41179969334
7691.41179969334
7691.41179969334
7691.41179969334
7691.41179969334
7691.41179969334
7691.41179969334
7691.41179969334
7691.41179969334
7691.41179969334
7691.41179969334
7696.96305052451
7696.96305052451
7696.96305052451
7696.96305052451
7696.96305052451
7696.96305052451
7696.96305052451
7696.96305052451
7696.96305052451
7696.96305052451
7696.96305052451
7696.96305052451
7696.96305052451
7696.96305052451
7696.96305052451
7696.96305052451
7696.96305052451
7696.96305052451
7696.96305052451
7696.96305052451
7696.96305052451
7696.96305052451
7696.96305052451
7696.96305052451
7696.96305052451
7696.96305052451
7696.96305052451
7696.96305052451
7696.96305052451
7696.96305052451
7696.96305052451
7696.96305052451
7696.96305052451
7696.96305052451
7696.96305052451
7696.96305052451
7696.96305052451
7696.96305052451
7696.96305052451
7696.96305052451
7696.96305052451
7696.96305052451
7696.96305052451
7696.96305052451
7696.96305052451
7696.96305052451
7696.96305052451
7696.96305052451
7696.96305052451
7696.96305052451
7696.96305052451
7696.96305052451
7696.96305052451
7696.96305052451
7696.96305052451
7696.96305052451
7696.96305052451
7696.96305052451
7696.96305052451
7696.96305052451
7696.96305052451
7696.96305052451
7696.96305052451
7696.96305052451
7696.96305052451
7696.96305052451
7696.96305052451
7696.96305052451
7696.96305052451
7696.96305052451
7696.96305052451
7696.96305052451
7696.96305052451
7696.96305052451
7696.96305052451
7696.96305052451
7696.96305052451
7696.96305052451
7696.96305052451
7696.96305052451
7696.96305052451
7696.96305052451
7696.96305052451
7696.96305052451
7696.96305052451
7696.96305052451
7696.96305052451
7696.96305052451
7696.96305052451
7696.96305052451
7696.96305052451
7696.96305052451
7696.96305052451
7696.96305052451
7696.96305052451
7696.96305052451
7696.96305052451
7696.96305052451
7696.96305052451
7696.96305052451
7696.96305052451
7696.96305052451
7696.96305052451
7696.96305052451
7696.96305052451
7696.96305052451
7696.96305052451
7696.96305052451
7696.96305052451
7696.96305052451
7696.96305052451
7696.96305052451
7696.96305052451
7696.96305052451
7696.96305052451
7696.96305052451
7696.96305052451
7696.96305052451
7696.96305052451
7696.96305052451
7696.96305052451
7696.96305052451
7696.96305052451
7696.96305052451
7696.96305052451
7696.96305052451
7696.96305052451
7696.96305052451
7696.96305052451
7696.96305052451
7696.96305052451
7696.96305052451
7696.96305052451
7696.96305052451
7696.96305052451
7696.96305052451
7696.96305052451
7696.96305052451
7696.96305052451
7696.96305052451
7696.96305052451
7696.96305052451
7701.52661849089
7701.52661849089
7701.52661849089
7701.52661849089
7701.52661849089
7701.90359865414
7701.90359865414
7701.90359865414
7704.74106876937
7704.74106876937
7704.74106876937
7704.74106876937
7704.74106876937
7704.74106876937
7704.74106876937
7704.74106876937
7704.74106876937
7704.74106876937
7704.74106876937
7704.74106876937
7704.74106876937
7704.74106876937
7704.74106876937
7704.74106876937
7704.74106876937
7704.74106876937
7704.74106876937
7704.74106876937
7704.74106876937
7704.74106876937
7704.74106876937
7704.74106876937
7704.74106876937
7704.74106876937
7704.74106876937
7704.74106876937
7704.74106876937
7704.74106876937
7704.74106876937
7704.74106876937
7704.74106876937
7704.74106876937
7704.74106876937
7704.74106876937
7704.74106876937
7704.74106876937
7704.74106876937
7704.74106876937
7704.74106876937
7704.74106876937
7704.74106876937
7704.74106876937
7704.74106876937
7704.74106876937
7704.74106876937
7704.74106876937
7704.74106876937
7704.74106876937
7704.74106876937
7704.74106876937
7704.74106876937
7704.74106876937
7704.74106876937
7704.74106876937
7704.74106876937
7704.74106876937
7704.74106876937
7704.74106876937
7704.74106876937
7704.74106876937
7704.74106876937
7704.74106876937
7704.74106876937
7704.74106876937
7704.74106876937
7704.74106876937
7704.74106876937
7709.02782349396
7709.02782349396
7709.02782349396
7709.02782349396
7709.02782349396
7716.18552719648
7716.18552719648
7716.18552719648
7716.18552719648
7716.18552719648
7716.18552719648
7716.18552719648
7716.18552719648
7716.18552719648
7716.18552719648
7716.18552719648
7716.18552719648
7716.18552719648
7716.18552719648
7716.18552719648
7716.18552719648
7716.18552719648
7716.18552719648
7716.18552719648
7716.18552719648
7716.18552719648
7716.18552719648
7716.18552719648
7716.18552719648
7716.18552719648
7716.18552719648
7716.18552719648
7716.18552719648
7716.57100354806
7716.57100354806
7716.57100354806
7716.57100354806
7716.57100354806
7716.57100354806
7716.57100354806
7716.57100354806
7716.57100354806
7716.57100354806
7716.57100354806
7716.57100354806
7716.57100354806
7716.57100354806
7716.57100354806
7716.57100354806
7716.57100354806
7716.57100354806
7716.57100354806
7716.57100354806
7716.57100354806
7716.57100354806
7716.57100354806
7716.57100354806
7716.57100354806
7716.57100354806
7721.5319361289
7721.5319361289
7721.5319361289
7721.5319361289
7721.5319361289
7721.5319361289
7721.5319361289
7721.5319361289
7721.5319361289
7721.5319361289
7721.5319361289
7721.5319361289
7721.5319361289
7721.5319361289
7721.5319361289
7721.5319361289
7721.65187151973
7721.65187151973
7721.65187151973
7721.65187151973
7721.65187151973
7721.65187151973
7721.65187151973
7721.65187151973
7721.65187151973
7721.65187151973
7721.65187151973
7721.65187151973
7724.2148676628
7724.2148676628
7724.2148676628
7724.2148676628
7725.89895506787
7727.17275484506
7727.17275484506
7727.17275484506
7727.17275484506
7727.17275484506
7727.17275484506
7727.17275484506
7727.17275484506
7727.17275484506
7727.17275484506
7727.17275484506
7727.17275484506
7727.17275484506
7727.17275484506
7727.17275484506
7728.03300635457
7728.03300635457
7728.03300635457
7728.03300635457
7728.03300635457
7728.03300635457
7728.03300635457
7728.03300635457
7728.03300635457
7728.03300635457
7728.03300635457
7728.03300635457
7728.03300635457
7728.03300635457
7728.03300635457
7728.03300635457
7728.03300635457
7728.03300635457

