4150.81230681715
4616.92134574835
4698.28537286127
4725.98667608554
4734.47074457957
4740.91038127762
4748.48468089175
4748.48468089175
4748.57664733293
4756.00126693916
4759.89162992222
4760.27086099636
4760.51452261469
4763.73739834942
4766.78848311971
4766.78848311971
4777.89583246183
4782.41899034313
4782.41899034313
4782.42177120986
4786.03996664127
4786.11321005648
4787.30423110071
4787.35263984841
4787.37270576285
4789.44637794184
4799.0113028248
4799.0113028248
4799.0113028248
4814.53670332395
4816.81168012332
4819.95930697395
4830.55729105831
4839.03701947607
4839.84760471739
4839.85233914972
4840.22804149976
4840.29471022043
4850.33224322843
4850.79845752341
4850.79845752341
4862.21954117297
4862.21954117297
4864.02349224059
4865.74518946089
4865.78594006056
4866.54427898685
4866.57026305314
4869.37785046137
4869.56305634003
4869.56305634003
4869.56305634003
4869.56305634003
4869.56305634003
4869.56305634003
4869.56305634003
4869.56305634003
4887.24988151885
4887.24988151885
4887.2710810102
4887.28278437827
4887.28750441426
4887.28750441426
4893.5484341393
4893.5484341393
4895.70913278712
4898.77494786312
4898.77494786312
4898.77494786312
4901.13058507826
4901.21369093747
4901.27393102821
4903.73031298649
4903.80790814783
4903.80790814783
4903.80790814783
4906.37447686486
4911.79671384118
4912.18351150873
4930.81242637442
4930.89269154569
4930.91648248083
4930.93043258859
4930.93043258859
4931.98714989612
4932.78300876492
4932.81424295592
4944.22313172103
4944.2808658046
4944.29595429073
4944.29595429073
4944.29595429073
4946.66232773968
4946.96661722968
4946.96661722968
4951.8035648101
4962.69949153584
4962.74075695298
4962.74075695298
4962.74367700965
4962.74367700965
4962.74367700965
4962.76818843901
4962.76818843901
4962.76818843901
4962.76818843901
4968.87777646534
4968.89059224426
4968.89059224426
4970.71210238092
4975.1794994597
4975.20567278258
4978.21229337417
4978.2730619593
4978.2730619593
4978.27851462611
4978.70840478882
4997.75779464832
5009.17134320206
5009.17134320206
5009.18291513806
5009.19823048855
5009.57689832899
5009.58743334755
5009.62685873699
5009.62685873699
5009.62685873699
5009.62685873699
5014.99258192494
5015.01140055531
5015.01140055531
5015.01491419478
5015.01491419478
5015.01491419478
5015.01491419478
5015.01491419478
5015.02568960505
5015.02568960505
5023.70826903981
5023.75870136139
5023.7653446825
5023.77877244627
5023.77877244627
5023.78341976157
5023.78341976157
5023.78341976157
5023.78341976157
5023.78341976157
5023.78341976157
5023.78341976157
5034.38372328803
5034.39274919799
5034.39274919799
5034.39274919799
5034.39274919799
5034.39274919799
5038.51651543604
5038.51651543604
5038.51651543604
5038.52345090498
5038.52655540684
5038.52655540684
5043.15319234542
5043.15319234542
5043.19958091763
5043.20439302433
5043.20439302433
5043.20439302433
5043.20439302433
5043.20439302433
5043.20439302433
5043.20439302433
5043.20439302433
5043.20439302433
5043.20439302433
5043.20439302433
5043.20439302433
5043.65419232859
5043.65419232859
5043.68448264494
5043.68448264494
5043.68448264494
5044.32939266039
5044.32939266039
5044.34183415249
5044.34183415249
5044.34183415249
5050.30954891631
5050.31953407199
5050.31953407199
5050.31953407199
5050.31953407199
5050.31953407199
5050.31953407199
5050.31953407199
5050.31953407199
5050.31953407199
5050.31953407199
5050.31953407199
5050.31953407199
5050.31953407199
5050.31953407199
5050.31953407199
5050.31953407199
5050.31953407199
5050.31953407199
5050.31953407199
5050.31953407199
5050.31953407199
5059.071082362
5059.10177226927
5059.10177226927
5059.10177226927
5059.10177226927
5059.10177226927
5059.10355022783
5059.10355022783
5059.10355022783
5059.10355022783
5059.10355022783
5063.527269036
5063.5423309865
5063.55679664855
5063.5668599041
5069.88122139306
5070.00024770934
5070.00024770934
5071.47342071711
5071.51048385956
5071.53836769614
5071.5504778672
5071.5504778672
5071.5504778672
5071.5504778672
5078.91768527201
5079.01581058458
5079.02026486857
5079.0334448094
5079.03682738974
5079.03682738974
5083.26798527966
5084.14738647208
5084.18240860416
5084.18240860416
5084.18240860416
5084.2024845636
5089.45236106921
5102.24751736851
5102.3348367452
5102.35191704213
5105.88347909813
5105.88645460769
5105.92115051627
5111.45215007732
5111.46103048366
5111.4648657327
5111.47142523849
5111.4747198613
5111.48445752908
5111.48445752908
5111.48845429256
5111.50060007247
5111.50060007247
5114.3904365098
5114.41877789869
5114.42278758802
5114.43021990666
5114.43021990666
5114.43021990666
5114.43021990666
5114.43021990666
5114.43021990666
5114.45014126811
5114.45014126811
5114.45876640331
5114.45876640331
5114.45876640331
5114.45876640331
5114.45876640331
5114.45876640331
5114.45876640331
5114.45876640331
5114.45876640331
5114.45876640331
5115.59573453542
5119.30457930201
5119.30457930201
5119.30457930201
5119.34093312821
5119.34093312821
5119.34093312821
5119.34093312821
5119.34093312821
5119.34093312821
5119.34093312821
5119.34093312821
5119.34093312821
5119.34093312821
5119.34093312821
5119.34093312821
5119.34496723908
5119.34496723908
5119.34496723908
5119.34496723908
5125.46806443012
5125.48261424455
5125.49566082862
5125.49566082862
5125.49566082862
5125.49566082862
5130.92866299527
5130.92866299527
5130.92866299527
5130.9312318719
5130.9312318719
5130.93486303171
5130.93486303171
5130.93768067777
5130.93768067777
5130.93978241509
5130.94077484785
5130.94077484785
5130.94077484785
5130.95049784788
5130.95049784788
5130.95049784788
5130.95049784788
5130.95049784788
5130.95049784788
5131.99247376837
5132.05440239927
5132.05440239927
5132.05950840842
5132.05950840842
5132.05950840842
5132.05950840842
5132.05950840842
5132.05950840842
5132.05950840842
5132.05950840842
5132.05950840842
5132.05950840842
5132.05950840842
5132.05950840842
5132.06021930611
5132.06021930611
5132.06021930611
5132.06021930611
5132.06021930611
5132.07140999994
5132.07140999994
5132.07140999994
5132.07140999994
5132.07140999994
5132.07140999994
5132.07140999994
5132.07140999994
5132.07140999994
5132.07140999994
5133.82437961517
5133.82437961517
5133.83876807985
5133.83876807985
5138.23488230761
5138.26326586195
5138.26376731691
5138.29077488805
5138.29077488805
5138.29077488805
5138.29077488805
5138.29077488805
5138.29077488805
5138.29077488805
5138.29077488805
5138.29077488805
5138.29077488805
5138.29077488805
5138.29077488805
5138.29077488805
5138.29077488805
5138.29077488805
5138.29077488805
5138.29077488805
5138.29077488805
5138.29077488805
5138.29077488805
5138.29077488805
5140.07524739645
5140.08365752577
5140.10419938221
5140.10419938221
5140.10419938221
5140.10419938221
5140.10419938221
5140.10419938221
5140.10419938221
5140.10419938221
5140.10940894326
5140.10940894326
5140.10940894326
5140.10940894326
5140.10940894326
5140.10940894326
5140.10940894326
5140.10940894326
5140.10940894326
5140.10940894326
5140.10940894326
5140.10940894326
5140.10940894326
5140.10940894326
5140.10940894326
5140.10940894326
5140.10940894326
5144.51171610482
5144.51171610482
5144.51171610482
5147.65849829862
5147.65849829862
5147.68390087485
5147.68673333481
5147.68673333481
5147.68673333481
5147.7024258226
5147.7024258226
5147.7024258226
5147.7024258226
5147.7024258226
5149.66609826391
5149.66654541046
5149.66654541046
5153.46777507986
5153.48221766095
5153.50111592455
5153.50111592455
5153.50999352092
5153.51957260353
5153.51957260353
5153.51957260353
5153.51957260353
5153.51957260353
5153.51957260353
5153.51957260353
5153.51957260353
5153.51957260353
5153.51957260353
5154.13334220798
5154.13334220798
5154.13334220798
5154.14046971105
5154.14046971105
5154.51358899908
5154.53081824683
5154.54031785438
5154.55788344872
5154.55788344872
5154.56569434954
5154.56569434954
5157.85434153872
5157.94255097414
5157.94593358204
5157.9526498472
5157.9526498472
5157.9526498472
5159.51350586353
5159.51350586353
5159.51350586353
5159.51350586353
5159.51350586353
5159.51350586353
5159.51350586353
5159.51350586353
5159.51350586353
5159.52955943637
5159.52955943637
5159.52955943637
5159.53609884249
5159.53609884249
5159.53609884249
5159.53609884249
5159.53609884249
5159.53609884249
5159.53609884249
5159.53609884249
5159.53609884249
5159.53609884249
5159.53609884249
5159.53609884249
5159.53609884249
5159.53609884249
5159.53609884249
5159.53609884249
5159.53609884249
5159.53609884249
5159.53609884249
5159.53609884249
5159.53609884249
5159.53609884249
5159.53609884249
5159.53609884249
5159.53609884249
5159.53609884249
5159.53609884249
5159.53609884249
5159.53609884249
5159.53609884249
5159.53609884249
5159.53609884249
5159.68750140433
5159.68750140433
5159.68750140433
5159.68750140433
5159.70331502379
5159.70331502379
5159.70331502379
5159.70331502379
5159.70331502379
5159.70331502379
5159.70482272625
5159.70482272625
5159.70482272625
5159.70482272625
5159.70482272625
5159.70482272625
5159.70482272625
5159.70482272625
5159.70482272625
5159.70482272625
5159.70482272625
5159.70482272625
5159.70482272625
5159.70482272625
5159.70482272625
5159.70482272625
5159.70482272625
5159.70482272625
5159.70482272625
5159.70482272625
5159.70482272625
5159.70482272625
5159.70482272625
5159.70482272625
5159.70482272625
5159.70482272625
5159.70482272625
5159.70482272625
5159.70482272625
5159.70482272625
5159.70482272625
5159.70482272625
5159.70482272625
5159.70482272625
5159.70482272625
5159.70482272625
5159.70482272625
5159.70482272625
5159.70482272625
5159.70482272625
5159.70482272625
5159.70482272625
5159.70482272625
5159.70482272625
5159.70482272625
5159.70482272625
5159.70482272625
5159.70482272625
5159.70482272625
5159.70482272625
5159.70482272625
5159.70482272625
5159.70482272625
5159.70482272625
5159.70482272625
5159.70482272625
5159.70482272625
5168.92976689129
5168.92976689129
5168.97234316842
5168.97234316842
5168.97234316842
5168.97234316842
5168.97234316842
5168.97234316842
5168.97234316842
5168.97234316842
5168.97234316842
5168.97234316842
5168.97234316842
5168.97234316842
5168.97234316842
5168.97234316842
5168.97234316842
5168.97234316842
5168.97234316842
5168.97234316842
5168.97234316842
5168.97234316842
5168.97234316842
5168.97234316842
5168.97234316842
5168.97234316842
5168.97234316842
5168.97234316842
5168.97234316842
5168.97234316842
5168.97234316842
5173.7261616389
5173.7261616389
5173.7261616389
5173.7261616389
5173.7261616389
5173.7261616389
5173.7261616389
5173.7261616389
5173.73011207838
5173.73011207838
5173.73011207838
5173.73393479858
5173.73393479858
5173.73393479858
5173.73393479858
5173.73393479858
5173.73393479858
5173.73393479858
5173.73393479858
5173.73393479858
5173.73393479858
5173.73393479858
5173.73393479858
5173.73393479858
5173.73393479858
5173.73393479858
5173.73393479858
5173.73393479858
5173.73393479858
5173.73393479858
5173.73393479858
5173.73393479858
5173.73393479858
5173.73393479858
5173.73393479858
5173.73393479858
5173.73393479858
5173.73393479858
5173.73393479858
5173.73393479858
5173.73393479858
5173.73393479858
5173.73393479858
5173.73393479858
5173.73393479858
5173.73393479858
5173.73393479858
5176.64955972232
5176.8119088142
5176.91182331737
5176.91182331737
5176.93119063903
5176.9405785171
5176.94647686585
5176.94647686585
5176.95366241104
5176.95366241104
5176.95366241104
5176.95366241104
5176.95567440806
5176.95567440806
5176.95567440806
5176.95567440806
5176.95567440806
5176.95567440806
5176.95692388155
5178.68000320604
5178.68000320604
5178.68000320604
5178.71702381109
5178.71702381109
5178.71702381109
5178.71702381109
5178.71702381109
5178.71702381109
5178.71702381109
5178.71702381109
5178.71702381109
5178.71702381109
5178.71702381109
5178.71702381109
5178.71702381109
5178.71702381109
5178.71702381109
5178.71702381109
5178.71702381109
5178.71702381109
5178.71702381109
5178.71702381109
5178.71702381109
5178.71702381109
5178.71702381109
5178.71702381109
5178.71702381109
5178.71702381109
5178.71702381109
5178.71702381109
5178.71702381109
5184.2879035394
5184.31487054839
5184.31487054839
5184.31487054839
5184.31487054839
5184.31487054839
5184.31487054839
5184.31487054839
5184.31487054839
5184.31487054839
5184.31487054839
5184.31487054839
5184.31487054839
5184.31487054839
5184.33361889843
5184.33361889843
5184.33361889843
5184.33361889843
5184.33361889843
5184.33361889843
5184.33361889843
5184.33361889843
5184.33361889843
5184.33361889843
5184.33361889843
5184.33361889843
5184.33361889843
5184.33361889843
5184.90821510913
5184.90982248245
5184.92813850335
5184.92813850335
5184.92813850335
5184.92813850335
5184.92813850335
5184.95738237665
5184.95738237665
5184.95738237665
5184.95738237665
5184.95738237665
5184.95738237665
5184.95738237665
5184.95738237665
5184.95738237665
5184.95738237665
5184.95738237665
5184.95738237665
5184.95738237665
5184.95738237665
5184.95738237665
5184.95738237665
5184.95738237665
5184.95738237665
5184.95738237665
5187.11245701634
5187.12465773405
5187.12465773405
5187.12785295965
5187.15854271395
5187.15854271395
5187.15854271395
5187.15854271395
5187.15854271395
5187.15854271395
5187.15854271395
5187.73643298554
5187.73643298554
5187.73643298554
5187.73839680114
5187.74743373563
5187.74743373563
5187.74743373563
5187.75381476424
5187.75381476424
5187.75381476424
5187.76575507146
5187.76599842192
5187.76599842192
5187.77289918015
5187.77289918015
5187.77289918015
5187.77289918015
5187.77289918015
5187.77289918015
5187.77289918015
5187.77289918015
5187.77289918015
5187.77289918015
5187.77289918015
5187.77289918015
5187.77289918015
5187.77289918015
5187.77289918015
5187.77289918015
5187.77289918015
5187.77289918015
5187.91887470681
5187.91887470681
5187.91887470681
5187.91887470681
5187.93407345139
5187.93407345139
5187.93407345139
5187.93407345139
5187.93407345139
5187.94641976742
5187.94641976742
5190.845887913
5190.845887913
5190.88565599933
5190.88565599933
5190.88565599933
5190.88565599933
5190.89265133844
5190.89265133844
5190.89265133844
5193.88810836198
5193.92140521952
5193.92140521952
5193.92140521952
5193.92329292118
5193.92329292118
5193.92329292118
5193.92329292118
5193.92329292118
5193.92329292118
5193.92329292118
5193.93286261873
5193.93286261873
5193.93286261873
5193.93286261873
5202.26942660951
5202.30712158065
5202.33412294527
5202.33412294527
5202.33412294527
5202.33412294527
5202.33412294527
5202.33412294527
5202.33412294527
5202.33412294527
5202.33412294527
5202.33412294527
5202.33412294527
5202.33412294527
5202.33412294527
5202.33412294527
5202.33412294527
5202.33412294527
5202.33412294527
5202.33412294527
5202.33412294527
5202.33412294527
5202.33412294527
5202.33412294527
5202.33412294527
5202.33412294527
5202.33412294527
5204.24688230771
5204.26178910479
5204.26422420055
5204.282479095
5204.282479095
5204.282479095
5204.29833799622
5204.29833799622
5211.09135545934
5211.13628710915
5211.13628710915
5211.13628710915
5212.07464376212
5212.0862766637
5212.0862766637
5212.0862766637
5212.0862766637
5212.0862766637
5212.0862766637
5212.0862766637
5212.0862766637
5212.0862766637
5212.0862766637
5212.0862766637
5212.0862766637
5212.0862766637
5212.0862766637
5212.0862766637
5212.0862766637
5212.0862766637
5212.0862766637
5212.0862766637
5214.28804848229
5214.31674263684
5214.3183387084
5214.32789591984
5214.32789591984
5214.32789591984
5214.34321963132
5214.34321963132
5214.34321963132
5214.34321963132
5214.34321963132
5214.34321963132
5214.34321963132
5214.34321963132
5214.34321963132
5214.34321963132
5214.34321963132
5214.34321963132
5214.34321963132
5214.34321963132
5214.34321963132
5214.34321963132
5214.34321963132
5214.34321963132
5214.34321963132
5214.34321963132
5214.34321963132
5214.34321963132
5214.34321963132
5214.34321963132
5214.34321963132
5214.34321963132
5214.34321963132
5214.34321963132
5214.34321963132
5214.34321963132
5214.34321963132
5214.34321963132
5214.34321963132
5217.15178655007
5217.15429697131
5217.18238191976
5217.18238191976
5217.18238191976
5217.18238191976
5217.18238191976
5217.18238191976
5217.18238191976
5217.18731523706
5217.18731523706
5217.18731523706
5217.18731523706
5217.18731523706
5217.18731523706
5217.18731523706
5219.19991417044
5219.19991417044
5219.19991417044
5219.19991417044
5219.19991417044
5219.19991417044
5219.19991417044
5219.19991417044
5219.19991417044
5219.19991417044
5219.19991417044
5219.19991417044
5219.19991417044
5219.19991417044
5219.19991417044
5219.19991417044
5219.19991417044
5219.19991417044
5219.19991417044
5219.19991417044
5219.19991417044
5219.19991417044
5219.19991417044
5225.80154224385
5225.80154224385
5225.8230266865
5225.8230266865
5225.8230266865
5225.8230266865
5225.8230266865
5225.8230266865
5225.8230266865
5225.83156960206
5225.83156960206
5225.83156960206
5225.83156960206
5225.83156960206
5225.83156960206
5225.83156960206
5225.83156960206
5225.8540605414
5225.8540605414
5225.8540605414
5225.8540605414
5225.8540605414
5225.8540605414
5225.8540605414
5225.8540605414
5225.8540605414
5225.8540605414
5225.8540605414
5225.8540605414
5225.8540605414
5225.8540605414
5225.8540605414
5225.8540605414
5225.8540605414
5225.8540605414
5233.27410175432
5233.28917108305
5235.85284988179
5235.85284988179
5235.86920343539
5235.88013160432
5235.88769723532
5235.88769723532
5235.88769723532
5235.89171423532
5235.89171423532
5235.89171423532
5235.89171423532
5235.89171423532
5235.89171423532
5235.89171423532
5235.89171423532
5235.89171423532
5235.89171423532
5235.89171423532
5235.89171423532
5235.89171423532
5235.89171423532
5235.89171423532
5235.89171423532
5235.89171423532
5235.89171423532
5235.89171423532
5235.89171423532
5235.89171423532
5235.89171423532
5235.89171423532
5235.89171423532
5235.89171423532
5235.89171423532
5235.89171423532
5235.89171423532
5235.89171423532
5235.89171423532
5235.89171423532
5235.89171423532
5235.89171423532
5235.89171423532
5235.89171423532
5235.89171423532
5235.89171423532
5235.89171423532
5235.89171423532
5235.89171423532
5235.89171423532
5235.89171423532
5235.89171423532
5235.89171423532
5235.89171423532
5235.89171423532
5235.89171423532
5235.89171423532
5235.89171423532
5235.89171423532
5235.89171423532
5235.89171423532
5235.89171423532
5235.89171423532
5235.89171423532
5235.89171423532
5235.89171423532
5235.89171423532
5235.89171423532
5235.89171423532
5235.89171423532
5235.89171423532
5235.89171423532
5235.89171423532
5235.89171423532
5235.89171423532
5235.89171423532
5235.89171423532
5235.89171423532
5235.89171423532
5235.89171423532
5235.89171423532
5235.89171423532
5235.89171423532
5235.89171423532
5235.89171423532
5235.89171423532
5235.89171423532
5235.89171423532
5235.89171423532
5235.89171423532
5235.89171423532
5235.89171423532
5235.89171423532
5235.89171423532
5235.89171423532
5235.89171423532
5235.89171423532
5235.89171423532
5235.89171423532
5235.89171423532
5235.89171423532
5235.89171423532
5235.89171423532
5235.89171423532
5235.89171423532
5236.20086701731
5236.2433442215
5236.2433442215
5236.2433442215
5236.2433442215
5236.2433442215
5236.2433442215
5236.24558645925
5236.24558645925
5236.24558645925
5236.24558645925
5236.24558645925
5236.24558645925
5236.24558645925
5236.24558645925
5236.24558645925
5236.24558645925
5236.24558645925
5236.24558645925
5236.24558645925
5236.24558645925
5236.24558645925
5236.24558645925
5236.24558645925
5236.24558645925
5236.24558645925
5236.24558645925
5236.24558645925
5236.24558645925
5236.24558645925
5236.24558645925
5236.24558645925
5236.24558645925
5236.24558645925
5236.24558645925
5236.24558645925
5236.24558645925
5236.24558645925
5236.24558645925
5236.24558645925
5236.24558645925
5236.24558645925
5236.24558645925
5236.24558645925
5238.90331682803
5238.91291040918
5238.91291040918
5238.94525638558
5244.67237894159
5244.72470796982
5244.72470796982
5244.72470796982
5244.72470796982
5244.74450893937
5244.74450893937
5244.74450893937
5244.74450893937
5244.74450893937
5244.74450893937
5244.74450893937
5244.74450893937
5244.74450893937
5244.74450893937
5244.74450893937
5244.74450893937
5244.74681846922
5246.64466140668
5246.66272881374
5246.66709300562
5246.66709300562
5246.66709300562
5246.66709300562
5246.66709300562
5246.68478311872
5246.68478311872
5246.68478311872
5246.68478311872
5246.68478311872
5246.68478311872
5246.68478311872
5246.68478311872
5246.68478311872
5246.68478311872
5246.68478311872
5246.68478311872
5246.68478311872
5246.68478311872
5246.68478311872
5246.68478311872
5246.68478311872
5246.68478311872
5246.68478311872
5246.68478311872
5246.68478311872
5246.68478311872
5246.68478311872
5246.68478311872
5246.68478311872
5246.68478311872
5246.68478311872
5246.68478311872
5246.68478311872
5246.68478311872
5246.68478311872
5246.68478311872
5246.68478311872
5246.68478311872
5246.68478311872
5246.68478311872
5246.68478311872
5246.68478311872
5246.68478311872
5246.68478311872
5246.68478311872
5246.68478311872
5246.68478311872
5246.68478311872
5246.68478311872
5246.68478311872
5246.68478311872
5246.68478311872
5246.68478311872
5246.68478311872
5246.68478311872
5246.68478311872
5246.68478311872
5246.68478311872
5246.68478311872
5246.68478311872
5246.68478311872
5246.68478311872
5246.68478311872
5246.68478311872
5246.68478311872
5246.68478311872
5246.68478311872
5246.68478311872
5246.68478311872
5246.68478311872
5246.68478311872
5246.68478311872
5246.68478311872
5246.68478311872
5246.68478311872
5246.68478311872
5246.68478311872
5246.68478311872
5246.68478311872
5246.68478311872
5246.68478311872
5246.68478311872
5246.68478311872
5246.68478311872
5246.68478311872
5246.68478311872
5246.68478311872
5246.68478311872
5246.68478311872
5246.68478311872
5246.68478311872
5246.68478311872
5246.68478311872
5246.68478311872
5246.68478311872
5246.68478311872
5246.68478311872
5246.68478311872
5247.75148704378
5247.75148704378
5247.75965974838
5247.76840100235
5247.76840100235
5247.76840100235
5247.77333297025
5247.77333297025
5247.77333297025
5247.77396994491
5247.77396994491
5247.77396994491
5247.77396994491
5251.82113325087
5251.83942614673
5251.85570406647
5251.85570406647
5251.85570406647
5251.8611968658
5251.8611968658
5251.8611968658
5251.8611968658
5251.87517225702
5251.87517225702
5251.87517225702
5251.87517225702
5251.87517225702
5251.87517225702
5253.0707083899
5253.11746794833
5253.11746794833
5253.11746794833
5253.11746794833
5253.11746794833
5253.11746794833
5253.11746794833
5253.11746794833
5253.11746794833
5253.11746794833
5253.11746794833
5253.11746794833
5253.11746794833
5253.11746794833
5253.11746794833
5253.137949406
5253.137949406
5253.137949406
5253.137949406
5253.137949406
5253.137949406
5253.137949406
5253.137949406
5253.137949406
5253.137949406
5253.137949406
5253.137949406
5253.137949406
5253.137949406
5253.137949406
5253.137949406
5253.137949406
5253.137949406
5253.137949406
5253.137949406
5253.137949406
5253.137949406
5257.97534227717
5258.02916057444
5258.02916057444
5258.02916057444
5258.04879344874
5258.04879344874
5258.04879344874
5258.04879344874
5260.74567947613
5260.75654523994
5260.75654523994
5260.75654523994
5260.75654523994
5260.76371138491
5260.76371138491
5260.77921026785
5260.77921026785
5260.77921026785
5260.77921026785
5260.77921026785
5265.27087439547
5265.27087439547
5265.27087439547
5270.8331727862
5270.90156817837
5270.92981171943
5270.92981171943
5270.92981171943
5270.92981171943
5270.92981171943
5270.92981171943
5270.92981171943
5270.92981171943
5270.92981171943
5270.92981171943
5270.92981171943
5270.92981171943
5270.92981171943
5270.92981171943
5270.92981171943
5270.92981171943
5270.93139490669
5270.93139490669
5270.93139490669
5270.93139490669
5270.93139490669
5270.93139490669
5270.93139490669
5270.93139490669
5270.93139490669
5270.93139490669
5270.93139490669
5270.93139490669
5270.93139490669
5270.93139490669
5270.93139490669
5270.93139490669
5270.93139490669
5270.93139490669
5270.93139490669
5270.93139490669
5270.93139490669
5270.93139490669
5270.93139490669
5270.93139490669
5270.93139490669
5270.93139490669
5270.93139490669
5270.93139490669
5270.93139490669
5270.93139490669
5270.93139490669
5270.93139490669
5270.93139490669
5270.93139490669
5270.93139490669
5270.93139490669
5270.93139490669
5270.93139490669
5270.93139490669
5270.93139490669
5270.93139490669
5270.93139490669
5270.93139490669
5270.93139490669
5270.93139490669
5270.93139490669
5272.34110477954
5272.36063191164
5272.36063191164
5272.37824652066
5272.38384815405
5272.39506153362
5272.39506153362
5272.39506153362
5272.39506153362
5272.39506153362
5272.39506153362
5272.39506153362
5272.39506153362
5272.39506153362
5272.39506153362
5272.39506153362
5272.39506153362
5272.39506153362
5272.39506153362
5272.39506153362
5272.39506153362
5272.39506153362
5272.39506153362
5272.39506153362
5272.39506153362
5272.39506153362
5272.39506153362
5272.39506153362
5272.39506153362
5272.39506153362
5272.39506153362
5272.39506153362
5272.39506153362
5272.39506153362
5272.39506153362
5272.39506153362
5272.39506153362
5272.39506153362
5272.39506153362
5272.39506153362
5272.39506153362
5272.39506153362
5272.39506153362
5272.39506153362
5272.39506153362
5272.39506153362
5272.39506153362
5272.39506153362
5272.39506153362
5272.39506153362
5272.39506153362
5272.39506153362
5272.39506153362
5272.39506153362
5272.39506153362
5272.39506153362
5272.39506153362
5272.39506153362
5272.39506153362
5272.39506153362
5272.39506153362
5272.39506153362
5272.39506153362
5272.39506153362
5272.39506153362
5272.39506153362
5272.39506153362
5272.39506153362
5272.39506153362
5272.39506153362
5272.39506153362
5272.39506153362
5272.39506153362
5272.39506153362
5272.39506153362
5272.39506153362
5272.39506153362
5272.39506153362
5272.39506153362
5272.39506153362
5272.39506153362
5272.39506153362
5272.39506153362
5272.39506153362
5272.39506153362
5272.39506153362
5272.39506153362
5272.39506153362
5272.39506153362
5272.39506153362
5272.39506153362
5272.39506153362
5272.39506153362
5272.39506153362
5272.39506153362
5272.39506153362
5272.39506153362
5272.39506153362
5272.39506153362
5272.39506153362
5272.39506153362
5272.39506153362
5272.39506153362
5272.39506153362
5272.39506153362
5272.39506153362
5272.39506153362
5272.39506153362
5272.39506153362
5272.39506153362
5272.39506153362
5272.39506153362
5272.39506153362
5272.39506153362
5272.39506153362
5272.39506153362
5272.39506153362
5272.39506153362
5272.39506153362
5272.39506153362
5272.39506153362
5272.39506153362
5272.39506153362
5272.39506153362
5272.39506153362
5272.39506153362
5272.39506153362
5272.39506153362
5272.39506153362
5272.39506153362
5272.39506153362
5272.39506153362
5272.39506153362
5272.39506153362
5272.39506153362
5272.39506153362
5272.39506153362
5272.39506153362
5272.39506153362
5272.39506153362
5272.39506153362
5272.39506153362
5272.39506153362
5272.39506153362
5272.39506153362
5272.39506153362
5272.39506153362
5272.39506153362
5272.39506153362
5272.39506153362
5272.39506153362
5272.39506153362
5272.39506153362
5272.39506153362
5272.39506153362
5272.39506153362
5272.39506153362
5272.39506153362
5272.39506153362
5272.39506153362
5272.39506153362
5272.39506153362
5272.39506153362
5272.39506153362
5272.39506153362
5272.39506153362
5272.39506153362
5272.39506153362
5272.39506153362
5272.39506153362
5272.39506153362
5272.39506153362
5272.39506153362
5272.39506153362
5272.39506153362
5272.39506153362
5272.39506153362
5272.39506153362
5272.39506153362
5272.39506153362
5272.39506153362
5272.39506153362
5272.39506153362
5272.39506153362
5272.39506153362
5272.39506153362
5272.39506153362
5272.39506153362
5272.39506153362
5272.39506153362
5272.39506153362
5272.39506153362
5272.39506153362
5272.39506153362
5272.39506153362
5272.39506153362
5272.39506153362
5272.39506153362
5272.39506153362
5272.39506153362
5272.39506153362
5272.39506153362
5272.39506153362
5272.39506153362
5272.39506153362
5272.39506153362
5272.39506153362
5272.39506153362
5272.39506153362
5272.39506153362
5272.39506153362
5272.39506153362
5272.39506153362
5272.39506153362
5272.39506153362
5272.39506153362
5272.39506153362
5272.39506153362
5272.39506153362
5272.39506153362
5272.39506153362
5272.39506153362
5272.39506153362
5272.39506153362
5272.39506153362
5272.39506153362
5272.39506153362
5272.39506153362
5272.39506153362
5272.39506153362
5272.39506153362
5272.39506153362
5272.39506153362
5272.39506153362
5272.39506153362
5272.39506153362
5272.39506153362
5272.39506153362
5272.39506153362
5272.39506153362
5272.39506153362
5272.39506153362
5272.39506153362
5272.39506153362
5272.39506153362
5272.39506153362
5272.39506153362
5272.39506153362
5272.39506153362
5272.39506153362
5272.39506153362
5272.39506153362
5272.39506153362
5272.39506153362
5272.39506153362
5272.39506153362
5272.39506153362
5272.39506153362
5272.39506153362
5272.39506153362
5272.39506153362
5272.39506153362
5272.39506153362
5272.39506153362
5272.39506153362
5272.39506153362
5272.39506153362
5272.39506153362
5272.39506153362
5272.39506153362
5272.39506153362
5272.39506153362
5272.39506153362
5272.39506153362
5272.39506153362
5272.39506153362
5272.39506153362
5272.39506153362
5272.39506153362
5272.39506153362
5272.39506153362
5272.39506153362
5272.39506153362
5272.39506153362
5272.39506153362
5272.39506153362
5272.39506153362
5272.39506153362
5272.39506153362
5272.39506153362
5272.39506153362
5272.39506153362
5272.39506153362
5272.39506153362
5272.39506153362
5272.39506153362
5272.39506153362
5272.39506153362
5272.39506153362
5272.39506153362
5272.39506153362
5272.39506153362
5272.39506153362
5272.39506153362
5272.39506153362
5272.39506153362
5272.39506153362
5272.39506153362
5272.39506153362
5272.39506153362
5272.39506153362
5272.39506153362
5272.39506153362
5272.39506153362
5274.17610440566
5274.17610440566
5274.17610440566
5274.17610440566
5274.17610440566
5274.17610440566
5274.17610440566
5274.17610440566
5274.18795740333
5274.18795740333
5274.18795740333
5274.20113368814
5274.20113368814
5274.20113368814
5274.20113368814
5274.20113368814
5274.20113368814
5274.20113368814
5274.20113368814
5274.20113368814
5274.20113368814
5274.20113368814
5274.20113368814
5276.94040517184
5276.9532309842
5276.95902443651
5276.95902443651
5276.96520789978
5276.97890657933
5277.00241494932
5277.00241494932
5277.00241494932
5277.00241494932
5277.00241494932
5277.00241494932
5277.00241494932
5277.00241494932
5277.00241494932
5277.00241494932
5277.00241494932
5277.00241494932
5277.00241494932
5277.00241494932
5277.00241494932
5277.00241494932
5277.00241494932
5277.00241494932
5277.00241494932
5277.00241494932
5277.00241494932
5277.00241494932
5279.54442356445
5279.55277247015
5279.55277247015
5279.55277247015
5279.55277247015
5279.55277247015
5279.55277247015
5279.55277247015
5279.55277247015
5279.55277247015
5279.55277247015
5279.57671447432
5279.57671447432
5279.57671447432
5279.57671447432
5279.57671447432
5279.57671447432
5279.57671447432
5279.57671447432
5279.57671447432
5279.57671447432
5279.57671447432
5279.57671447432
5279.57671447432
5279.57671447432
5279.57671447432
5279.57671447432
5279.57671447432
5279.57671447432
5279.57671447432
5279.57671447432
5279.57671447432
5279.57671447432
5279.57671447432
5279.57671447432
5279.57671447432
5279.57671447432
5279.57671447432
5279.57671447432
5279.57671447432
5279.57671447432
5279.57671447432
5279.57671447432
5279.57671447432
5279.57671447432
5279.57671447432
5279.57671447432
5279.57671447432
5279.57671447432
5279.57671447432
5279.57671447432
5279.57671447432
5279.57671447432
5279.57671447432
5279.57671447432
5279.57671447432
5279.57671447432
5279.57671447432
5279.57671447432
5279.57671447432
5279.57671447432
5279.57671447432
5279.57671447432
5279.57671447432
5279.57671447432
5279.57671447432
5279.57671447432
5279.57671447432
5279.57671447432
5279.57671447432
5279.57671447432
5279.57671447432
5279.57671447432
5279.57671447432
5279.57671447432
5279.57671447432
5279.57671447432
5279.57671447432
5279.57671447432
5279.57671447432
5279.57671447432
5279.57671447432
5279.57671447432
5279.57671447432
5279.57671447432
5279.57671447432
5279.57671447432
5279.57671447432
5279.57671447432
5279.57671447432
5279.57671447432
5279.57671447432
5279.57671447432
5279.57671447432
5279.57671447432
5279.57671447432
5279.57671447432
5279.57671447432
5279.57671447432
5279.57671447432
5279.57671447432
5279.57671447432
5279.57671447432
5279.57671447432
5279.57671447432
5279.57671447432
5279.57671447432
5279.57671447432
5279.57671447432
5279.57671447432
5279.57671447432
5279.57671447432
5279.57671447432
5279.57671447432
5279.57671447432
5279.57671447432
5279.57671447432
5279.57671447432
5279.57671447432
5279.57671447432
5279.57671447432
5279.57671447432
5279.57671447432
5279.57671447432
5279.57671447432
5279.57671447432
5279.57671447432
5279.57671447432
5279.57671447432
5279.57671447432
5279.57671447432
5279.57671447432
5279.57671447432
5279.57671447432
5279.57671447432
5279.57671447432
5279.57671447432
5279.57671447432
5279.57671447432
5279.57671447432
5279.57671447432
5279.57671447432
5279.57671447432
5279.57671447432
5279.57671447432
5279.57671447432
5279.57671447432
5279.57671447432
5279.57671447432
5279.57671447432
5279.57671447432
5279.57671447432
5282.7235009568
5282.75319472939
5282.75319472939
5282.75319472939
5282.7545494341
5282.7545494341
5282.75761005247
5282.75761005247
5282.75761005247
5282.76966003233
5282.76966003233
5282.76966003233
5282.76966003233
5282.76966003233
5282.76966003233
5282.76966003233
5282.76966003233
5282.76966003233
5282.76966003233
5282.76966003233
5282.76966003233
5282.76966003233
5286.25814160962
5286.2702221787
5286.2702221787
5286.30189703859
5286.30189703859
5286.30189703859
5286.30189703859
5286.30189703859
5286.30189703859
5286.30189703859
5286.30189703859
5286.30189703859
5286.30189703859
5286.30189703859
5286.30189703859
5286.30189703859
5286.30189703859
5286.30189703859
5286.30189703859
5286.30189703859
5286.30189703859
5286.30189703859
5286.30189703859
5286.30189703859
5286.30189703859
5286.30189703859
5286.30189703859
5286.30189703859
5286.30189703859
5286.30189703859
5286.30189703859
5286.30189703859
5286.30189703859
5286.30189703859
5286.30189703859
5286.30189703859
5286.30189703859
5286.30189703859
5286.30189703859
5286.30189703859
5286.30189703859
5286.30189703859
5286.30189703859
5288.38104910079
5288.38104910079
5288.40668717896
5288.40668717896
5288.40668717896
5288.40742214413
5288.89972018197
5288.92668733331
5288.92764359998
5288.92764359998
5288.94263303625
5288.94263303625
5288.95459177649
5288.97589465583
5288.97589465583
5288.97589465583
5288.97589465583
5288.97589465583
5288.97589465583
5288.97589465583
5288.97589465583
5288.97589465583
5288.97589465583
5288.97589465583
5288.97589465583
5288.97589465583
5288.97589465583
5288.97589465583
5288.97589465583
5290.0163915381
5290.04641096948
5290.04641096948
5290.04641096948
5290.05862577764
5290.05862577764
5290.05862577764
5290.05862577764
5290.05862577764
5290.05862577764
5290.05862577764
5290.05862577764
5290.05862577764
5290.05862577764
5290.05862577764
5290.06055297429
5290.06055297429
5293.28956438287
5293.28956438287
5293.28960675175
5293.33170347641
5293.33170347641
5293.33170347641
5293.33170347641
5293.33170347641
5293.33170347641
5293.33624305575
5295.54873959348
5295.54873959348
5295.54873959348
5295.54873959348
5295.54873959348
5295.56055274563
5295.56055274563
5295.56055274563
5295.56055274563
5295.56055274563
5295.56055274563
5295.56055274563
5295.56055274563
5295.56055274563
5295.56055274563
5295.56055274563
5295.56055274563
5295.56055274563
5295.56055274563
5295.56055274563
5295.56055274563
5295.56055274563
5295.56055274563
5295.56055274563
5295.56055274563
5295.56055274563
5295.56055274563
5295.56055274563
5295.56055274563
5295.56055274563
5295.56055274563
5295.56055274563
5295.56055274563
5295.56055274563
5295.56055274563
5295.56055274563
5295.56055274563
5295.56055274563
5295.56055274563
5295.56055274563
5295.56055274563
5295.56055274563
5295.56055274563
5295.56055274563
5295.56055274563
5295.56055274563
5295.56055274563
5295.56055274563
5295.56055274563
5295.56055274563
5295.56055274563
5295.56055274563
5295.56055274563
5295.56055274563
5295.56055274563
5295.56055274563
5295.56055274563
5295.56055274563
5295.56055274563
5295.56055274563
5295.56055274563
5295.56055274563
5295.56055274563
5295.56055274563
5295.56055274563
5295.56055274563
5295.56055274563
5295.56055274563
5295.56055274563
5295.56055274563
5295.56055274563
5295.56055274563
5295.56055274563
5295.56055274563
5295.56055274563
5295.56055274563
5295.56055274563
5295.56055274563
5295.56055274563
5295.56055274563
5295.56055274563
5295.56055274563
5295.56055274563
5295.56055274563
5295.56055274563
5295.56055274563
5295.56055274563
5295.56055274563
5295.56055274563
5295.56055274563
5295.56055274563
5295.56055274563
5295.56055274563
5295.56055274563
5295.56055274563
5295.56055274563
5295.56055274563
5295.56055274563
5295.56055274563
5295.56055274563
5295.56055274563
5295.56055274563
5295.56055274563
5295.56055274563
5295.56055274563
5295.56055274563
5295.56055274563
5295.56055274563
5295.56055274563
5295.56055274563
5295.56055274563
5295.56055274563
5295.56055274563
5295.56055274563
5295.56055274563
5295.56055274563
5295.56055274563
5295.56055274563
5295.56055274563
5295.56055274563
5295.56055274563
5295.56055274563
5295.56055274563
5295.56055274563
5295.56055274563
5295.56055274563
5295.56055274563
5295.56055274563
5295.56055274563
5295.56055274563
5295.56055274563
5295.56055274563
5295.56055274563
5295.56055274563
5295.56055274563
5295.56055274563
5295.56055274563
5295.56055274563
5295.56055274563
5295.56055274563
5295.56055274563
5295.56055274563
5295.56055274563
5295.56055274563
5295.56055274563
5295.56055274563
5295.56055274563
5295.56055274563
5295.56055274563
5295.56055274563
5295.56055274563
5295.56055274563
5295.56055274563
5295.56055274563
5295.56055274563
5295.56055274563
5295.56055274563
5295.56055274563
5295.56055274563
5295.56055274563
5295.56055274563
5295.56055274563
5295.56055274563
5295.56055274563
5295.56055274563
5295.56055274563
5295.56055274563
5295.56055274563
5295.56055274563
5295.56055274563
5295.56055274563
5295.56055274563
5295.56055274563
5295.56055274563
5295.56055274563
5295.56055274563
5295.56055274563
5295.56055274563
5295.56055274563
5295.56055274563
5295.56055274563
5295.56055274563
5295.56055274563
5295.56055274563
5295.56055274563
5295.56055274563
5295.56055274563
5295.56055274563
5295.56055274563
5295.56055274563
5295.56055274563
5295.56055274563
5295.56055274563
5295.56055274563
5295.56055274563
5295.56055274563
5295.56055274563
5295.56055274563
5295.56055274563
5295.56055274563
5295.56055274563
5295.56055274563
5295.56055274563
5295.56055274563
5295.56055274563
5295.56055274563
5295.56055274563
5295.56055274563
5295.56055274563
5295.56055274563
5295.56055274563
5295.56055274563
5295.56055274563
5295.56055274563
5295.56055274563
5295.56055274563
5295.56055274563
5295.56055274563
5295.56055274563
5295.56055274563
5295.56055274563
5295.56055274563
5296.38585510256
5296.40275780734
5296.41564572795
5296.41564572795
5296.43638751431
5296.43638751431
5296.43638751431
5296.43841515875
5296.43841515875
5296.43841515875
5296.43841515875
5296.43841515875
5296.43841515875
5296.46046827508
5296.46046827508
5296.46046827508
5296.46046827508
5296.46046827508
5296.46046827508
5296.46046827508
5296.46046827508
5296.46046827508
5296.46046827508
5296.46046827508
5296.46046827508
5296.46046827508
5296.46046827508
5296.46046827508
5296.46046827508
5296.46046827508
5296.46046827508
5296.46046827508
5296.46046827508
5296.46046827508
5296.46046827508
5296.46046827508
5296.46046827508
5296.46046827508
5296.46046827508
5296.46046827508
5296.46046827508
5296.46046827508
5296.46046827508
5296.46046827508
5296.46046827508
5296.46046827508
5296.46046827508
5296.46046827508
5296.46046827508
5296.46046827508
5296.46046827508
5296.46046827508
5296.46046827508
5296.46046827508
5296.46046827508
5296.46046827508
5296.46046827508
5296.46046827508
5296.46046827508
5296.46046827508
5296.46046827508
5296.46046827508
5296.46046827508
5296.46046827508
5296.46046827508
5296.46046827508
5296.46046827508
5296.46046827508
5296.46046827508
5296.46046827508
5296.46046827508
5296.46046827508
5296.46046827508
5296.46046827508
5296.46046827508
5296.46046827508
5296.46046827508
5296.46046827508
5296.46046827508
5296.46046827508
5296.46046827508
5296.46046827508
5296.46046827508
5296.46046827508
5296.46046827508
5296.46046827508
5296.46046827508
5296.46046827508
5296.46046827508
5296.46046827508
5296.46046827508
5296.46046827508
5296.46046827508
5296.46046827508
5296.46046827508
5296.46046827508
5296.46046827508
5296.46046827508
5296.46046827508
5296.46046827508
5296.46046827508
5296.46046827508
5296.46046827508
5296.46046827508
5296.46046827508
5296.46046827508
5296.46046827508
5296.46046827508
5296.46046827508
5296.46046827508
5296.46046827508
5296.46046827508
5296.46046827508
5296.46046827508
5296.46046827508
5296.46046827508
5296.46046827508
5296.46046827508
5296.46046827508
5296.46046827508
5296.46046827508
5296.46046827508
5296.46046827508
5296.46046827508
5296.46046827508
5296.46046827508
5296.46046827508
5296.46046827508
5296.46046827508
5296.46046827508
5296.46046827508
5296.46046827508
5296.46046827508
5296.46046827508
5296.46046827508
5296.46046827508
5296.46046827508
5296.46046827508
5296.46046827508
5296.46046827508
5296.46046827508
5296.46046827508
5296.46046827508
5296.46046827508
5296.46046827508
5296.46046827508
5296.46046827508
5296.46046827508
5296.46046827508
5296.46046827508
5296.46046827508
5296.46046827508
5296.46046827508
5296.46046827508
5296.46046827508
5296.46046827508
5296.46046827508
5296.46046827508
5296.46046827508
5296.46046827508
5296.46046827508
5296.46046827508
5296.46046827508
5296.46046827508
5296.46046827508
5296.46046827508
5296.46046827508
5296.46046827508
5296.46046827508
5296.46046827508
5296.46046827508
5296.46046827508
5296.46046827508
5296.46046827508
5296.46046827508
5296.46046827508
5296.46046827508
5296.46046827508
5296.46046827508
5296.46046827508
5296.46046827508
5296.46046827508
5296.46046827508
5296.46046827508
5296.46046827508
5296.46046827508
5296.46046827508
5296.46046827508
5296.46046827508
5296.46046827508
5296.46046827508
5296.46046827508
5296.46046827508
5296.46046827508
5296.46046827508
5296.46046827508
5296.46046827508
5296.46046827508
5296.46046827508
5296.46046827508
5296.46046827508
5296.46046827508
5296.46046827508
5296.46046827508
5296.46046827508
5296.46046827508
5296.46046827508
5296.46046827508
5296.46046827508
5296.46046827508
5296.46046827508
5296.46046827508
5296.46046827508
5296.46046827508
5296.46046827508
5296.46046827508
5296.46046827508
5296.46046827508
5296.46046827508
5296.46046827508
5296.46046827508
5296.46046827508
5296.46046827508
5296.46046827508
5296.46046827508
5296.46046827508
5296.46046827508
5296.46046827508
5296.46046827508
5296.46046827508
5296.46046827508
5296.46046827508
5296.46046827508
5296.46046827508
5296.46046827508
5296.46046827508
5296.46046827508
5296.46046827508
5296.46046827508
5296.46046827508
5296.46046827508
5296.46046827508
5296.46046827508
5296.46046827508
5296.46046827508
5296.46046827508
5296.46046827508
5296.46046827508
5296.46046827508
5296.46046827508
5296.46046827508
5296.46046827508
5296.46046827508
5296.46046827508
5296.46046827508
5296.46046827508
5296.46046827508
5296.46046827508
5296.46046827508
5296.46046827508
5296.46046827508
5296.46046827508
5296.46046827508
5296.46046827508
5296.46046827508
5296.46046827508
5296.46046827508
5296.46046827508
5296.46046827508
5296.46046827508
5296.46046827508
5296.46046827508
5296.46046827508
5296.46046827508
5296.46046827508
5296.46046827508
5296.46046827508
5296.46046827508
5296.46046827508
5296.46046827508
5296.46046827508
5296.46046827508
5296.46046827508
5296.46046827508
5296.46046827508
5296.46046827508
5296.46046827508
5296.46046827508
5296.46046827508
5296.46046827508
5296.46046827508
5296.46046827508
5296.46046827508
5296.46046827508
5296.46046827508
5296.46046827508
5296.46046827508
5296.46046827508
5296.46046827508
5296.46046827508
5296.46046827508
5296.46046827508
5296.46046827508
5296.46046827508
5296.46046827508
5296.46046827508
5296.46046827508
5296.46046827508
5296.46046827508
5296.46046827508
5296.46046827508
5296.46046827508
5296.46046827508
5296.46046827508
5296.46046827508
5296.46046827508
5296.46046827508
5296.46046827508
5296.46046827508
5296.46046827508
5296.46046827508
5296.46046827508
5296.46046827508
5296.46046827508
5296.46046827508
5296.46046827508
5296.46046827508
5296.46046827508
5296.46046827508
5296.46046827508
5296.46046827508
5296.46046827508
5296.46046827508
5296.46046827508
5296.46046827508
5296.46046827508
5296.46046827508
5296.46046827508
5296.46046827508
5296.46046827508
5296.46046827508
5296.46046827508
5296.46046827508
5296.46046827508
5296.46046827508
5296.46046827508
5296.46046827508
5296.46046827508
5296.46046827508
5296.46046827508
5296.46046827508
5296.46046827508
5296.46046827508
5296.46046827508
5297.25286547103
5297.25660807118
5297.25660807118
5297.27384400224
5297.27384400224
5297.27384400224
5297.27384400224
5297.27384400224
5297.27384400224
5297.27384400224
5297.27384400224
5297.27384400224
5297.27384400224
5297.27384400224
5297.27384400224
5297.27384400224
5297.27384400224
5297.27384400224
5297.27384400224
5297.27384400224
5297.27384400224
5297.27384400224
5297.27384400224
5297.27384400224
5297.27384400224
5297.27384400224
5297.27384400224
5297.27384400224
5297.27384400224
5297.27384400224
5297.27384400224
5297.27384400224
5297.27384400224
5297.27384400224
5297.27384400224
5297.27384400224
5297.27384400224
5297.27384400224
5297.27384400224
5297.27384400224
5297.27384400224
5297.27384400224
5297.27384400224
5297.27384400224
5297.27384400224
5297.27384400224
5297.27384400224
5297.27384400224
5297.27384400224
5297.27384400224
5297.27384400224
5297.27384400224
5297.27384400224
5297.27384400224
5297.27384400224
5297.27384400224
5297.27384400224
5297.27384400224
5297.27384400224
5297.27384400224
5297.27384400224
5297.27384400224
5297.27384400224
5297.27384400224
5297.27384400224
5297.27384400224
5297.27384400224
5297.27384400224
5297.27384400224
5297.27384400224
5297.27384400224
5297.27384400224
5297.27384400224
5297.27384400224
5297.27384400224
5297.27384400224
5297.27384400224
5297.27384400224
5297.27384400224
5297.27384400224
5297.27384400224
5297.27384400224
5297.27384400224
5297.27384400224
5297.27384400224
5297.27384400224
5297.27384400224
5304.61990117571
5304.61990117571
5304.62666524352
5304.63263359442
5304.63810171749
5304.65913587414
5304.65913587414
5304.65913587414
5304.65913587414
5304.65913587414
5304.65913587414
5304.65913587414
5304.67241194913
5304.67241194913
5304.67241194913
5304.67241194913
5304.67241194913
5304.67241194913
5304.67241194913
5304.67241194913
5304.67241194913
5304.67241194913
5304.67241194913
5304.67241194913
5304.67241194913
5304.67241194913
5304.67241194913
5304.67241194913
5304.67241194913
5304.67241194913
5304.67241194913
5304.67241194913
5304.67241194913
5304.67241194913
5304.67241194913
5304.67241194913
5304.67241194913
5304.67241194913
5304.67241194913
5304.67241194913
5304.67241194913
5304.67241194913
5304.67241194913
5304.67241194913
5304.67241194913
5304.67241194913
5304.67241194913
5304.67241194913
5304.67241194913
5304.67241194913
5304.67241194913
5304.67241194913
5304.67241194913
5304.67241194913
5304.67241194913
5304.67241194913
5304.67241194913
5304.67241194913
5304.67241194913
5304.67241194913
5304.67241194913
5304.67241194913
5304.67241194913
5304.67241194913
5304.67241194913
5304.67241194913
5304.67241194913
5304.67241194913
5304.67241194913
5304.67241194913
5304.67241194913
5304.67241194913
5304.67241194913
5304.67241194913
5304.67241194913
5304.67241194913
5304.67241194913
5304.67241194913
5304.67241194913
5304.67241194913
5304.67241194913
5304.67241194913
5304.67241194913
5304.67241194913
5304.67241194913
5304.67241194913
5304.67241194913
5304.67241194913
5304.67241194913
5304.67241194913
5304.67241194913
5304.67241194913
5304.67241194913
5304.67241194913
5304.67241194913
5304.67241194913
5304.67241194913
5304.67241194913
5304.67241194913
5304.67241194913
5304.67241194913
5304.67241194913
5304.67241194913
5304.67241194913
5304.67241194913
5304.67241194913
5304.67241194913
5304.67241194913
5304.67241194913
5304.67241194913
5304.67241194913
5304.67241194913
5304.67241194913
5304.67241194913
5304.67241194913
5304.67241194913
5304.67241194913
5304.67241194913
5304.67241194913
5304.67241194913
5304.67241194913
5304.67241194913
5304.67241194913
5304.67241194913
5304.67241194913
5304.67241194913
5304.67241194913
5304.67241194913
5304.67241194913
5304.67241194913
5304.67241194913
5304.67241194913
5304.67241194913
5304.67241194913
5304.67241194913
5304.67241194913
5304.67241194913
5304.67241194913
5304.67241194913
5304.67241194913
5304.67241194913
5304.67241194913
5304.67241194913
5304.67241194913
5304.67241194913
5304.67241194913
5304.67241194913
5304.67241194913
5304.67241194913
5304.67241194913
5304.67241194913
5304.67241194913
5304.67241194913
5304.67241194913
5304.67241194913
5304.67241194913
5304.67241194913
5304.67241194913
5304.67241194913
5304.67241194913
5304.67241194913
5304.97487688845
5305.05015724743
5305.05015724743
5305.05015724743
5305.05315961163
5305.05315961163
5305.05417684581
5305.05417684581
5305.05417684581
5305.05417684581
5305.05417684581
5305.05417684581
5305.05417684581
5305.05417684581
5305.05417684581
5305.05417684581
5305.05417684581
5305.05417684581
5305.05417684581
5305.05417684581
5305.05417684581
5305.06376842924
5305.06376842924
5305.06376842924
5305.06376842924
5305.06376842924
5305.06376842924
5305.06376842924
5305.06376842924
5305.06376842924
5305.06376842924
5305.06376842924
5305.06376842924
5305.06376842924
5305.06376842924
5305.06376842924
5305.06376842924
5305.06376842924
5305.06376842924
5305.06376842924
5305.06376842924
5305.06376842924
5305.06376842924
5305.06376842924
5305.06376842924
5305.06376842924
5305.06376842924
5305.06376842924
5305.06376842924
5305.06376842924
5305.06376842924
5305.06376842924
5305.06376842924
5305.06376842924
5305.06376842924
5305.06376842924
5305.06376842924
5305.06376842924
5305.06376842924
5305.06376842924
5305.06376842924
5305.06376842924
5305.06376842924
5305.06376842924
5305.06376842924
5305.06376842924
5305.06376842924
5305.06376842924
5305.06376842924
5305.06376842924
5305.06376842924
5305.06376842924
5305.06376842924
5305.06376842924
5305.06376842924
5305.06376842924
5305.06376842924
5305.06376842924
5305.06376842924
5305.06376842924
5305.06376842924
5305.06376842924
5305.06376842924
5305.2127540827
5305.24319388961
5305.2552959897
5305.2552959897
5305.2552959897
5305.2552959897
5305.2552959897
5305.2552959897
5305.2552959897
5305.25885804927
5305.25885804927
5305.25885804927
5305.25885804927
5305.25885804927
5305.25885804927
5305.25885804927
5305.25885804927
5305.25885804927
5305.25885804927
5305.25885804927
5305.25885804927
5305.25885804927
5305.25885804927
5305.25885804927
5306.02612329382
5306.06392210541
5306.06392210541
5306.06392210541
5306.07467644926
5306.07467644926
5306.07467644926
5306.07467644926
5306.07467644926
5306.07467644926
5306.07467644926
5306.07467644926
5306.07467644926
5306.07467644926
5306.07467644926
5306.07467644926
5306.07467644926
5306.07467644926
5306.07467644926
5306.07467644926
5306.07467644926
5306.07467644926
5306.07467644926
5306.07467644926
5306.07467644926
5306.07467644926
5309.77890134612
5309.78444444466
5309.79926581223
5309.8147164427
5309.8147164427
5309.8147164427
5309.8147164427
5309.81540631505
5309.81540631505
5309.81540631505
5309.81540631505
5309.81540631505
5309.81540631505
5309.81540631505
5309.81540631505
5309.81540631505
5309.81540631505
5309.81540631505
5309.81540631505
5309.81540631505
5309.81540631505
5309.81540631505
5309.88531635665
5309.89015736222
5309.89015736222
5309.89015736222
5309.89015736222
5309.90592561868
5309.90592561868
5309.90592561868
5309.90592561868
5309.90592561868
5309.90592561868
5309.90592561868
5309.91200130782
5309.91200130782
5309.91200130782
5309.91200130782
5309.91200130782
5309.91200130782
5309.91200130782
5309.91200130782
5309.91200130782
5309.91200130782
5309.91200130782
5309.91200130782
5309.91200130782
5309.91200130782
5309.91200130782
5309.91200130782
5309.91200130782
5309.91200130782
5309.91200130782
5309.91200130782
5309.91200130782
5309.91200130782
5309.91200130782
5309.91200130782
5309.91200130782
5309.91200130782
5309.91200130782
5309.91200130782
5309.91200130782
5309.91200130782
5309.91200130782
5309.91200130782
5309.91200130782
5309.91200130782
5309.91200130782
5309.91200130782
5309.91200130782
5309.91200130782
5309.91200130782
5309.91200130782
5309.91200130782
5309.91200130782
5309.91200130782
5309.91200130782
5309.91200130782
5309.91200130782
5309.91200130782
5309.91200130782
5309.91200130782
5309.91200130782
5309.91200130782
5309.91200130782
5309.91200130782
5309.91200130782
5309.91200130782
5309.91200130782
5309.91200130782
5309.91200130782
5309.91200130782
5309.91200130782
5309.91200130782
5309.91200130782
5309.91200130782
5309.91200130782
5309.91200130782
5309.91200130782
5309.91200130782
5309.91200130782
5309.91200130782
5309.91200130782
5309.91200130782
5309.91200130782
5309.91200130782
5309.91200130782
5309.91200130782
5309.91200130782
5309.91200130782
5309.91200130782
5309.91200130782
5309.91200130782
5309.91200130782
5309.91200130782
5309.91200130782
5309.91200130782
5309.91200130782
5309.91200130782
5309.91200130782
5309.91200130782
5309.91200130782
5319.72278645026
5319.72278645026
5319.74449181116
5319.74511697776
5319.74511697776
5319.74511697776
5319.74511697776
5319.74511697776
5319.74511697776
5319.74511697776
5319.7571023172
5319.7571023172
5319.7571023172
5319.7571023172
5319.7571023172
5319.7571023172
5319.7571023172
5319.7571023172
5319.7571023172
5319.7571023172
5319.7571023172
5319.7571023172
5319.7571023172
5319.7571023172
5319.7571023172
5319.7571023172
5319.7571023172
5319.7571023172
5319.7571023172
5319.7571023172
5319.7571023172
5319.7571023172
5319.7571023172
5319.7571023172
5319.7571023172
5319.7571023172
5319.7571023172
5319.7571023172
5319.7571023172
5319.7571023172
5319.7571023172
5319.7571023172
5319.7571023172
5319.7571023172
5319.7571023172
5319.7571023172
5319.7571023172
5319.7571023172
5319.7571023172
5319.7571023172
5319.7571023172
5319.7571023172
5319.7571023172
5319.7571023172
5319.7571023172
5319.7571023172
5319.7571023172
5319.7571023172
5319.7571023172
5319.7571023172
5319.7571023172
5319.7571023172
5319.7571023172
5319.7571023172
5319.7571023172
5319.7571023172
5319.7571023172
5319.7571023172
5319.7571023172
5319.7571023172
5319.7571023172
5319.7571023172
5319.7571023172
5319.7571023172
5319.7571023172
5319.7571023172
5319.7571023172
5319.7571023172
5319.7571023172
5319.7571023172
5319.7571023172
5319.7571023172
5319.7571023172
5319.7571023172
5319.7571023172
5319.7571023172
5319.7571023172
5319.7571023172
5319.7571023172
5319.7571023172
5319.7571023172
5319.7571023172
5319.7571023172
5319.7571023172
5319.7571023172
5319.7571023172
5319.7571023172
5319.7571023172
5319.7571023172
5319.7571023172
5319.7571023172
5319.7571023172
5319.7571023172
5319.7571023172
5319.7571023172
5319.7571023172
5319.7571023172
5319.7571023172
5319.7571023172
5319.7571023172
5319.7571023172
5319.7571023172
5319.7571023172
5319.7571023172
5319.7571023172
5319.7571023172
5319.7571023172
5319.7571023172
5319.7571023172
5319.7571023172
5319.7571023172
5319.7571023172
5319.7571023172
5319.7571023172
5319.7571023172
5319.7571023172
5319.7571023172
5319.7571023172
5319.7571023172
5319.7571023172
5319.7571023172
5319.7571023172
5319.7571023172
5319.7571023172
5319.7571023172
5319.7571023172
5319.7571023172
5319.7571023172
5319.7571023172
5319.7571023172
5319.7571023172
5319.7571023172
5319.7571023172
5319.7571023172
5319.7571023172
5319.7571023172
5319.7571023172
5319.7571023172
5319.7571023172
5319.7571023172
5319.7571023172
5319.7571023172
5319.7571023172
5319.7571023172
5319.7571023172
5320.65349011385
5320.66567542923
5320.66567542923
5320.66567542923
5320.70088937681
5320.70088937681
5320.70088937681
5320.70088937681
5320.70088937681
5320.70088937681
5320.70088937681
5320.70088937681
5320.70088937681
5320.70088937681
5320.70088937681
5320.70088937681
5320.70088937681
5320.70088937681
5320.70088937681
5320.70088937681
5320.70088937681
5320.70088937681
5320.70088937681
5320.70088937681
5320.70088937681
5320.70088937681
5320.70088937681
5320.70088937681
5320.70088937681
5320.70088937681
5320.70088937681
5320.70088937681
5320.70088937681
5320.70088937681
5320.70088937681
5322.10205575857
5322.10205575857
5322.10205575857
5322.10205575857
5322.10205575857
5322.10205575857
5322.10205575857
5322.10205575857
5322.79789683399
5322.79789683399
5322.79789683399
5322.79925399858
5322.8123669215
5322.8123669215
5322.83050389079
5322.83050389079
5322.83050389079
5322.83050389079
5322.83050389079
5322.83050389079
5322.83050389079
5322.83050389079
5322.83050389079
5322.83050389079
5322.83050389079
5322.83050389079
5322.83050389079
5322.83050389079
5322.83050389079
5322.83050389079
5322.83050389079
5322.83050389079
5322.83050389079
5322.83050389079
5322.83050389079
5322.83050389079
5322.83050389079
5322.83050389079
5322.83050389079
5322.83050389079
5322.83050389079
5322.83050389079
5322.83050389079
5322.83050389079
5322.83050389079
5327.07002248114
5327.07812919349
5327.07812919349
5327.07812919349
5327.07812919349
5327.07812919349
5327.07812919349
5327.07812919349
5327.07812919349
5327.07812919349
5327.07812919349
5327.07812919349
5327.07812919349
5327.07812919349
5327.07812919349
5327.07812919349
5327.07812919349
5327.07812919349
5327.08858752806
5327.08858752806
5327.08858752806
5327.08858752806
5327.08858752806
5327.08858752806
5327.08858752806
5327.08858752806
5327.08858752806
5327.08858752806
5327.08858752806
5327.08858752806
5327.08858752806
5327.08858752806
5327.08858752806
5327.08858752806
5327.08858752806
5327.08858752806
5327.08858752806
5327.08858752806
5327.08858752806
5327.08858752806
5327.08858752806
5327.08858752806
5327.08858752806
5327.08858752806
5327.08858752806
5327.08858752806
5327.08858752806
5327.08858752806
5327.08858752806
5327.08858752806
5327.08858752806
5327.08858752806
5327.08858752806
5327.08858752806
5327.08858752806
5327.08858752806
5327.08858752806
5327.08858752806
5327.08858752806
5327.08858752806
5327.08858752806
5327.08858752806
5327.08858752806
5327.08858752806
5327.08858752806
5327.08858752806
5327.08858752806
5327.08858752806
5327.08858752806
5327.08858752806
5327.08858752806
5327.08858752806
5327.08858752806
5327.08858752806
5327.08858752806
5327.08858752806
5327.08858752806
5327.08858752806
5327.08858752806
5327.08858752806
5327.08858752806
5327.08858752806
5327.08858752806
5327.08858752806
5327.08858752806
5327.08858752806
5327.08858752806
5327.08858752806
5327.08858752806
5327.08858752806
5327.08858752806
5327.08858752806
5327.08858752806
5327.08858752806
5327.08858752806
5327.08858752806
5327.08858752806
5327.08858752806
5327.08858752806
5327.08858752806
5327.08858752806
5327.08858752806
5327.08858752806
5327.08858752806
5327.08858752806
5327.08858752806
5327.08858752806
5327.08858752806
5327.08858752806
5327.08858752806
5327.08858752806
5327.08858752806
5327.08858752806
5327.08858752806
5327.08858752806
5327.08858752806
5327.08858752806
5327.08858752806
5327.08858752806
5327.08858752806
5327.08858752806
5327.08858752806
5327.08858752806
5327.08858752806
5327.08858752806
5327.08858752806
5327.08858752806
5327.08858752806
5327.08858752806
5327.08858752806
5327.08858752806
5327.08858752806
5327.08858752806
5327.08858752806
5327.08858752806
5327.08858752806
5327.08858752806
5327.08858752806
5327.08858752806
5327.08858752806
5327.08858752806
5327.08858752806
5327.08858752806
5327.08858752806
5327.08858752806
5327.08858752806
5327.08858752806
5327.08858752806
5327.08858752806
5327.08858752806
5327.08858752806
5327.08858752806
5327.08858752806
5327.08858752806
5327.08858752806
5327.08858752806
5327.08858752806
5327.08858752806
5327.08858752806
5327.08858752806
5327.08858752806
5327.08858752806
5327.08858752806
5327.08858752806
5327.08858752806
5327.08858752806
5327.08858752806
5327.08858752806
5327.08858752806
5327.08858752806
5327.08858752806
5327.08858752806
5327.08858752806
5327.08858752806
5327.08858752806
5327.08858752806
5327.08858752806
5327.08858752806
5327.08858752806
5327.08858752806
5333.59365610722
5333.59745393594
5333.60142073366
5333.65880207935
5333.65880207935
5333.65880207935
5333.65880207935
5333.65880207935
5333.65880207935
5333.65880207935
5333.65880207935
5333.65880207935
5333.65880207935
5333.65880207935
5333.65880207935
5333.65880207935
5333.65880207935
5333.65880207935
5333.65880207935
5333.65880207935
5333.65880207935
5333.65880207935
5333.65880207935
5333.65880207935
5333.65880207935
5333.65880207935
5333.65880207935
5333.65880207935
5333.65880207935
5333.65880207935
5333.65880207935
5333.65880207935
5333.65880207935
5333.65880207935
5333.65880207935
5333.65880207935
5333.65880207935
5333.65880207935
5333.65880207935
5333.65880207935
5333.65880207935
5333.65880207935
5333.65880207935
5333.65880207935
5333.65880207935
5333.65880207935
5333.65880207935
5333.65880207935
5333.65880207935
5333.65880207935
5333.65880207935
5333.65880207935
5333.65880207935
5333.65880207935
5333.65880207935
5333.65880207935
5333.65880207935
5333.65880207935
5333.65880207935
5333.65880207935
5333.65880207935
5333.65880207935
5333.65880207935
5333.65880207935
5333.65880207935
5333.65880207935
5333.65880207935
5333.65880207935
5333.65880207935
5333.65880207935
5333.65880207935
5333.65880207935
5333.65880207935
5333.65880207935
5333.65880207935
5333.65880207935
5333.65880207935
5333.65880207935
5333.65880207935
5333.65880207935
5333.65880207935
5333.65880207935
5333.65880207935
5333.65880207935
5333.65880207935
5333.65880207935
5333.65880207935
5333.65880207935
5333.65880207935
5333.65880207935
5333.65880207935
5333.65880207935
5333.65880207935
5333.65880207935
5333.65880207935
5333.65880207935
5333.65880207935
5333.65880207935
5333.65880207935
5333.65880207935
5333.65880207935
5333.65880207935
5333.65880207935
5333.65880207935
5333.65880207935
5333.65880207935
5333.65880207935
5333.65880207935
5333.65880207935
5333.65880207935
5333.65880207935
5333.65880207935
5333.65880207935
5333.65880207935
5333.65880207935
5333.65880207935
5333.65880207935
5333.65880207935
5333.65880207935
5333.65880207935
5333.65880207935
5333.65880207935
5333.65880207935
5333.65880207935
5333.65880207935
5333.65880207935
5333.65880207935
5333.65880207935
5333.65880207935
5333.65880207935
5333.65880207935
5333.65880207935
5333.65880207935
5333.65880207935
5333.65880207935
5333.65880207935
5333.65880207935
5333.65880207935
5333.65880207935
5333.65880207935
5333.65880207935
5333.65880207935
5333.65880207935
5333.65880207935
5333.65880207935
5333.65880207935
5333.65880207935
5333.65880207935
5333.65880207935
5333.65880207935
5333.65880207935
5333.65880207935
5333.65880207935
5333.65880207935
5333.65880207935
5333.65880207935
5333.65880207935
5333.65880207935
5333.65880207935
5333.65880207935
5333.65880207935
5333.65880207935
5333.65880207935
5333.65880207935
5333.65880207935
5333.65880207935
5333.65880207935
5333.65880207935
5333.65880207935
5333.65880207935
5333.65880207935
5333.65880207935
5333.65880207935
5333.65880207935
5333.65880207935
5333.65880207935
5333.65880207935
5333.65880207935
5333.65880207935
5333.65880207935
5333.65880207935
5333.65880207935
5333.65880207935
5333.65880207935
5333.65880207935
5333.65880207935
5333.65880207935
5333.65880207935
5333.65880207935
5333.65880207935
5333.65880207935
5333.65880207935
5333.65880207935
5333.65880207935
5333.65880207935
5333.65880207935
5333.65880207935
5333.65880207935
5333.65880207935
5333.65880207935
5333.65880207935
5333.65880207935
5333.65880207935
5333.65880207935
5333.65880207935
5333.65880207935
5333.65880207935
5333.65880207935
5333.65880207935
5333.65880207935
5333.65880207935
5333.65880207935
5333.65880207935
5333.65880207935
5333.65880207935
5333.65880207935
5333.65880207935
5333.65880207935
5333.65880207935
5333.65880207935
5333.65880207935
5333.65880207935
5333.65880207935
5333.65880207935
5333.65880207935
5333.65880207935
5333.65880207935
5333.65880207935
5333.65880207935
5333.65880207935
5333.65880207935
5333.65880207935
5333.65880207935
5333.65880207935
5333.65880207935
5333.65880207935
5333.65880207935
5333.65880207935
5333.65880207935
5333.65880207935
5333.65880207935
5333.65880207935
5333.65880207935
5333.65880207935
5333.65880207935
5333.65880207935
5333.65880207935
5333.65880207935
5333.65880207935
5333.65880207935
5333.65880207935
5333.65880207935
5333.65880207935
5333.65880207935
5333.65880207935
5333.65880207935
5333.65880207935
5333.65880207935
5333.65880207935
5333.65880207935
5333.65880207935
5333.65880207935
5333.65880207935
5333.65880207935
5333.65880207935
5333.65880207935
5333.65880207935
5333.65880207935
5333.65880207935
5333.65880207935
5333.65880207935
5333.65880207935
5333.65880207935
5333.65880207935
5333.65880207935
5333.65880207935
5333.65880207935
5333.65880207935
5333.65880207935
5333.65880207935
5333.65880207935
5333.65880207935
5333.65880207935
5333.65880207935
5333.65880207935
5333.65880207935
5333.65880207935
5333.65880207935
5333.65880207935
5333.65880207935
5333.65880207935
5333.65880207935
5333.65880207935
5333.65880207935
5333.65880207935
5333.65880207935
5333.65880207935
5333.65880207935
5333.65880207935
5333.65880207935
5333.65880207935
5333.65880207935
5333.65880207935
5333.65880207935
5333.65880207935
5333.65880207935
5333.65880207935
5333.65880207935
5333.65880207935
5333.65880207935
5333.65880207935
5333.65880207935
5333.65880207935
5333.65880207935
5333.65880207935
5333.65880207935
5333.65880207935
5333.65880207935
5333.65880207935
5333.65880207935
5333.65880207935
5333.65880207935
5333.65880207935
5333.65880207935
5333.65880207935
5333.65880207935
5333.65880207935
5333.65880207935
5333.65880207935
5333.65880207935
5333.65880207935
5333.65880207935
5333.65880207935
5333.65880207935
5333.65880207935
5333.65880207935
5333.65880207935
5333.65880207935
5333.65880207935
5333.65880207935
5333.65880207935
5333.65880207935
5333.65880207935
5333.65880207935
5333.65880207935
5333.65880207935
5336.46949790067
5336.47322565958
5336.50084081611
5336.50334517075
5336.50334517075
5336.50334517075
5336.50334517075
5336.50334517075
5336.50334517075
5336.50334517075
5336.50334517075
5336.50334517075
5336.50334517075
5336.50334517075
5336.50334517075
5336.50334517075
5336.50334517075
5336.50334517075
5336.50334517075
5336.742050039
5336.76504890581
5336.76504890581
5336.76504890581
5336.76504890581
5336.76524733589
5336.76524733589
5336.76524733589
5336.76524733589
5336.76524733589
5336.76524733589
5336.76524733589
5336.76524733589
5336.76524733589
5336.76992360384
5336.76992360384
5336.76992360384
5336.76992360384
5336.76992360384
5337.66270627265
5337.66270627265
5337.69538029391
5337.69538029391
5337.69538029391
5337.69538029391
5337.69538029391
5337.69538029391
5337.69538029391
5337.69538029391
5337.69538029391
5337.69538029391
5337.69538029391
5337.69538029391
5337.69538029391
5337.69538029391
5337.69538029391
5337.69538029391
5337.69538029391
5337.69538029391
5337.70693828796
5337.70693828796
5337.70693828796
5337.70693828796
5337.70693828796
5337.70693828796
5337.70693828796
5337.70693828796
5337.70693828796
5337.70693828796
5337.70693828796
5337.70693828796
5337.70693828796
5337.70693828796
5337.70693828796
5337.70693828796
5337.70693828796
5337.70693828796
5337.70693828796
5337.70693828796
5337.70693828796
5337.70693828796
5337.70693828796
5337.70693828796
5337.70693828796
5337.70693828796
5337.70693828796
5337.70693828796
5337.70693828796
5337.70693828796
5337.70693828796

