5289.26182260876
6023.54511957992
6252.45363659893
6310.10622683715
6383.78586380534
6437.16031649733
6440.74816226344
6442.67965058523
6463.78977681218
6475.32941693637
6502.92612945995
6513.69333225766
6549.74264620109
6553.20755283919
6563.23691834182
6582.40822992584
6582.42710341168
6582.44087803658
6592.73332510336
6605.83079492083
6605.8766135194
6618.48892981489
6620.19614238851
6620.21367943818
6622.04403462903
6632.32011342402
6654.58263888769
6682.35659114308
6695.14014593378
6702.22373721445
6703.33842506713
6703.97697201491
6704.44469156739
6711.25312867372
6711.25314899802
6711.25316383151
6711.25317465759
6713.25664873614
6719.96230873632
6727.44710614129
6728.6694583416
6728.6694583416
6741.6670633371
6741.6670633371
6741.6670633371
6741.6670633371
6741.6670633371
6741.6670633371
6746.61639931664
6746.61639931664
6757.15790502094
6763.90050337084
6779.84429081654
6783.51171676284
6797.29364223227
6798.56129564054
6803.59191025256
6804.59930590203
6821.01095816832
6821.6669648357
6832.52269963663
6832.55047465221
6833.54924721236
6833.54924721236
6843.36057534917
6843.36057534917
6843.36057534917
6843.67212544726
6848.50453778204
6848.50453778204
6848.50453778204
6852.40582198369
6854.81928369672
6854.81928369672
6854.81928369672
6871.31932606498
6878.53429279229
6879.13667146778
6879.13667146778
6880.28208524862
6880.4434942747
6880.4434942747
6880.4434942747
6880.4434942747
6880.4434942747
6880.4434942747
6887.44317003373
6887.44317003373
6887.44317003373
6887.44317003373
6887.44317003373
6887.44317003373
6887.77310813833
6888.09791459101
6888.09791459101
6888.09791459101
6888.09791459101
6888.09791459101
6898.21930919704
6898.21930919704
6905.84393525092
6905.84393525092
6905.84393525092
6921.43684666789
6921.78125253287
6921.78125253287
6921.78125253287
6926.49589815133
6926.54235830378
6926.54235830378
6933.20030321545
6934.54504947096
6934.54504947096
6934.54504947096
6938.56931418699
6961.65689818671
6963.94998654055
6963.94998654055
6971.01330083398
6971.32836435288
6971.32836435288
6971.32836435288
6971.32836435288
6971.50442531604
6973.340163974
6973.340163974
6973.68645653094
6973.94076897944
6973.94076897944
6982.8279408893
6988.60586403202
6988.60586403202
6994.20942361969
6994.20942361969
6994.20942361969
6994.20942361969
6994.23755109038
6994.23755109038
6994.23755109038
6994.23755109038
6998.53182733957
6998.53182733957
6998.53182733957
6998.53182733957
6998.53182733957
6998.53182733957
6998.53182733957
6998.53182733957
6998.53182733957
7009.30094990637
7009.30094990637
7009.30094990637
7009.30094990637
7027.9474011778
7027.9474011778
7031.04713827759
7031.04713827759
7031.04713827759
7031.99321551464
7032.61073286303
7032.61073286303
7032.61073286303
7032.61073286303
7032.61073286303
7037.70882545646
7037.70882545646
7037.70882545646
7037.70882545646
7037.70882545646
7037.70882545646
7037.70882545646
7049.2511587134
7054.8514250792
7054.8514250792
7054.8514250792
7054.8514250792
7054.8514250792
7054.8514250792
7061.11106529942
7067.59508460167
7068.25209728211
7068.25209728211
7068.25209728211
7068.25209728211
7068.25209728211
7068.25209728211
7068.25209728211
7068.25209728211
7068.25209728211
7068.25209728211
7068.25209728211
7068.31048431836
7068.31048431836
7068.31048431836
7068.31048431836
7070.26253438839
7070.87621031833
7070.87621031833
7070.87621031833
7070.87621031833
7070.87621031833
7083.01888178065
7086.15816812772
7086.15816812772
7089.44206649696
7089.84982856832
7089.84982856832
7089.84982856832
7089.84982856832
7089.84982856832
7089.84982856832
7089.84982856832
7089.84982856832
7089.84982856832
7089.84982856832
7089.84982856832
7089.84982856832
7089.84982856832
7089.84982856832
7089.84982856832
7089.84982856832
7089.84982856832
7089.84982856832
7089.84982856832
7089.84982856832
7089.84982856832
7089.84982856832
7089.84982856832
7089.84982856832
7089.84982856832
7091.08622967074
7091.54916260106
7091.54916260106
7091.54916260106
7091.54916260106
7091.54916260106
7091.54916260106
7091.54916260106
7091.54916260106
7091.54916260106
7091.54916260106
7091.54916260106
7091.54916260106
7091.54916260106
7091.54916260106
7091.54916260106
7091.54916260106
7091.54916260106
7092.83631297024
7092.83631297024
7092.83631297024
7092.83631297024
7092.83631297024
7097.313760795
7097.36933667103
7097.36933667103
7097.57758095016
7098.97360757319
7098.97360757319
7099.46214652208
7099.7997058509
7099.7997058509
7099.7997058509
7099.7997058509
7099.7997058509
7099.7997058509
7099.7997058509
7099.7997058509
7099.7997058509
7099.7997058509
7099.7997058509
7099.7997058509
7099.7997058509
7099.7997058509
7099.7997058509
7099.7997058509
7099.7997058509
7099.7997058509
7099.7997058509
7106.96127310185
7106.96127310185
7106.96127310185
7107.56727778111
7107.56727778111
7107.56727778111
7121.41633481606
7122.4705923921
7122.4705923921
7123.7801765461
7123.7801765461
7123.7801765461
7130.10923701304
7136.80813446595
7136.80813446595
7136.80813446595
7136.80813446595
7136.80813446595
7136.80813446595
7136.80813446595
7136.80813446595
7136.80813446595
7136.80813446595
7136.80813446595
7136.80813446595
7136.80813446595
7136.80813446595
7136.80813446595
7136.80813446595
7136.80813446595
7136.80813446595
7136.80813446595
7136.80813446595
7136.80813446595
7136.80813446595
7136.80813446595
7136.80813446595
7136.80813446595
7136.80813446595
7136.80813446595
7136.80813446595
7136.80813446595
7136.80813446595
7136.80813446595
7136.80813446595
7136.80813446595
7136.80813446595
7136.80813446595
7136.80813446595
7136.80813446595
7136.80813446595
7136.80813446595
7151.2299544316
7151.2299544316
7151.2299544316
7151.2299544316
7151.2299544316
7151.2299544316
7153.45963763046
7154.60214523391
7154.60214523391
7154.60214523391
7154.60214523391
7154.60214523391
7154.60214523391
7154.60214523391
7154.60214523391
7154.60214523391
7154.60214523391
7154.60214523391
7154.60214523391
7155.88738969979
7155.88738969979
7155.88738969979
7155.88738969979
7155.88738969979
7155.88738969979
7156.65601917414
7156.65601917414
7156.65601917414
7156.65601917414
7156.65601917414
7156.65601917414
7156.65601917414
7156.65601917414
7156.65601917414
7156.65601917414
7156.65601917414
7156.65601917414
7156.65601917414
7156.65601917414
7156.65601917414
7156.65601917414
7156.65601917414
7157.04646982063
7157.52683516494
7157.52683516494
7157.75443260724
7157.75443260724
7157.75443260724
7157.75443260724
7157.75443260724
7159.83505846531
7160.55976857916
7160.55976857916
7160.55976857916
7160.55976857916
7160.55976857916
7160.55976857916
7160.55976857916
7160.55976857916
7160.70508524245
7161.24846202705
7161.24846202705
7161.24846202705
7161.24846202705
7170.08766298414
7187.06578422249
7187.06578422249
7187.06578422249
7187.06578422249
7187.06578422249
7187.06578422249
7187.06578422249
7187.06578422249
7187.06578422249
7187.06578422249
7187.06578422249
7187.06578422249
7187.06578422249
7187.06578422249
7187.06578422249
7187.06578422249
7187.06578422249
7187.06578422249
7187.06578422249
7187.06578422249
7187.06578422249
7187.06578422249
7187.06578422249
7187.06578422249
7187.06578422249
7187.06578422249
7187.06578422249
7187.06578422249
7187.06578422249
7187.06578422249
7187.06578422249
7187.06578422249
7187.06578422249
7187.06578422249
7187.06578422249
7187.06578422249
7187.06578422249
7188.72599358585
7189.17112212029
7189.17112212029
7189.17112212029
7189.17112212029
7189.17112212029
7189.17112212029
7189.17112212029
7189.17112212029
7196.6355391713
7207.11187959978
7207.11187959978
7207.11187959978
7207.11187959978
7207.11187959978
7207.11187959978
7207.11187959978
7207.11187959978
7207.11187959978
7207.11187959978
7217.6598698994
7217.88365047198
7217.88365047198
7217.88365047198
7217.88365047198
7217.88365047198
7217.88365047198
7217.88365047198
7217.88365047198
7217.88365047198
7217.88365047198
7217.88365047198
7217.88365047198
7217.88365047198
7217.88365047198
7217.88365047198
7217.88365047198
7217.88365047198
7217.88365047198
7217.88365047198
7217.88365047198
7217.88365047198
7217.88365047198
7217.88365047198
7217.88365047198
7217.88365047198
7217.88365047198
7217.88365047198
7217.88365047198
7217.88365047198
7217.88365047198
7217.88365047198
7217.88365047198
7217.88365047198
7217.88365047198
7217.88365047198
7217.88365047198
7217.88365047198
7217.88365047198
7217.88365047198
7217.88365047198
7217.88365047198
7217.88365047198
7217.88365047198
7217.88365047198
7217.88365047198
7217.88365047198
7217.88365047198
7217.88365047198
7217.88365047198
7217.88365047198
7217.88365047198
7217.88365047198
7217.88365047198
7217.88365047198
7217.88365047198
7220.01717407683
7220.01717407683
7220.01717407683
7220.01717407683
7220.01717407683
7220.01717407683
7220.01717407683
7220.01717407683
7221.56153985744
7222.17518882251
7222.17518882251
7222.17518882251
7222.17518882251
7222.17518882251
7222.17518882251
7222.17518882251
7222.17518882251
7222.17518882251
7222.17518882251
7222.17518882251
7222.17518882251
7222.17518882251
7222.17518882251
7222.17518882251
7222.17518882251
7224.71041953741
7224.71041953741
7224.71041953741
7224.71041953741
7224.71041953741
7224.71041953741
7225.14354350349
7225.14354350349
7225.14354350349
7225.14354350349
7234.65694557941
7234.65694557941
7234.65694557941
7234.65694557941
7234.65694557941
7234.65694557941
7234.65694557941
7240.40083210736
7240.40083210736
7240.40083210736
7240.40083210736
7240.40083210736
7240.40083210736
7240.40083210736
7240.40083210736
7240.40083210736
7240.40083210736
7240.57921597405
7240.57921597405
7240.57921597405
7240.57921597405
7240.57921597405
7240.57921597405
7240.57921597405
7240.57921597405
7240.57921597405
7240.57921597405
7240.57921597405
7240.57921597405
7240.57921597405
7240.57921597405
7240.57921597405
7240.57921597405
7240.57921597405
7240.57921597405
7240.57921597405
7240.57921597405
7240.57921597405
7240.57921597405
7240.57921597405
7240.57921597405
7240.57921597405
7240.57921597405
7240.57921597405
7240.57921597405
7240.57921597405
7251.62524582917
7251.92770098835
7251.92770098835
7251.92770098835
7251.92770098835
7251.92770098835
7251.92770098835
7251.92770098835
7251.92770098835
7251.92770098835
7251.92770098835
7251.92770098835
7251.92770098835
7251.92770098835
7251.92770098835
7257.31783852644
7257.31783852644
7257.31783852644
7257.31783852644
7257.31783852644
7257.31783852644
7257.31783852644
7257.31783852644
7257.31783852644
7257.31783852644
7257.34570828368
7258.04173166667
7258.04173166667
7258.04173166667
7258.04173166667
7258.04173166667
7258.04173166667
7258.04173166667
7258.04173166667
7258.04173166667
7258.04173166667
7258.04173166667
7258.04173166667
7258.04173166667
7258.04173166667
7258.04173166667
7258.04173166667
7258.04173166667
7258.04173166667
7258.04173166667
7258.04173166667
7258.04173166667
7258.04173166667
7258.04173166667
7258.04173166667
7258.04173166667
7258.04173166667
7258.04173166667
7258.04173166667
7258.04173166667
7258.04173166667
7258.04173166667
7258.04173166667
7258.04173166667
7258.04173166667
7258.04173166667
7258.04173166667
7258.04173166667
7258.04173166667
7258.04173166667
7258.04173166667
7258.04173166667
7258.04173166667
7258.04173166667
7258.04173166667
7258.04173166667
7258.04173166667
7258.04173166667
7258.04173166667
7258.04173166667
7258.04173166667
7258.04173166667
7258.04173166667
7258.04173166667
7258.04173166667
7258.04173166667
7258.04173166667
7258.04173166667
7258.04173166667
7258.04173166667
7258.04173166667
7258.04173166667
7258.04173166667
7258.04173166667
7258.04173166667
7258.04173166667
7258.04173166667
7258.04173166667
7258.04173166667
7258.04173166667
7258.04173166667
7258.04173166667
7258.04173166667
7258.04173166667
7258.04173166667
7258.04173166667
7258.04173166667
7258.04173166667
7258.04173166667
7258.04173166667
7258.04173166667
7265.72138584634
7266.84586538423
7266.84586538423
7266.84586538423
7266.84586538423
7266.84586538423
7266.84586538423
7266.84586538423
7266.84586538423
7266.84586538423
7266.84586538423
7266.84586538423
7266.84586538423
7266.84586538423
7266.84586538423
7266.84586538423
7266.84586538423
7266.84586538423
7266.84586538423
7266.84586538423
7266.84586538423
7266.84586538423
7266.84586538423
7266.84586538423
7266.84586538423
7266.86767506716
7266.86767506716
7266.86767506716
7266.86767506716
7266.86767506716
7266.86767506716
7266.86767506716
7266.86767506716
7266.86767506716
7266.86767506716
7266.86767506716
7266.86767506716
7266.86767506716
7266.86767506716
7266.86767506716
7266.86767506716
7266.86767506716
7266.86767506716
7266.86767506716
7266.86767506716
7266.86767506716
7266.86767506716
7266.86767506716
7266.86767506716
7266.86767506716
7266.86767506716
7266.86767506716
7266.86767506716
7266.86767506716
7266.86767506716
7266.86767506716
7266.86767506716
7266.86767506716
7266.86767506716
7266.86767506716
7266.86767506716
7266.86767506716
7266.86767506716
7268.83302183262
7268.83302183262
7268.83302183262
7268.83302183262
7268.83302183262
7268.83302183262
7268.83302183262
7268.83302183262
7268.83302183262
7268.83302183262
7268.83302183262
7268.83302183262
7271.55151039706
7271.55151039706
7271.55151039706
7271.55151039706
7271.55151039706
7271.55151039706
7271.55151039706
7271.55151039706
7271.55151039706
7271.55151039706
7271.55151039706
7272.64041059727
7272.64041059727
7272.64041059727
7272.64041059727
7272.64041059727
7272.64041059727
7272.64041059727
7272.64041059727
7272.64041059727
7272.64041059727
7272.64041059727
7272.64041059727
7272.64041059727
7272.64041059727
7272.64041059727
7272.64041059727
7272.64041059727
7272.64041059727
7274.55164134847
7274.55164134847
7274.55164134847
7274.55164134847
7274.55164134847
7274.55164134847
7274.55164134847
7274.55164134847
7274.55164134847
7274.55164134847
7274.55164134847
7274.55164134847
7274.55164134847
7274.55164134847
7274.55164134847
7274.55164134847
7274.55164134847
7274.55164134847
7274.55164134847
7274.55164134847
7274.55164134847
7274.55164134847
7274.55164134847
7274.55164134847
7274.55164134847
7278.59687069694
7280.7510481709
7280.7510481709
7280.7510481709
7280.7510481709
7280.7510481709
7280.7510481709
7280.7510481709
7280.7510481709
7280.7510481709
7280.7510481709
7280.7510481709
7305.2823206466
7305.2823206466
7305.2823206466
7305.2823206466
7305.2823206466
7305.2823206466
7305.2823206466
7305.2823206466
7305.2823206466
7305.2823206466
7305.2823206466
7305.2823206466
7305.2823206466
7305.2823206466
7305.2823206466
7305.2823206466
7305.2823206466
7305.2823206466
7305.2823206466
7305.2823206466
7305.2823206466
7305.2823206466
7305.2823206466
7305.2823206466
7305.2823206466
7305.2823206466
7305.2823206466
7305.2823206466
7305.2823206466
7305.2823206466
7305.2823206466
7305.2823206466
7305.2823206466
7305.2823206466
7305.2823206466
7305.2823206466
7305.2823206466
7305.2823206466
7305.2823206466
7305.2823206466
7305.2823206466
7305.2823206466
7305.2823206466
7305.2823206466
7305.2823206466
7305.2823206466
7305.2823206466
7305.2823206466
7312.82393543807
7313.49703208629
7313.49703208629
7313.49703208629
7313.49703208629
7320.10155566882
7320.10155566882
7320.10155566882
7320.10155566882
7320.10155566882
7320.10155566882
7320.10155566882
7320.10155566882
7325.40168037737
7325.44248906735
7325.44248906735
7327.52641950743
7327.85326246057
7327.85326246057
7329.48123919216
7329.48123919216
7329.48123919216
7329.48123919216
7329.48123919216
7329.48123919216
7329.48123919216
7329.48123919216
7329.48123919216
7329.48123919216
7329.48123919216
7329.48123919216
7329.48123919216
7329.48123919216
7329.48123919216
7329.48123919216
7329.48123919216
7329.48123919216
7329.48123919216
7329.48123919216
7329.48123919216
7329.48123919216
7329.48123919216
7329.48123919216
7329.48123919216
7329.48123919216
7329.48123919216
7329.48123919216
7329.48123919216
7329.48123919216
7329.48123919216
7329.48123919216
7329.48123919216
7329.48123919216
7329.48123919216
7329.48123919216
7329.48123919216
7329.48123919216
7329.48123919216
7329.48123919216
7329.48123919216
7329.48123919216
7329.48123919216
7329.48123919216
7329.48123919216
7329.48123919216
7329.48123919216
7329.48123919216
7329.48123919216
7329.48123919216
7329.48123919216
7329.48123919216
7329.48123919216
7329.48123919216
7329.48123919216
7329.48123919216
7329.48123919216
7329.48123919216
7329.48123919216
7329.48123919216
7329.48123919216
7329.48123919216
7329.48123919216
7329.48123919216
7329.48123919216
7329.48123919216
7329.48123919216
7329.48123919216
7329.48123919216
7333.90257138311
7334.78842609772
7334.78842609772
7334.78842609772
7334.78842609772
7334.78842609772
7334.78842609772
7334.78842609772
7334.78842609772
7334.78842609772
7334.78842609772
7334.78842609772
7334.78842609772
7334.78842609772
7334.78842609772
7334.78842609772
7334.78842609772
7334.78842609772
7334.78842609772
7334.78842609772
7334.78842609772
7334.78842609772
7334.78842609772
7334.78842609772
7334.78842609772
7334.78842609772
7334.78842609772
7336.8805692032
7338.38182220654
7338.38182220654
7338.38182220654
7338.38182220654
7338.38182220654
7338.38182220654
7338.38182220654
7338.38182220654
7338.38182220654
7338.38182220654
7338.38182220654
7338.38182220654
7338.38182220654
7338.38182220654
7338.38182220654
7338.38182220654
7338.38182220654
7338.38182220654
7338.38182220654
7338.38182220654
7338.38182220654
7338.38182220654
7338.38182220654
7338.38182220654
7338.38182220654
7338.38182220654
7338.38182220654
7338.38182220654
7338.38182220654
7338.38182220654
7338.38182220654
7347.25309698724
7347.25309698724
7347.25309698724
7347.25309698724
7347.25309698724
7347.25309698724
7347.25309698724
7347.25309698724
7347.25309698724
7347.25309698724
7347.25309698724
7347.25309698724
7347.25309698724
7347.25309698724
7347.25309698724
7347.25309698724
7347.25309698724
7347.25309698724
7347.25309698724
7347.25309698724
7347.25309698724
7347.25309698724
7347.25309698724
7347.25309698724
7347.25309698724
7347.25309698724
7347.25309698724
7347.25309698724
7347.25309698724
7347.25309698724
7347.25309698724
7347.25309698724
7347.25309698724
7347.25309698724
7347.25309698724
7347.25309698724
7347.25309698724
7347.25309698724
7347.25309698724
7347.25309698724
7347.25309698724
7347.25309698724
7347.25309698724
7347.25309698724
7347.25309698724
7347.25309698724
7347.25309698724
7347.25309698724
7347.25309698724
7347.25309698724
7347.25309698724
7347.25309698724
7347.25309698724
7347.25309698724
7347.25309698724
7347.25309698724
7347.25309698724
7347.25309698724
7347.25309698724
7347.25309698724
7347.25309698724
7347.25309698724
7347.25309698724
7347.25309698724
7347.25309698724
7347.25309698724
7347.25309698724
7347.25309698724
7347.25309698724
7347.25309698724
7347.25309698724
7347.25309698724
7347.25309698724
7347.25309698724
7347.25309698724
7347.25309698724
7347.25309698724
7347.25309698724
7347.25309698724
7347.25309698724
7347.25309698724
7347.25309698724
7347.25309698724
7347.25309698724
7347.25309698724
7347.25309698724
7347.25309698724
7347.25309698724
7347.25309698724
7347.25309698724
7347.25309698724
7347.25309698724
7347.25309698724
7347.25309698724
7347.25309698724
7347.25309698724
7347.25309698724
7347.25309698724
7347.25309698724
7347.25309698724
7347.25309698724
7347.25309698724
7347.25309698724
7347.25309698724
7347.25309698724
7347.25309698724
7347.25309698724
7347.25309698724
7347.25309698724
7347.25309698724
7347.25309698724
7347.25309698724
7347.25309698724
7347.25309698724
7347.25309698724
7347.25309698724
7347.25309698724
7347.25309698724
7347.25309698724
7347.93164611204
7347.93164611204
7347.93164611204
7347.93164611204
7347.93164611204
7347.93164611204
7347.93164611204
7347.93164611204
7347.93164611204
7347.93164611204
7347.93164611204
7347.93164611204
7347.93164611204
7347.93164611204
7347.93164611204
7347.93164611204
7347.93164611204
7347.93164611204
7347.93164611204
7347.93164611204
7347.93164611204
7347.93164611204
7347.93164611204
7347.93164611204
7347.93164611204
7347.93164611204
7347.93164611204
7347.93164611204
7347.93164611204
7347.93164611204
7347.93164611204
7347.93164611204
7347.93164611204
7347.93164611204
7347.93164611204
7347.93164611204
7353.8601479486
7353.8601479486
7353.8601479486
7353.8601479486
7353.8601479486
7353.8601479486
7353.8601479486
7353.8601479486
7353.8601479486
7353.8601479486
7353.8601479486
7353.8601479486
7353.8601479486
7353.8601479486
7353.8601479486
7353.8601479486
7353.8601479486
7353.8601479486
7353.8601479486
7353.8601479486
7353.8601479486
7353.8601479486
7353.8601479486
7353.8601479486
7353.8601479486
7353.8601479486
7353.8601479486
7353.8601479486
7353.8601479486
7353.8601479486
7353.8601479486
7353.8601479486
7353.8601479486
7353.8601479486
7353.8601479486
7353.8601479486
7353.8601479486
7353.8601479486
7353.8601479486
7353.8601479486
7353.8601479486
7353.8601479486
7353.8601479486
7353.8601479486
7353.8601479486
7353.8601479486
7353.8601479486
7353.8601479486
7353.8601479486
7353.8601479486
7353.8601479486
7353.8601479486
7353.8601479486
7353.8601479486
7353.8601479486
7353.8601479486
7357.41379106912
7357.41379106912
7357.41379106912
7357.41379106912
7357.41379106912
7357.41379106912
7357.41379106912
7357.41379106912
7357.41379106912
7357.41379106912
7357.41379106912
7357.41379106912
7357.41379106912
7357.41379106912
7357.41379106912
7357.41379106912
7357.41379106912
7357.41379106912
7358.82068179912
7358.82068179912
7358.82068179912
7358.82068179912
7358.82068179912
7358.82068179912
7358.82068179912
7358.82068179912
7358.82068179912
7358.82068179912
7358.82068179912
7358.82068179912
7358.82068179912
7358.82068179912
7358.82068179912
7358.82068179912
7358.82068179912
7358.82068179912
7358.82068179912
7358.82068179912
7359.09074092151
7359.09074092151
7359.09074092151
7359.09074092151
7359.09074092151
7359.09074092151
7361.00855015315
7361.00855015315
7361.00855015315
7361.00855015315
7361.00855015315
7361.00855015315
7361.00855015315
7361.00855015315
7361.00855015315
7361.00855015315
7361.00855015315
7361.00855015315
7361.00855015315
7361.00855015315
7361.00855015315
7361.00855015315
7361.00855015315
7361.00855015315
7361.00855015315
7361.00855015315
7361.00855015315
7361.00855015315
7361.00855015315
7361.00855015315
7361.00855015315
7361.00855015315
7361.00855015315
7361.00855015315
7361.00855015315
7361.00855015315
7361.00855015315
7361.00855015315
7361.00855015315
7361.00855015315
7361.00855015315
7361.00855015315
7361.00855015315
7361.00855015315
7361.00855015315
7361.00855015315
7361.00855015315
7361.00855015315
7361.00855015315
7361.00855015315
7361.00855015315
7361.00855015315
7361.00855015315
7361.00855015315
7361.00855015315
7361.00855015315
7361.00855015315
7361.00855015315
7361.00855015315
7361.00855015315
7361.00855015315
7361.00855015315
7361.00855015315
7361.00855015315
7361.00855015315
7361.00855015315
7361.00855015315
7361.00855015315
7361.00855015315
7361.00855015315
7361.00855015315
7361.00855015315
7361.00855015315
7361.00855015315
7361.00855015315
7361.00855015315
7361.00855015315
7361.00855015315
7361.00855015315
7361.00855015315
7361.00855015315
7361.00855015315
7361.00855015315
7361.00855015315
7361.00855015315
7361.00855015315
7361.00855015315
7361.00855015315
7361.00855015315
7361.00855015315
7361.00855015315
7361.00855015315
7361.00855015315
7361.00855015315
7361.00855015315
7361.00855015315
7361.00855015315
7367.31205066538
7368.25089308933
7368.25089308933
7368.25089308933
7368.25089308933
7368.25089308933
7368.25089308933
7368.25089308933
7368.25089308933
7368.25089308933
7368.25089308933
7368.25089308933
7368.25089308933
7368.25089308933
7368.25089308933
7368.25089308933
7368.25089308933
7368.25089308933
7368.25089308933
7368.25089308933
7368.25089308933
7368.25089308933
7368.25089308933
7368.25089308933
7368.25089308933
7368.25089308933
7368.25089308933
7368.25089308933
7368.25089308933
7368.25089308933
7368.25089308933
7368.25089308933
7368.25089308933
7368.25089308933
7368.25089308933
7368.25089308933
7368.25089308933
7368.25089308933
7368.25089308933
7368.25089308933
7368.25089308933
7368.25089308933
7368.25089308933
7368.25089308933
7368.25089308933
7368.25089308933
7368.25089308933
7368.25089308933
7368.25089308933
7368.25089308933
7368.25089308933
7368.25089308933
7368.25089308933
7368.25089308933
7368.25089308933
7368.25089308933
7368.25089308933
7368.25089308933
7368.25089308933
7368.25089308933
7368.25089308933
7368.25089308933
7368.25089308933
7368.25089308933
7368.25089308933
7368.25089308933
7368.25089308933
7368.25089308933
7368.25089308933
7368.25089308933
7368.25089308933
7368.25089308933
7368.25089308933
7368.25089308933
7368.25089308933
7368.25089308933
7368.25089308933
7368.25089308933
7368.25089308933
7368.25089308933
7368.25089308933
7368.25089308933
7368.25089308933
7368.25089308933
7368.25089308933
7368.25089308933
7371.9682770753
7371.9682770753
7371.9682770753
7371.9682770753
7371.9682770753
7371.9682770753
7371.9682770753
7371.9682770753
7371.9682770753
7371.9682770753
7371.9682770753
7371.9682770753
7371.9682770753
7371.9682770753
7371.9682770753
7371.9682770753
7371.9682770753
7371.9682770753
7371.9682770753
7371.9682770753
7371.9682770753
7371.9682770753
7371.9682770753
7371.9682770753
7371.9682770753
7371.9682770753
7371.9682770753
7371.9682770753
7371.9682770753
7371.9682770753
7371.9682770753
7371.9682770753
7371.9682770753
7371.9682770753
7371.9682770753
7371.9682770753
7377.55555797607
7377.55555797607
7378.3134709071
7378.3134709071
7378.3134709071
7378.3134709071
7378.3134709071
7378.3134709071
7378.3134709071
7378.3134709071
7378.3134709071
7378.3134709071
7378.3134709071
7378.3134709071
7378.3134709071
7378.3134709071
7378.3134709071
7378.3134709071
7378.3134709071
7378.3134709071
7378.3134709071
7378.3134709071
7378.3134709071
7378.3134709071
7378.3134709071
7378.3134709071
7378.3134709071
7392.21369812068
7392.21369812068
7392.21369812068
7392.21369812068
7392.21369812068
7392.21369812068
7392.21369812068
7392.21369812068
7392.21369812068
7392.21369812068
7392.21369812068
7392.21369812068
7392.21369812068
7392.21369812068
7392.21369812068
7392.21369812068
7392.21369812068
7392.21369812068
7392.21369812068
7392.21369812068
7392.21369812068
7392.21369812068
7392.21369812068
7392.21369812068
7392.21369812068
7392.21369812068
7392.21369812068
7392.21369812068
7392.21369812068
7392.21369812068
7392.21369812068
7392.21369812068
7392.21369812068
7392.21369812068
7392.21369812068
7392.21369812068
7392.21369812068
7392.21369812068
7392.21369812068
7392.21369812068
7392.21369812068
7392.21369812068
7392.21369812068
7392.21369812068
7392.21369812068
7392.21369812068
7392.98407906719
7392.98407906719
7392.98407906719
7393.39599033923
7393.39599033923
7393.39599033923
7393.39599033923
7393.39599033923
7393.39599033923
7393.39599033923
7393.39599033923
7393.39599033923
7393.39599033923
7393.39599033923
7393.39599033923
7393.39599033923
7393.39599033923
7393.39599033923
7393.39599033923
7393.39599033923
7393.39599033923
7393.39599033923
7393.39599033923
7393.39599033923
7393.39599033923
7393.39599033923
7393.39599033923
7393.39599033923
7394.65560662727
7395.03398498441
7395.03398498441
7395.03398498441
7395.03398498441
7395.03398498441
7395.03398498441
7395.03398498441
7395.03398498441
7395.03398498441
7395.03398498441
7395.03398498441
7395.03398498441
7395.03398498441
7395.03398498441
7395.03398498441
7395.03398498441
7395.03398498441
7395.03398498441
7395.03398498441
7395.03398498441
7395.03398498441
7395.03398498441
7395.03398498441
7395.03398498441
7395.03398498441
7395.03398498441
7395.03398498441
7395.03398498441
7395.03398498441
7395.03398498441
7395.03398498441
7395.03398498441
7395.03398498441
7395.03398498441
7395.03398498441
7395.03398498441
7395.03398498441
7395.03398498441
7395.03398498441
7395.03398498441
7395.03398498441
7395.03398498441
7395.03398498441
7395.03398498441
7395.03398498441
7395.03398498441
7395.03398498441
7395.03398498441
7395.03398498441
7395.03398498441
7395.03398498441
7395.03398498441
7395.03398498441
7395.03398498441
7400.18897068953
7400.77398565762
7400.77398565762
7400.77398565762
7400.77398565762
7400.77398565762
7400.77398565762
7400.77398565762
7400.77398565762
7400.77398565762
7400.77398565762
7400.77398565762
7400.77398565762
7400.77398565762
7400.77398565762
7400.77398565762
7400.77398565762
7400.77398565762
7400.77398565762
7400.77398565762
7400.77398565762
7400.77398565762
7400.77398565762
7400.77398565762
7400.77398565762
7400.77398565762
7400.77398565762
7400.77398565762
7400.77398565762
7400.77398565762
7400.77398565762
7400.77398565762
7400.77398565762
7400.77398565762
7400.77398565762
7400.77398565762
7400.77398565762
7400.77398565762
7400.77398565762
7400.77398565762
7400.77398565762
7400.77398565762
7400.77398565762
7403.21621791533
7403.21621791533
7403.21621791533
7403.21621791533
7403.21621791533
7403.21621791533
7403.21621791533
7403.21621791533
7403.21621791533
7403.21621791533
7403.21621791533
7403.21621791533
7403.21621791533
7403.21621791533
7403.21621791533
7416.82296645512
7417.06618526866
7417.06618526866
7417.06618526866
7417.06618526866
7417.06618526866
7417.06618526866
7417.06618526866
7417.06618526866
7417.06618526866
7417.06618526866
7417.06618526866
7417.06618526866
7417.06618526866
7417.06618526866
7429.46378346474
7429.46378346474
7429.46378346474
7429.46378346474
7429.46378346474
7429.46378346474
7429.46378346474
7429.46378346474
7429.46378346474
7429.46378346474
7429.46378346474
7429.46378346474
7429.46378346474
7429.46378346474
7429.46378346474
7429.46378346474
7429.46378346474
7429.46378346474
7429.46378346474
7429.46378346474
7429.46378346474
7429.46378346474
7429.46378346474
7429.46378346474
7429.46378346474
7429.46378346474
7429.46378346474
7429.46378346474
7429.46378346474
7429.46378346474
7429.46378346474
7429.46378346474
7429.46378346474
7429.46378346474
7429.46378346474
7429.46378346474
7429.46378346474
7429.46378346474
7429.46378346474
7429.46378346474
7429.46378346474
7429.46378346474
7429.46378346474
7429.46378346474
7429.46378346474
7429.46378346474
7429.46378346474
7429.46378346474
7429.46378346474
7429.46378346474
7429.46378346474
7429.46378346474
7429.46378346474
7429.46378346474
7429.46378346474
7429.46378346474
7429.46378346474
7429.46378346474
7429.46378346474
7429.46378346474
7429.46378346474
7429.46378346474
7429.46378346474
7429.46378346474
7429.46378346474
7429.46378346474
7429.46378346474
7429.46378346474
7429.46378346474
7429.46378346474
7429.46378346474
7429.46378346474
7429.46378346474
7429.46378346474
7429.46378346474
7429.46378346474
7429.46378346474
7429.46378346474
7429.46378346474
7429.46378346474
7429.46378346474
7429.46378346474
7429.46378346474
7429.46378346474
7429.46378346474
7429.46378346474
7429.46378346474
7429.46378346474
7429.46378346474
7429.46378346474
7429.46378346474
7429.46378346474
7429.46378346474
7429.46378346474
7429.46378346474
7429.46378346474
7429.46378346474
7429.46378346474
7429.46378346474
7429.46378346474
7429.46378346474
7429.46378346474
7429.46378346474
7429.46378346474
7429.46378346474
7429.46378346474
7429.46378346474
7429.46378346474
7429.46378346474
7429.46378346474
7429.46378346474
7429.46378346474
7429.46378346474
7429.46378346474
7429.46378346474
7429.46378346474
7429.46378346474
7429.46378346474
7429.46378346474
7429.46378346474
7429.46378346474
7429.46378346474
7429.46378346474
7429.46378346474
7429.46378346474
7429.46378346474
7429.46378346474
7429.46378346474
7429.46378346474
7429.46378346474
7429.46378346474
7429.46378346474
7429.46378346474
7429.46378346474
7429.46378346474
7429.46378346474
7429.46378346474
7429.46378346474
7429.46378346474
7429.46378346474
7429.46378346474
7429.98545897896
7429.98545897896
7429.98545897896
7429.98545897896
7429.98545897896
7429.98545897896
7429.98545897896
7429.98545897896
7429.98545897896
7429.98545897896
7429.98545897896
7429.98545897896
7429.98545897896
7429.98545897896
7429.98545897896
7429.98545897896
7429.98545897896
7429.98545897896
7429.98545897896
7429.98545897896
7429.98545897896
7429.98545897896
7429.98545897896
7429.98545897896
7429.98545897896
7429.98545897896
7429.98545897896
7429.98545897896
7429.98545897896
7429.98545897896
7429.98545897896
7429.98545897896
7429.98545897896
7433.46767871803
7434.26552020375
7434.26552020375
7434.26552020375
7434.26552020375
7434.26552020375
7434.26552020375
7434.26552020375
7434.26552020375
7434.26552020375
7434.26552020375
7434.26552020375
7434.26552020375
7434.26552020375
7434.26552020375
7434.26552020375
7434.26552020375
7434.26552020375
7434.26552020375
7434.26552020375
7435.84042887716
7435.96917372836
7435.96917372836
7435.96917372836
7435.96917372836
7435.96917372836
7444.60515971416
7444.60515971416
7444.60515971416
7444.60515971416
7444.60515971416
7444.60515971416
7444.60515971416
7444.60515971416
7444.60515971416
7444.60515971416
7444.60515971416
7444.60515971416
7444.60515971416
7444.60515971416
7444.60515971416
7444.60515971416
7444.60515971416
7444.60515971416
7444.60515971416
7444.60515971416
7444.60515971416
7444.60515971416
7444.60515971416
7444.60515971416
7444.60515971416
7444.60515971416
7444.60515971416
7444.60515971416
7444.60515971416
7444.60515971416
7444.60515971416
7444.60515971416
7444.60515971416
7444.60515971416
7444.60515971416
7444.60515971416
7444.60515971416
7444.60515971416
7444.60515971416
7444.60515971416
7444.60515971416
7444.60515971416
7444.60515971416
7444.60515971416
7444.60515971416
7444.60515971416
7444.60515971416
7445.4811872677
7445.4811872677
7445.4811872677
7445.4811872677
7445.4811872677
7445.4811872677
7445.4811872677
7445.4811872677
7445.4811872677
7445.4811872677
7445.4811872677
7445.4811872677
7445.4811872677
7445.4811872677
7445.4811872677
7445.4811872677
7445.4811872677
7445.4811872677
7445.4811872677
7445.4811872677
7445.4811872677
7445.4811872677
7445.4811872677
7445.4811872677
7445.4811872677
7445.4811872677
7445.4811872677
7445.4811872677
7445.4811872677
7445.4811872677
7445.4811872677
7445.4811872677
7445.4811872677
7445.4811872677
7445.4811872677
7445.4811872677
7445.99251629862
7445.99251629862
7445.99251629862
7445.99251629862
7445.99251629862
7445.99251629862
7445.99251629862
7445.99251629862
7445.99251629862
7445.99251629862
7445.99251629862
7447.84503736633
7447.84503736633
7447.84503736633
7447.84503736633
7447.84503736633
7447.84503736633
7447.84503736633
7447.84503736633
7447.84503736633
7447.84503736633
7447.84503736633
7447.84503736633
7447.84503736633
7447.84503736633
7447.84503736633
7447.84503736633
7447.84503736633
7447.84503736633
7447.84503736633
7447.84503736633
7447.84503736633
7447.84503736633
7447.84503736633
7447.84503736633
7447.84503736633
7447.84503736633
7447.84503736633
7447.84503736633
7451.22340968213
7451.22340968213
7451.22340968213
7451.22340968213
7451.22340968213
7451.22340968213
7451.22340968213
7451.22340968213
7451.22340968213
7451.22340968213
7451.22340968213
7451.22340968213
7451.22340968213
7451.22340968213
7451.22340968213
7451.22340968213
7451.22340968213
7451.22340968213
7451.22340968213
7451.22340968213
7451.22340968213
7451.22340968213
7451.22340968213
7451.22340968213
7451.22340968213
7451.22340968213
7451.22340968213
7451.22340968213
7451.22340968213
7451.22340968213
7451.22340968213
7451.22340968213
7451.22340968213
7451.22340968213
7451.22340968213
7451.22340968213
7451.22340968213
7451.22340968213
7451.22340968213
7451.22340968213
7451.22340968213
7451.22340968213
7451.22340968213
7451.22340968213
7451.22340968213
7451.22340968213
7451.22340968213
7451.22340968213
7451.22340968213
7451.22340968213
7451.22340968213
7451.22340968213
7451.22340968213
7451.22340968213
7451.22340968213
7451.22340968213
7451.22340968213
7451.22340968213
7464.19402110998
7464.34844631586
7464.38973907465
7464.49170371319
7464.53958855344
7464.53958855344
7464.53958855344
7464.53958855344
7464.53958855344
7464.53958855344
7464.53958855344
7464.53958855344
7464.53958855344
7464.53958855344
7464.53958855344
7464.53958855344
7464.53958855344
7464.53958855344
7464.53958855344
7464.53958855344
7464.53958855344
7464.53958855344
7464.53958855344
7464.53958855344
7464.53958855344
7464.53958855344
7464.53958855344
7464.53958855344
7464.53958855344
7464.53958855344
7464.53958855344
7464.53958855344
7464.53958855344
7464.53958855344
7464.53958855344
7464.53958855344
7464.53958855344
7464.53958855344
7464.53958855344
7464.53958855344
7464.53958855344
7464.53958855344
7464.53958855344
7464.53958855344
7464.53958855344
7464.53958855344
7464.53958855344
7464.53958855344
7464.53958855344
7464.53958855344
7464.53958855344
7464.53958855344
7464.53958855344
7464.53958855344
7464.53958855344
7464.53958855344
7464.53958855344
7464.53958855344
7464.53958855344
7464.53958855344
7464.53958855344
7464.53958855344
7464.53958855344
7464.53958855344
7464.53958855344
7464.53958855344
7464.53958855344
7464.53958855344
7464.53958855344
7464.53958855344
7464.53958855344
7464.53958855344
7464.53958855344
7464.53958855344
7464.53958855344
7464.53958855344
7464.53958855344
7464.53958855344
7464.53958855344
7464.53958855344
7464.53958855344
7464.53958855344
7464.53958855344
7464.53958855344
7469.46180451016
7469.46180451016
7469.46180451016
7469.46180451016
7469.46180451016
7469.46180451016
7469.46180451016
7469.46180451016
7469.46180451016
7469.46180451016
7469.46180451016
7469.46180451016
7469.46180451016
7469.46180451016
7469.46180451016
7469.46180451016
7469.46180451016
7469.46180451016
7469.46180451016
7469.46180451016
7469.46180451016
7469.46180451016
7469.46180451016
7469.46180451016
7469.46180451016
7469.46180451016
7469.46180451016
7469.46180451016
7469.46180451016
7469.46180451016
7469.46180451016
7469.46180451016
7469.46180451016
7469.46180451016
7469.46180451016
7469.46180451016
7469.46180451016
7469.46180451016
7469.46180451016
7469.46180451016
7469.46180451016
7469.46180451016
7469.46180451016
7469.46180451016
7469.46180451016
7469.46180451016
7469.46180451016
7469.46180451016
7469.46180451016
7469.46180451016
7469.46180451016
7469.46180451016
7469.46180451016
7469.46180451016
7469.46180451016
7469.46180451016
7469.46180451016
7479.9858457015
7479.9858457015
7479.9858457015
7479.9858457015
7479.9858457015
7479.9858457015
7479.9858457015
7479.9858457015
7479.9858457015
7479.9858457015
7479.9858457015
7479.9858457015
7479.9858457015
7479.9858457015
7479.9858457015
7479.9858457015
7479.9858457015
7480.35258331655
7484.36126044228
7485.59431293777
7488.52089262002
7488.52089262002
7488.52089262002
7488.52089262002
7488.52089262002
7488.52089262002
7488.52089262002
7488.52089262002
7488.52089262002
7489.95774137167
7490.1167176764
7490.1167176764
7493.75256656493
7494.79777641094
7494.79777641094
7494.79777641094
7494.79777641094
7494.79777641094
7494.79777641094
7494.79777641094
7494.79777641094
7494.79777641094
7494.79777641094
7494.79777641094
7494.79777641094
7494.79777641094
7494.79777641094
7494.79777641094
7494.79777641094
7494.79777641094
7495.72398158561
7495.72398158561
7495.72398158561
7497.48628978235
7497.82203206144
7497.82203206144
7497.82203206144
7497.82203206144
7497.82203206144
7497.82203206144
7497.82203206144
7497.82203206144
7500.63294309265
7500.63294309265
7500.74875539339
7500.74875539339
7500.74875539339
7500.74875539339
7505.55975338172
7507.41525468572
7509.33083932397
7509.33083932397
7509.33083932397
7509.33083932397
7510.77276808887
7510.8801472864
7510.8801472864
7510.8801472864
7510.8801472864
7510.8801472864
7513.8925547505
7513.97273171105
7513.97273171105
7513.97273171105
7513.97273171105
7513.97273171105
7513.97273171105
7515.59643253378
7519.28096097643
7519.28096097643
7519.28096097643
7520.63026726447
7520.63026726447
7520.63026726447
7520.63026726447
7520.63026726447
7520.63026726447
7521.04147799256
7521.95870273399
7521.95870273399
7521.95870273399
7521.95870273399
7521.95870273399
7521.95870273399
7521.95870273399
7521.95870273399
7525.97496951046
7526.57786860645
7534.34196663082
7535.83748114365
7545.71998456363
7545.71998456363
7545.71998456363
7545.71998456363
7545.71998456363
7545.71998456363
7545.71998456363
7545.71998456363
7545.71998456363
7545.71998456363
7545.71998456363
7545.71998456363
7545.71998456363
7545.71998456363
7546.2009898978
7546.2009898978
7546.2009898978
7546.2009898978
7546.2009898978
7546.2009898978
7546.2009898978
7546.2009898978
7546.2009898978
7546.2009898978
7546.2009898978
7546.2009898978
7546.2009898978
7546.28095841019
7548.81389025008
7549.01480725476
7549.78831904255
7550.07413083948
7550.07413083948
7550.07413083948
7550.07413083948
7550.07413083948
7550.07413083948
7550.07413083948
7550.07413083948
7550.07413083948
7550.07413083948
7550.07413083948
7550.07413083948
7550.07413083948
7550.07413083948
7550.07413083948
7550.07413083948
7550.94072777084
7550.94072777084
7550.94072777084
7550.94072777084
7550.94072777084
7550.94072777084
7550.94072777084
7554.6867758079
7554.6867758079
7554.6867758079
7554.6867758079
7554.6867758079
7554.6867758079
7554.6867758079
7554.6867758079
7554.6867758079
7554.6867758079
7554.6867758079
7554.6867758079
7554.6867758079
7554.6867758079
7558.3503015293
7558.3503015293
7558.3503015293
7558.3503015293
7558.3503015293
7558.3503015293
7558.3503015293
7558.3503015293
7558.3503015293
7558.3503015293
7558.3503015293
7558.3503015293
7558.3503015293
7558.3503015293
7558.3503015293
7558.3503015293
7558.3503015293
7558.3503015293
7558.3503015293
7558.3503015293
7558.3503015293
7558.3503015293
7558.3503015293
7564.67353280329
7564.67353280329
7564.67353280329
7564.67353280329
7564.67353280329
7564.67353280329
7564.67353280329
7564.67353280329
7564.67353280329
7564.67353280329
7564.67353280329
7564.67353280329
7564.67353280329
7564.67353280329
7564.67353280329
7564.67353280329
7564.67353280329
7564.67353280329
7564.67353280329
7564.67353280329
7564.67353280329
7564.67353280329
7564.67353280329
7564.67353280329
7564.67353280329
7564.67353280329
7564.67353280329
7564.67353280329
7564.67353280329
7564.67353280329
7564.67353280329
7564.67353280329
7574.45427317396
7574.92426119569
7574.92426119569
7574.92426119569
7574.92426119569
7574.92426119569
7574.92426119569
7574.92426119569
7574.92426119569
7574.92426119569
7574.92426119569
7574.92426119569
7574.92426119569
7574.92426119569
7574.92426119569
7574.92426119569
7574.92426119569
7574.92426119569
7574.92426119569
7574.92426119569
7574.92426119569
7574.92426119569
7574.92426119569
7575.4876575114
7575.4876575114
7578.2595840126
7578.2595840126
7578.2595840126
7578.2595840126
7578.2595840126
7578.2595840126
7578.2595840126
7578.2595840126
7578.2595840126
7578.2595840126
7578.2595840126
7578.2595840126
7580.72461435411
7580.72461435411
7580.72461435411
7580.72461435411
7580.72461435411
7580.72461435411
7580.72461435411
7580.72461435411
7580.72461435411
7581.25221428422
7582.46646552011
7582.46646552011
7582.46646552011
7582.46646552011
7582.46646552011
7582.46646552011
7586.07787952055
7586.40463176128
7586.40463176128
7586.40463176128
7589.56326728349
7595.2402355593
7595.66119576822
7595.66119576822
7595.66119576822
7595.66119576822
7595.66119576822
7595.66119576822
7595.66119576822
7595.66119576822
7595.66119576822
7595.66119576822
7595.66119576822
7595.66119576822
7595.66119576822
7595.66119576822
7595.66119576822
7595.66119576822
7601.77681112134
7602.16467045334
7602.16467045334
7602.16467045334
7602.16467045334
7602.16467045334
7602.16467045334
7602.16467045334
7602.16467045334
7602.16467045334
7602.16467045334
7602.16467045334
7602.16467045334
7604.48598989898
7604.48598989898
7604.48598989898
7606.94526282258
7607.55886140593
7607.55886140593
7607.55886140593
7607.55886140593
7607.55886140593
7607.55886140593
7607.55886140593
7607.55886140593
7607.55886140593
7607.55886140593
7607.55886140593
7607.55886140593
7607.55886140593
7607.55886140593
7607.55886140593
7607.55886140593
7607.55886140593
7607.55886140593
7607.55886140593
7607.55886140593
7607.55886140593
7607.55886140593
7607.55886140593
7607.55886140593
7607.55886140593
7607.55886140593
7610.35293694493
7610.41640856661
7610.41640856661
7610.41640856661
7610.41640856661
7610.41640856661
7610.41640856661
7610.41640856661
7610.41640856661
7610.41640856661
7610.41640856661
7610.41640856661
7610.41640856661
7610.41640856661
7610.41640856661
7612.36582207369
7612.36582207369
7612.36582207369
7612.36582207369
7612.36582207369
7612.36582207369
7612.36582207369
7612.36582207369
7612.36582207369
7612.36582207369
7612.36582207369
7612.36582207369
7612.36582207369
7612.36582207369
7612.36582207369
7612.36582207369
7612.36582207369
7612.36582207369
7612.36582207369
7612.36582207369
7612.36582207369
7612.36582207369
7612.36582207369
7612.36582207369
7612.36582207369
7612.36582207369
7612.36582207369
7612.36582207369
7612.36582207369
7612.36582207369
7612.36582207369
7612.36582207369
7612.36582207369
7612.36582207369
7612.36582207369
7612.36582207369
7617.15507850861
7617.91257589256
7617.91257589256
7617.91257589256
7617.91257589256
7617.91257589256
7617.91257589256
7617.91257589256
7617.91257589256
7618.65165229651
7618.65165229651
7618.65165229651
7618.65165229651
7618.65165229651
7619.38107092343
7619.38107092343
7619.38107092343
7619.38107092343
7621.16201566008
7622.26591181219
7622.26591181219
7622.26591181219
7622.26591181219
7622.26591181219
7622.26591181219
7622.26591181219
7622.26591181219
7622.26591181219
7622.26591181219
7622.26591181219
7625.84327993204
7627.04650680472
7627.04650680472
7627.04650680472
7627.04650680472
7627.04650680472
7627.04650680472
7627.04650680472
7627.04650680472
7627.04650680472
7627.04650680472
7631.73472853701
7632.37292990384
7632.37292990384
7632.37292990384
7632.72325371139
7632.72325371139
7632.72325371139
7632.72325371139
7632.72325371139
7632.72325371139
7634.14480575592
7634.14480575592
7634.14480575592
7634.14480575592
7634.14480575592
7634.14480575592
7634.14480575592
7634.14480575592
7634.14480575592
7634.14480575592
7634.14480575592
7634.14480575592
7634.80896851767
7634.80896851767
7634.80896851767
7634.80896851767
7634.80896851767
7634.80896851767
7634.80896851767
7634.80896851767
7634.80896851767
7634.80896851767
7634.80896851767
7634.80896851767
7634.80896851767
7635.15797960892
7635.15797960892
7635.15797960892
7635.15797960892
7635.15797960892
7635.15797960892
7635.15797960892
7635.15797960892
7635.15797960892
7635.15797960892
7635.15797960892
7635.15797960892
7635.15797960892
7635.15797960892
7635.15797960892
7635.15797960892
7635.15797960892
7635.15797960892
7635.15797960892
7635.15797960892
7635.15797960892
7635.15797960892
7635.15797960892
7635.15797960892
7635.15797960892
7635.15797960892
7635.15797960892
7635.15797960892
7635.15797960892
7635.15797960892
7635.15797960892
7635.15797960892
7635.15797960892
7636.85161099222
7637.86242572494
7637.86242572494
7637.86242572494
7637.86242572494
7637.86242572494
7637.86242572494
7637.86242572494
7637.86242572494
7637.86242572494
7637.86242572494
7637.86242572494
7637.86242572494
7648.05374005462
7648.1035766523
7648.1035766523
7648.1035766523
7648.1035766523
7648.1035766523
7648.1035766523
7648.1035766523
7648.1035766523
7648.1035766523
7648.1035766523
7648.1035766523
7648.1035766523
7648.1035766523
7648.1035766523
7648.1035766523
7651.12948016305
7651.12948016305
7651.12948016305
7651.12948016305
7651.12948016305
7651.12948016305
7651.12948016305
7651.12948016305
7651.12948016305
7651.12948016305
7651.12948016305
7651.12948016305
7651.12948016305
7651.12948016305
7651.12948016305
7651.12948016305
7651.12948016305
7651.12948016305
7651.12948016305
7651.12948016305
7651.12948016305
7651.12948016305
7651.12948016305
7651.12948016305
7651.12948016305
7651.12948016305
7651.12948016305
7651.12948016305
7651.12948016305
7651.12948016305
7651.12948016305
7651.12948016305
7651.12948016305
7651.12948016305
7651.12948016305
7651.12948016305
7651.12948016305
7651.12948016305
7651.12948016305
7651.12948016305
7651.12948016305
7651.12948016305
7651.12948016305
7651.12948016305
7651.12948016305
7651.12948016305
7651.12948016305
7651.12948016305
7651.12948016305
7651.12948016305
7651.12948016305
7651.12948016305
7651.12948016305
7651.12948016305
7651.12948016305
7651.12948016305
7651.12948016305
7651.12948016305
7651.12948016305
7651.12948016305
7651.12948016305
7651.12948016305
7651.12948016305
7651.12948016305
7651.12948016305
7651.12948016305
7651.12948016305
7651.12948016305
7651.12948016305
7651.12948016305
7651.12948016305
7651.12948016305
7651.12948016305
7651.12948016305
7651.12948016305
7651.12948016305
7651.12948016305
7651.12948016305
7651.12948016305
7651.12948016305
7651.12948016305
7651.12948016305
7651.12948016305
7651.12948016305
7651.12948016305
7651.12948016305
7651.12948016305
7651.12948016305
7651.12948016305
7651.12948016305
7651.12948016305
7651.12948016305
7651.12948016305
7651.12948016305
7651.12948016305
7651.12948016305
7651.12948016305
7651.12948016305
7651.12948016305
7651.12948016305
7651.12948016305
7651.12948016305
7651.12948016305
7651.12948016305
7651.12948016305
7651.12948016305
7651.12948016305
7651.12948016305
7651.12948016305
7651.12948016305
7651.12948016305
7651.12948016305
7651.12948016305
7651.12948016305
7651.12948016305
7651.12948016305
7651.12948016305
7651.12948016305
7651.12948016305
7651.12948016305
7651.12948016305
7652.45343097536
7652.55384717043
7652.56903533105
7652.56903533105
7652.56903533105
7652.56903533105
7652.56903533105
7652.56903533105
7652.56903533105
7652.56903533105
7652.56903533105
7652.56903533105
7652.56903533105
7652.56903533105
7652.56903533105
7652.56903533105
7652.56903533105
7652.56903533105
7652.56903533105
7652.56903533105
7652.56903533105
7652.56903533105
7652.56903533105
7652.56903533105
7652.56903533105
7652.56903533105
7652.56903533105
7652.56903533105
7652.56903533105
7652.56903533105
7652.56903533105
7652.56903533105
7652.56903533105
7652.56903533105
7652.56903533105
7652.56903533105
7652.56903533105
7652.56903533105
7652.56903533105
7652.56903533105
7652.56903533105
7652.56903533105
7652.56903533105
7652.56903533105
7652.56903533105
7652.56903533105
7652.56903533105
7652.56903533105
7652.56903533105
7652.56903533105
7652.56903533105
7652.56903533105
7652.56903533105
7652.56903533105
7652.56903533105
7652.56903533105
7652.56903533105
7652.56903533105
7652.56903533105
7652.56903533105
7652.56903533105
7652.56903533105
7652.56903533105
7652.56903533105
7652.56903533105
7652.56903533105
7652.56903533105
7652.56903533105
7652.56903533105
7652.56903533105
7652.56903533105
7652.56903533105
7652.56903533105
7652.56903533105
7652.56903533105
7652.56903533105
7652.56903533105
7652.56903533105
7652.56903533105
7652.56903533105
7652.56903533105
7652.56903533105
7652.56903533105
7652.56903533105
7652.56903533105
7652.56903533105
7652.56903533105
7652.56903533105
7652.56903533105
7652.56903533105
7652.56903533105
7652.56903533105
7652.56903533105
7652.56903533105
7652.56903533105
7652.56903533105
7652.56903533105
7652.56903533105
7653.09851652974
7653.09851652974
7654.64211350995
7654.72448737124
7654.72448737124
7654.72448737124
7654.72448737124
7657.64035165603
7657.68582672796
7657.68582672796
7657.68582672796
7663.04539723112
7663.43685420242
7663.43685420242
7663.43685420242
7663.43685420242
7663.43685420242
7663.43685420242
7663.43685420242
7663.43685420242
7663.43685420242
7663.43685420242
7663.43685420242
7663.43685420242
7663.43685420242
7663.43685420242
7663.43685420242
7663.43685420242
7663.43685420242
7663.43685420242
7663.43685420242
7663.43685420242
7663.43685420242
7663.43685420242
7663.43685420242
7663.53401042423
7663.53401042423
7663.53401042423
7663.53401042423
7663.53401042423
7666.11440603492
7667.02212666436
7667.02212666436
7667.02212666436
7667.02212666436
7667.02212666436
7667.02212666436
7667.02212666436
7667.02212666436
7667.02212666436
7667.02212666436
7667.02212666436
7667.02212666436
7667.02212666436
7667.02212666436
7667.02212666436
7667.02212666436
7667.02212666436
7667.02212666436
7667.02212666436
7670.25332561438
7671.02732955627
7671.02732955627
7671.02732955627
7671.02732955627
7671.02732955627
7671.02732955627
7671.02732955627
7671.02732955627
7671.02732955627
7671.02732955627
7671.02732955627
7671.43073957626
7671.43073957626
7671.43073957626
7671.43073957626
7671.43073957626
7671.43073957626
7671.43073957626
7671.43073957626
7671.43073957626
7671.43073957626
7671.43073957626
7671.43073957626
7671.43073957626
7671.43073957626
7671.43073957626
7671.43073957626
7671.87049407293
7672.19144756605
7672.19144756605
7672.19144756605
7672.19144756605
7672.19144756605
7676.44176425999
7676.44176425999
7676.44176425999
7676.44176425999
7676.44176425999
7676.44176425999
7676.44176425999
7676.44176425999
7676.44176425999
7676.44176425999
7676.44176425999
7676.44176425999
7676.44176425999
7676.44176425999
7676.44176425999
7676.44176425999
7676.44176425999
7676.44176425999
7676.44176425999
7676.44176425999
7676.44176425999
7676.44176425999
7676.44176425999
7676.44176425999
7676.44176425999
7676.44176425999
7676.44176425999
7676.44176425999
7676.44176425999
7676.44176425999
7676.44176425999
7676.44176425999
7676.44176425999
7676.44176425999
7676.44176425999
7676.44176425999
7676.44176425999
7676.44176425999
7676.44176425999
7676.44176425999
7676.44176425999
7676.44176425999
7676.44176425999
7676.44176425999
7676.44176425999
7676.44176425999
7676.44176425999
7676.44176425999
7676.44176425999
7676.44176425999
7676.44176425999
7676.44176425999
7676.44176425999
7676.44176425999
7676.44176425999
7676.44176425999
7676.44176425999
7676.44176425999
7676.44176425999
7676.44176425999
7676.44176425999
7676.44176425999
7676.44176425999
7676.44176425999
7682.16163762307
7682.16163762307
7682.16163762307
7682.16163762307
7682.16163762307
7682.16163762307
7682.16163762307
7682.16163762307
7682.16163762307
7682.16163762307
7682.16163762307
7682.16163762307
7682.16163762307
7682.16163762307
7682.16163762307
7682.1639864836
7684.4061092922
7684.69248657209
7684.69248657209
7684.69248657209
7684.69248657209
7684.69248657209
7684.69248657209
7684.69248657209
7684.69248657209
7684.69248657209
7684.69248657209
7684.69248657209
7684.69248657209
7684.69248657209
7684.69248657209
7684.69248657209
7684.69248657209
7684.69248657209
7684.69248657209
7684.69248657209
7684.69248657209
7684.69248657209
7684.69248657209
7684.69248657209
7684.69248657209
7684.69248657209
7684.69248657209
7684.69248657209
7684.69248657209
7684.69248657209
7684.69248657209
7684.69248657209
7684.69248657209
7684.69248657209
7687.25583085136
7687.25583085136
7687.25583085136
7687.25583085136
7687.25583085136
7687.25583085136
7687.25583085136
7687.25583085136
7687.25583085136
7687.25583085136
7687.25583085136
7687.25583085136
7687.25583085136
7687.25583085136
7687.25583085136
7687.25583085136
7687.25583085136
7687.25583085136
7687.25583085136
7687.25583085136
7687.41824466395
7687.59337568318
7687.59337568318
7687.59337568318
7687.59337568318
7687.59337568318
7693.03025743454
7693.03025743454
7693.03025743454
7693.03025743454
7693.03025743454
7693.03025743454
7693.03025743454
7693.03025743454
7693.03025743454
7693.03025743454
7693.03025743454
7693.03025743454
7693.03025743454
7693.03025743454
7693.03025743454
7693.03025743454
7693.03025743454
7693.03025743454
7693.23244514973
7693.23244514973
7693.23244514973
7693.23244514973
7693.23244514973
7693.23244514973
7693.23244514973
7693.23244514973
7693.23244514973
7693.23244514973
7693.23244514973
7693.23244514973
7693.23244514973
7693.23244514973
7693.23244514973
7693.23244514973
7693.23244514973
7693.23244514973
7693.23244514973
7693.23244514973
7697.65249413523
7697.65249413523
7697.65249413523
7697.65249413523
7697.65249413523
7697.65249413523
7697.65249413523
7697.65249413523
7697.65249413523
7697.65249413523
7697.65249413523
7697.65249413523
7697.65249413523
7697.65249413523
7697.65249413523
7697.65249413523
7697.65249413523
7697.65249413523
7697.65249413523
7699.44466845704
7700.46612142789
7700.46612142789
7700.46612142789
7700.66009284638
7700.66009284638
7700.66009284638
7700.66009284638
7700.66009284638
7700.66009284638
7700.66009284638
7700.66009284638
7700.66009284638
7700.66009284638
7700.66009284638
7700.66009284638
7700.66009284638
7700.66009284638
7700.66009284638
7700.66009284638
7700.66009284638
7700.66009284638
7700.66009284638
7700.66009284638
7700.66009284638
7700.66009284638
7700.66009284638
7700.66009284638
7703.20751850885
7703.50331469721
7703.50331469721
7703.50331469721
7703.50331469721
7703.50331469721
7703.50331469721
7703.50331469721
7703.50331469721
7703.50331469721
7703.50331469721
7703.50331469721
7703.50331469721
7703.50331469721
7703.50331469721
7703.50331469721
7703.50331469721
7703.50331469721
7703.50331469721
7703.50331469721
7703.50331469721
7703.50331469721
7703.67921509689
7703.67921509689
7703.67921509689
7703.67921509689
7703.67921509689
7703.67921509689
7703.67921509689
7703.67921509689
7703.67921509689
7703.67921509689
7703.67921509689
7703.67921509689
7703.67921509689
7703.67921509689
7703.67921509689
7703.67921509689
7703.67921509689
7703.67921509689
7703.67921509689
7703.67921509689
7703.67921509689
7703.67921509689
7703.67921509689
7703.67921509689
7703.67921509689
7703.67921509689
7703.67921509689
7703.67921509689
7703.67921509689
7703.67921509689
7703.67921509689
7703.67921509689
7703.67921509689
7703.67921509689
7703.67921509689
7703.67921509689
7703.67921509689
7703.67921509689
7703.67921509689
7703.67921509689
7703.67921509689
7703.67921509689
7703.67921509689
7703.67921509689
7703.67921509689
7703.67921509689
7703.67921509689
7703.67921509689
7703.67921509689
7703.67921509689
7703.67921509689
7703.67921509689
7703.67921509689
7703.67921509689
7703.67921509689
7703.67921509689
7703.67921509689
7703.67921509689
7703.67921509689
7703.67921509689
7703.67921509689
7703.67921509689
7703.67921509689
7703.67921509689
7703.67921509689
7703.67921509689
7703.67921509689
7703.67921509689
7703.67921509689
7703.67921509689
7703.67921509689
7703.67921509689
7703.67921509689
7703.67921509689
7703.67921509689
7703.67921509689
7703.67921509689
7703.67921509689
7703.67921509689
7703.67921509689
7703.67921509689
7703.67921509689
7703.67921509689
7703.67921509689
7703.67921509689
7703.67921509689
7703.67921509689
7703.67921509689
7703.67921509689
7703.67921509689
7703.67921509689
7704.00969428001
7704.00969428001
7704.00969428001
7704.00969428001
7704.00969428001
7704.00969428001
7704.00969428001
7704.00969428001
7704.00969428001
7704.00969428001
7704.00969428001
7704.00969428001
7704.00969428001
7704.00969428001
7704.00969428001
7704.00969428001
7719.80493998282
7719.80493998282
7719.80493998282
7719.80493998282
7719.80493998282
7719.80493998282
7719.80493998282
7719.80493998282
7719.80493998282
7719.80493998282
7719.80493998282
7719.80493998282
7719.80493998282
7719.80493998282
7719.80493998282
7719.80493998282
7719.80493998282
7719.80493998282
7719.80493998282
7719.80493998282
7719.80493998282
7719.80493998282
7719.80493998282
7719.80493998282
7719.80493998282
7719.80493998282
7719.80493998282
7719.80493998282
7719.80493998282
7719.80493998282
7719.80493998282
7719.80493998282
7719.80493998282
7725.40440278803
7725.42420316744
7725.42420316744
7725.42420316744
7725.42420316744
7725.42420316744
7725.42420316744
7725.42420316744
7725.42420316744
7725.42420316744
7725.42420316744
7725.42420316744
7725.42420316744
7725.42420316744
7725.42420316744
7725.42420316744
7725.42420316744
7725.42420316744
7725.42420316744
7725.42420316744
7726.90507892908
7727.03015487469
7727.03015487469
7727.03015487469
7727.03015487469
7727.03015487469
7727.03015487469
7727.03015487469
7727.03015487469
7727.03015487469
7727.03015487469
7727.03015487469
7727.03015487469
7727.03015487469
7727.03015487469
7727.85809934857
7727.85809934857
7727.85809934857
7727.85809934857
7727.85809934857
7727.85809934857
7727.85809934857
7727.85809934857
7727.85809934857
7727.85809934857
7727.85809934857
7727.85809934857
7727.85809934857
7727.85809934857
7727.85809934857
7727.85809934857
7727.85809934857
7727.85809934857
7727.85809934857
7727.85809934857
7727.85809934857
7727.85809934857
7727.85809934857
7727.85809934857
7727.85809934857
7727.85809934857
7727.85809934857
7727.85809934857
7727.85809934857
7727.85809934857
7727.85809934857
7727.85809934857
7727.85809934857
7727.85809934857
7727.85809934857
7727.85809934857
7727.85809934857
7727.85809934857
7727.85809934857
7727.85809934857
7727.85809934857
7727.85809934857
7727.85809934857
7727.85809934857
7727.85809934857
7727.85809934857
7727.85809934857
7727.85809934857
7727.85809934857
7727.85809934857
7727.85809934857
7727.85809934857
7727.85809934857
7727.85809934857
7727.85809934857
7727.85809934857
7727.85809934857
7727.85809934857
7727.85809934857
7727.85809934857
7727.85809934857
7727.85809934857
7727.85809934857
7727.85809934857
7727.85809934857
7727.85809934857
7727.85809934857
7727.85809934857
7727.85809934857
7727.85809934857
7727.85809934857
7727.85809934857
7727.85809934857
7727.85809934857
7727.85809934857
7727.85809934857
7727.85809934857
7727.85809934857
7727.85809934857
7727.85809934857
7727.85809934857
7727.85809934857
7727.85809934857
7727.85809934857
7727.85809934857
7727.85809934857
7727.85809934857
7727.85809934857
7727.85809934857
7727.85809934857
7727.85809934857
7728.32211204741
7728.76724058186
7728.76724058186
7728.76724058186
7728.76724058186
7728.76724058186
7728.76724058186
7728.76724058186
7728.76724058186
7728.76724058186
7728.76724058186
7728.76724058186
7728.76724058186
7728.76724058186
7728.76724058186
7728.76724058186
7728.76724058186
7728.76724058186
7728.76724058186
7728.76724058186
7728.76724058186
7728.76724058186
7728.76724058186
7728.76724058186
7728.76724058186
7728.76724058186
7728.76724058186
7728.76724058186
7728.76724058186
7728.76724058186
7728.76724058186
7728.76724058186
7728.76724058186
7728.76724058186
7728.76724058186
7728.76724058186
7728.76724058186
7728.76724058186
7728.76724058186
7728.76724058186
7728.76724058186
7728.76724058186
7728.76724058186
7728.76724058186
7728.76724058186
7728.76724058186
7728.76724058186
7728.76724058186
7728.76724058186
7728.76724058186
7728.76724058186
7728.76724058186
7728.76724058186
7728.76724058186
7728.76724058186
7728.76724058186
7728.76724058186
7728.76724058186
7728.76724058186
7728.76724058186
7728.76724058186
7728.76724058186
7728.76724058186
7728.76724058186
7728.76724058186
7728.76724058186
7728.76724058186
7728.76724058186
7728.76724058186
7728.76724058186
7728.76724058186
7728.76724058186
7728.76724058186
7728.76724058186
7728.76724058186
7728.76724058186
7728.76724058186
7728.76724058186
7728.76724058186
7728.76724058186
7728.76724058186
7728.76724058186
7728.76724058186
7728.76724058186
7728.76724058186
7728.76724058186
7728.76724058186
7728.76724058186
7728.76724058186
7730.21230446959
7730.21230446959
7730.21230446959
7730.21230446959
7730.21230446959
7730.21230446959
7730.21230446959
7730.21230446959
7730.21230446959
7730.21230446959
7730.21230446959
7730.21230446959
7730.21230446959
7730.21230446959
7730.21230446959
7730.21230446959
7730.21230446959
7730.21230446959
7730.21230446959
7730.21230446959
7730.21230446959
7730.21230446959
7730.21230446959
7730.21230446959
7730.21230446959
7730.21230446959
7730.21230446959
7730.21230446959
7730.21230446959
7730.21230446959
7730.21230446959
7730.21230446959
7730.21230446959
7730.21230446959
7730.21230446959
7730.21230446959
7730.21230446959
7730.21230446959
7730.21230446959
7730.21230446959
7730.21230446959
7730.21230446959
7730.21230446959
7730.21230446959
7730.21230446959
7730.21230446959
7730.21230446959
7730.21230446959
7730.21230446959
7730.21230446959
7730.21230446959
7730.21230446959
7730.21230446959
7730.21230446959
7730.21230446959
7730.21230446959
7730.21230446959
7730.21230446959
7730.21230446959
7730.21230446959
7730.21230446959
7730.21230446959
7730.21230446959
7730.21230446959
7730.21230446959
7730.21230446959
7730.21230446959
7730.21230446959
7730.21230446959
7730.21230446959
7730.21230446959
7730.21230446959
7730.21230446959
7730.21230446959
7730.21230446959
7730.21230446959
7730.21230446959
7730.21230446959
7730.21230446959
7730.21230446959
7730.21230446959
7730.21230446959
7730.21230446959
7730.21230446959
7730.21230446959
7730.21230446959
7730.21230446959
7730.21230446959
7730.21230446959
7730.21230446959
7730.21230446959
7730.21230446959
7730.21230446959
7730.21230446959
7730.21230446959
7730.21230446959
7730.21230446959
7730.21230446959
7730.21230446959
7730.21230446959
7730.21230446959
7730.21230446959
7730.21230446959
7730.21230446959
7730.21230446959
7730.21230446959
7730.21230446959
7730.21230446959
7730.21230446959
7730.21230446959
7730.21230446959
7730.21230446959
7730.21230446959
7730.21230446959
7730.21230446959
7730.21230446959
7730.21230446959
7730.21230446959
7730.21230446959
7730.21230446959
7730.21230446959
7730.21230446959
7730.21230446959
7730.21230446959
7730.21230446959
7730.21230446959
7730.21230446959
7730.21230446959
7731.62836371171
7731.7432583514
7731.7432583514
7731.7432583514
7731.7432583514
7731.7432583514
7731.7432583514
7731.7432583514
7731.7432583514
7731.7432583514
7731.7432583514
7731.7432583514
7731.7432583514
7731.7432583514
7731.7432583514
7731.7432583514
7731.7432583514
7731.7432583514
7731.7432583514
7731.7432583514
7731.7432583514
7731.7432583514
7731.7432583514
7731.7432583514
7731.7432583514
7731.7432583514
7731.7432583514
7731.7432583514
7731.7432583514
7731.7432583514
7731.7432583514
7731.7432583514
7731.7432583514
7731.7432583514
7731.7432583514
7731.7432583514
7731.7432583514
7731.7432583514
7731.7432583514
7731.7432583514
7731.7432583514
7731.7432583514
7731.7432583514
7731.7432583514
7731.7432583514
7731.7432583514
7731.7432583514
7731.7432583514
7731.7432583514
7731.7432583514
7731.7432583514
7731.7432583514
7731.7432583514
7731.7432583514
7731.7432583514
7731.7432583514
7731.7432583514
7731.7432583514
7731.7432583514
7731.7432583514
7731.7432583514
7731.7432583514
7731.7432583514
7731.7432583514
7731.7432583514
7731.7432583514
7731.7432583514
7731.7432583514
7731.7432583514
7731.7432583514
7731.7432583514
7731.7432583514
7731.7432583514
7731.7432583514
7731.7432583514
7731.7432583514
7731.7432583514
7731.7432583514
7731.7432583514
7731.7432583514
7731.7432583514
7731.7432583514
7731.7432583514
7731.7432583514
7731.7432583514
7731.7432583514
7731.7432583514
7731.7432583514
7731.7432583514
7731.7432583514
7731.7432583514
7731.7432583514
7731.7432583514
7731.7432583514
7731.7432583514
7731.7432583514
7731.7432583514
7731.7432583514
7731.7432583514
7731.7432583514
7731.7432583514
7731.7432583514
7731.7432583514
7731.7432583514
7731.7432583514
7731.7432583514
7731.7432583514
7731.7432583514
7731.7432583514
7731.7432583514
7731.7432583514
7731.7432583514
7731.7432583514
7731.7432583514
7731.7432583514
7731.7432583514
7731.7432583514
7731.7432583514
7731.7432583514
7731.7432583514
7731.7432583514
7731.7432583514
7731.7432583514
7731.7432583514
7731.7432583514
7731.7432583514
7731.7432583514
7731.7432583514
7731.7432583514
7731.7432583514
7731.7432583514
7731.7432583514
7731.7432583514
7731.7432583514
7731.7432583514
7731.7432583514
7731.7432583514
7731.7432583514
7731.7432583514
7731.7432583514
7731.7432583514
7731.7432583514
7731.7432583514
7731.75506230291
7731.83111783184
7731.83111783184
7731.83111783184
7731.83111783184
7731.83111783184
7731.83111783184
7731.83111783184
7731.83111783184
7731.83111783184
7731.83111783184
7731.83111783184
7731.83111783184
7731.83111783184
7731.83111783184
7731.83111783184
7731.83111783184
7731.83111783184
7731.83111783184
7731.83111783184
7731.83111783184
7731.83111783184
7731.83111783184
7731.83111783184

