2642.52357802111
2773.43944484893
2885.7753645067
2990.44266234817
3063.64875707488
3099.35140356243
3114.93310095569
3140.22445277367
3169.38366341816
3207.13312516418
3228.34501829396
3239.29267762713
3273.21820787295
3284.72605066326
3294.26381583147
3306.23092198542
3310.04049242677
3313.01496834715
3337.51946049858
3363.84543072169
3365.91850364613
3372.97085034196
3375.95384802779
3381.58874741734
3387.51388326887
3390.19448163697
3407.1649140975
3409.87483682114
3412.4932497217
3418.03398249513
3440.77491175962
3440.77491175962
3443.53351155516
3444.74060425271
3446.12808075681
3450.22770213898
3451.72258672829
3454.53171090593
3454.53171090593
3457.34481154869
3471.98801557601
3479.23188996587
3489.313490919
3489.313490919
3489.31634515254
3490.28856075512
3509.29992584322
3509.29992584322
3515.43291183955
3520.13498162863
3522.58163825951
3528.41995689439
3538.06464680307
3544.44019943006
3544.44019943006
3548.20309102703
3548.20309102703
3548.20309102703
3548.20309102703
3548.20309102703
3548.20309102703
3548.20309102703
3548.20309102703
3548.20309102703
3556.49158652587
3561.08562477182
3561.8127862173
3564.36872506426
3567.99692001357
3567.99692001357
3572.04528203427
3575.33291876058
3577.6880015469
3584.82474728109
3588.41338510865
3591.57293626283
3591.57293626283
3593.11131073221
3593.53352781543
3597.02476396113
3599.46640744141
3599.46640744141
3601.75048101799
3602.47617114607
3603.12695345473
3603.59241945082
3603.59241945082
3603.59241945082
3603.59241945082
3603.59241945082
3603.59241945082
3603.59241945082
3603.59241945082
3604.49365957485
3604.49365957485
3604.49365957485
3604.49365957485
3604.83696645537
3604.83696645537
3605.27136507214
3606.70617800624
3607.56697456415
3607.56697456415
3609.57475845876
3609.57475845876
3620.96874806362
3622.92759290298
3627.639112723
3631.74755300045
3634.93056603602
3634.93056603602
3645.53286024992
3645.53286024992
3647.44475744125
3650.23780009062
3650.23780009062
3654.85281559334
3654.85281559334
3660.82325808103
3661.72597198745
3661.72597198745
3662.82359377587
3663.11431260242
3663.11431260242
3663.11431260242
3663.11431260242
3667.32118036
3667.32118036
3674.93743158835
3674.93743158835
3678.89086440579
3680.47535255454
3681.16445962746
3681.16445962746
3681.16445962746
3681.16445962746
3681.16445962746
3681.16445962746
3682.42650053782
3682.42650053782
3682.42650053782
3682.42650053782
3682.42650053782
3684.03930517791
3684.03930517791
3684.03930517791
3684.03930517791
3684.03930517791
3684.03930517791
3684.03930517791
3684.03930517791
3684.03930517791
3684.03930517791
3684.03930517791
3686.96028711146
3688.20233944841
3688.20233944841
3693.33093421843
3693.33093421843
3693.33093421843
3693.33093421843
3693.33093421843
3703.26931275507
3703.26931275507
3703.26931275507
3703.26931275507
3703.26931275507
3703.87526888058
3703.87526888058
3703.87526888058
3708.12785058197
3708.12785058197
3709.75454337794
3714.37253440491
3714.37253440491
3714.37253440491
3714.37253440491
3714.37253440491
3714.37253440491
3714.37253440491
3714.37253440491
3714.37253440491
3714.37253440491
3714.37253440491
3714.37253440491
3716.69746281988
3716.69746281988
3716.69746281988
3716.69746281988
3716.69746281988
3716.69746281988
3716.69746281988
3716.69746281988
3716.69746281988
3716.69746281988
3716.69746281988
3716.69746281988
3716.69746281988
3716.69746281988
3716.69746281988
3716.69746281988
3716.69746281988
3716.69746281988
3716.69746281988
3716.69746281988
3716.69746281988
3716.69746281988
3719.36850633792
3719.63275497851
3719.63275497851
3719.63275497851
3720.78956902037
3720.78956902037
3723.50835105941
3723.50835105941
3723.50835105941
3723.50835105941
3728.10168648145
3728.10168648145
3732.32736891728
3735.57908515699
3736.40560210616
3741.40281844585
3741.40281844585
3741.40281844585
3741.40281844585
3742.92944352125
3744.17352830516
3744.17352830516
3744.17352830516
3744.17352830516
3744.17352830516
3744.17352830516
3744.17352830516
3744.17352830516
3744.17352830516
3744.17352830516
3744.17352830516
3744.17352830516
3744.86086173846
3744.86086173846
3744.86086173846
3744.86086173846
3744.86086173846
3744.86086173846
3744.86843092352
3744.86843092352
3744.86843092352
3744.86843092352
3744.86843092352
3744.86843092352
3744.86843092352
3744.86843092352
3744.86843092352
3744.86843092352
3744.86843092352
3746.64766380978
3746.93707533947
3746.93707533947
3747.20430510437
3747.20430510437
3747.20430510437
3747.20430510437
3747.20430510437
3747.20430510437
3747.20430510437
3749.45553338591
3749.55515591032
3750.68498531434
3750.70203078804
3754.53899059803
3757.04481284779
3757.77722654
3757.77722654
3757.77722654
3757.77722654
3757.77722654
3757.77722654
3757.77722654
3757.77722654
3757.77722654
3757.77722654
3757.77722654
3757.77722654
3757.77722654
3757.77722654
3757.77722654
3757.77722654
3757.77722654
3757.93895570661
3757.93895570661
3757.93895570661
3757.93895570661
3757.93895570661
3757.93895570661
3759.10711944104
3759.70800830863
3759.70800830863
3759.70800830863
3761.92969272785
3763.60670672823
3763.60670672823
3763.60670672823
3763.60670672823
3763.60670672823
3763.60670672823
3763.60670672823
3763.60670672823
3763.60670672823
3763.60670672823
3763.60670672823
3763.60670672823
3763.60670672823
3763.60670672823
3763.60670672823
3765.81010148849
3765.81010148849
3765.81010148849
3765.81010148849
3765.81010148849
3765.81010148849
3766.75473071182
3766.75473071182
3766.75473071182
3766.75473071182
3766.75473071182
3766.75473071182
3766.75473071182
3767.60917302624
3767.60917302624
3767.60917302624
3767.60917302624
3767.60917302624
3767.60917302624
3767.60917302624
3767.60917302624
3767.60917302624
3767.60917302624
3767.60917302624
3767.60917302624
3769.61819041392
3771.44304813401
3771.44304813401
3772.80035741411
3774.58643523409
3774.58643523409
3774.58643523409
3774.58643523409
3774.58643523409
3776.67472379916
3777.90662239596
3777.90662239596
3777.90662239596
3777.90662239596
3777.90662239596
3779.75302101091
3779.75302101091
3779.75302101091
3779.75302101091
3779.75302101091
3779.75302101091
3779.75302101091
3779.75302101091
3779.75302101091
3779.75302101091
3779.75302101091
3779.75302101091
3779.75302101091
3779.75302101091
3779.75302101091
3779.75302101091
3779.75302101091
3779.75302101091
3782.62824509824
3782.62824509824
3782.62824509824
3782.62824509824
3782.62824509824
3782.62824509824
3782.62824509824
3782.62824509824
3782.62824509824
3782.62824509824
3782.62824509824
3785.02445407625
3787.96280111519
3787.96280111519
3787.96280111519
3787.96280111519
3787.96280111519
3787.96280111519
3788.9002936066
3788.9002936066
3788.9002936066
3788.9002936066
3788.9002936066
3788.9002936066
3788.9002936066
3788.9002936066
3788.9002936066
3788.9002936066
3788.9002936066
3788.9002936066
3788.9002936066
3788.9002936066
3788.9002936066
3788.9002936066
3788.9002936066
3788.9002936066
3788.9002936066
3788.9002936066
3788.9002936066
3788.9002936066
3788.9002936066
3788.9002936066
3788.9002936066
3788.9002936066
3788.9002936066
3788.9002936066
3788.9002936066
3788.9002936066
3792.3966914873
3792.3966914873
3792.3966914873
3792.3966914873
3792.3966914873
3792.3966914873
3792.3966914873
3792.3966914873
3792.3966914873
3792.3966914873
3792.3966914873
3792.3966914873
3792.3966914873
3792.3966914873
3792.3966914873
3792.3966914873
3793.30580681807
3793.5245120285
3793.5245120285
3796.38228614926
3796.55232720082
3796.55232720082
3796.55232720082
3796.55232720082
3796.55232720082
3796.55232720082
3796.55232720082
3796.55232720082
3796.55232720082
3799.29055256043
3801.10420535695
3801.10420535695
3801.10420535695
3801.10420535695
3801.10420535695
3801.10420535695
3801.10420535695
3801.10420535695
3810.82574734412
3810.82574734412
3810.82574734412
3810.82574734412
3810.82574734412
3810.82574734412
3810.82574734412
3810.82574734412
3810.82574734412
3810.82574734412
3812.30294447711
3817.50451626604
3817.50451626604
3817.50451626604
3817.50451626604
3817.50451626604
3817.50451626604
3817.50451626604
3817.50451626604
3817.50451626604
3817.50451626604
3817.50451626604
3817.50451626604
3817.50451626604
3817.50451626604
3817.50451626604
3817.50451626604
3817.50451626604
3817.50451626604
3817.50451626604
3817.50451626604
3817.50451626604
3817.50451626604
3817.50451626604
3817.50451626604
3817.50451626604
3817.50451626604
3817.50451626604
3817.50451626604
3817.50451626604
3817.50451626604
3817.50451626604
3817.50451626604
3817.50451626604
3818.2811515212
3818.2811515212
3818.2811515212
3818.2811515212
3818.2811515212
3818.2811515212
3818.2811515212
3818.2811515212
3818.2811515212
3818.2811515212
3818.39349383002
3820.15866810305
3820.15866810305
3820.32636814984
3820.32636814984
3820.32636814984
3820.32636814984
3820.32636814984
3820.32636814984
3820.32636814984
3820.32636814984
3820.32636814984
3820.32636814984
3820.32636814984
3820.32636814984
3820.32636814984
3820.32636814984
3820.32636814984
3820.32636814984
3820.32636814984
3820.32636814984
3820.32636814984
3820.32636814984
3820.32636814984
3820.32636814984
3822.92230947721
3822.92230947721
3822.92230947721
3827.71231702305
3828.44258562673
3828.44258562673
3828.44258562673
3828.44258562673
3828.44258562673
3828.44258562673
3828.44258562673
3828.44258562673
3828.44258562673
3828.44258562673
3829.88584817413
3829.88584817413
3829.88584817413
3829.88584817413
3829.88584817413
3829.88584817413
3829.88584817413
3829.88584817413
3829.88584817413
3829.88584817413
3829.88584817413
3829.88584817413
3829.88584817413
3829.88584817413
3829.88584817413
3829.88584817413
3830.16905853597
3830.16905853597
3830.16905853597
3830.19153869442
3830.19153869442
3830.19153869442
3830.19153869442
3830.19153869442
3830.19153869442
3832.00022787634
3832.00022787634
3832.00022787634
3832.00022787634
3832.00022787634
3832.00022787634
3832.00022787634
3832.00022787634
3832.00022787634
3832.00022787634
3832.00022787634
3832.00022787634
3832.00022787634
3832.00022787634
3832.00022787634
3832.00022787634
3832.00022787634
3832.00022787634
3832.00022787634
3832.00022787634
3832.00022787634
3832.00022787634
3832.00022787634
3832.00022787634
3832.00022787634
3832.00022787634
3832.00022787634
3832.00022787634
3832.22226797152
3832.22226797152
3832.22226797152
3832.78541272558
3832.79924107813
3832.79924107813
3832.79924107813
3832.79924107813
3832.79924107813
3832.79924107813
3832.79924107813
3832.79924107813
3832.79924107813
3832.79924107813
3832.79924107813
3832.79924107813
3832.79924107813
3832.79924107813
3832.79924107813
3832.79924107813
3832.79924107813
3832.79924107813
3832.79924107813
3832.79924107813
3832.79924107813
3832.79924107813
3834.15221283918
3834.15221283918
3834.15221283918
3834.15221283918
3834.15221283918
3834.26950717923
3834.27194434611
3834.44925881802
3834.44925881802
3834.44925881802
3834.44925881802
3834.44925881802
3834.44925881802
3834.44925881802
3834.44925881802
3834.44925881802
3834.44925881802
3834.44925881802
3834.44925881802
3834.44925881802
3834.44925881802
3834.44925881802
3834.44925881802
3834.44925881802
3834.44925881802
3834.44925881802
3834.44925881802
3834.44925881802
3834.44925881802
3834.44925881802
3834.44925881802
3834.44925881802
3834.44925881802
3834.44925881802
3834.44925881802
3834.44925881802
3834.44925881802
3834.44925881802
3834.44925881802
3834.92786392026
3834.92786392026
3834.92786392026
3834.92786392026
3834.92786392026
3834.92786392026
3834.92786392026
3834.92786392026
3835.4602902948
3835.5551548034
3835.5551548034
3835.5551548034
3835.5551548034
3835.5551548034
3835.5551548034
3837.79303998678
3837.79303998678
3837.79303998678
3837.79303998678
3837.79303998678
3837.79303998678
3837.79303998678
3837.79303998678
3837.79303998678
3837.79303998678
3837.79303998678
3837.79303998678
3837.79303998678
3837.79303998678
3837.79303998678
3837.79303998678
3837.79303998678
3837.79303998678
3837.79303998678
3839.0693600234
3841.11138606509
3841.11138606509
3841.11138606509
3842.55720873697
3842.55720873697
3842.55720873697
3842.55720873697
3842.55720873697
3842.55720873697
3842.55720873697
3842.55720873697
3842.55720873697
3842.55720873697
3842.55720873697
3842.55720873697
3842.55720873697
3842.55720873697
3842.55720873697
3842.55720873697
3842.55720873697
3842.55720873697
3842.55720873697
3842.55720873697
3842.55720873697
3842.55720873697
3842.55720873697
3846.81570911737
3846.81570911737
3846.81570911737
3846.94489508903
3846.94489508903
3846.94489508903
3854.25428499862
3854.25428499862
3854.25428499862
3854.25428499862
3854.25428499862
3854.25428499862
3854.25428499862
3854.25428499862
3854.25428499862
3854.25428499862
3856.39290325184
3856.39290325184
3856.39290325184
3856.39290325184
3856.39290325184
3856.39290325184
3856.39290325184
3856.39290325184
3856.39290325184
3856.39290325184
3856.39290325184
3863.76660028905
3863.76660028905
3863.76660028905
3863.76660028905
3863.76660028905
3863.76660028905
3863.76660028905
3863.76660028905
3864.83971229754
3864.83971229754
3864.83971229754
3864.83971229754
3864.83971229754
3864.83971229754
3864.83971229754
3864.83971229754
3864.83971229754
3864.83971229754
3864.83971229754
3864.83971229754
3864.83971229754
3864.83971229754
3864.83971229754
3864.83971229754
3864.83971229754
3864.83971229754
3864.83971229754
3864.83971229754
3864.83971229754
3864.83971229754
3864.83971229754
3864.83971229754
3868.70231347976
3868.71961983712
3868.71961983712
3868.71961983712
3868.71961983712
3868.71961983712
3868.71961983712
3868.71961983712
3868.71961983712
3868.71961983712
3868.71961983712
3868.71961983712
3868.71961983712
3868.71961983712
3868.71961983712
3868.71961983712
3868.71961983712
3868.71961983712
3868.71961983712
3868.71961983712
3868.71961983712
3871.18439665121
3871.18439665121
3871.18439665121
3871.18439665121
3871.18439665121
3871.18439665121
3871.18439665121
3871.18439665121
3871.18439665121
3871.18439665121
3871.18439665121
3871.18439665121
3871.18439665121
3871.18439665121
3871.18439665121
3871.18439665121
3871.18439665121
3871.18439665121
3871.18439665121
3871.18439665121
3874.82633262245
3874.82633262245
3874.82633262245
3874.82633262245
3874.82633262245
3874.82633262245
3874.82633262245
3874.82633262245
3874.82633262245
3874.82633262245
3874.82633262245
3874.82633262245
3874.82633262245
3874.82633262245
3874.82633262245
3880.14217359319
3880.15373086371
3880.15373086371
3880.15373086371
3880.15373086371
3880.15373086371
3880.15373086371
3880.15373086371
3880.15373086371
3880.86544598733
3880.86544598733
3880.86544598733
3880.86544598733
3880.86544598733
3880.86544598733
3880.86544598733
3880.86544598733
3880.86544598733
3880.86544598733
3880.86544598733
3880.86544598733
3880.86544598733
3880.86544598733
3880.86544598733
3880.86544598733
3880.86544598733
3880.86544598733
3880.86544598733
3880.86544598733
3880.86544598733
3880.86544598733
3880.86544598733
3880.86544598733
3880.86544598733
3880.86544598733
3880.86544598733
3880.86544598733
3880.86544598733
3880.86544598733
3880.86544598733
3880.86544598733
3880.86544598733
3880.86544598733
3880.86544598733
3880.86544598733
3880.86544598733
3880.86544598733
3880.86544598733
3880.86544598733
3880.86544598733
3880.86544598733
3880.86544598733
3880.86544598733
3880.86544598733
3884.73329618078
3884.73329618078
3884.73329618078
3884.73329618078
3884.73329618078
3884.73329618078
3884.73329618078
3884.73329618078
3884.73329618078
3884.73329618078
3884.73329618078
3884.73329618078
3884.73329618078
3884.73329618078
3884.73329618078
3884.94195178175
3884.94195178175
3884.94195178175
3884.94195178175
3884.94195178175
3884.94195178175
3884.94195178175
3884.94195178175
3884.94195178175
3884.94195178175
3884.94195178175
3884.94195178175
3884.94195178175
3884.94195178175
3884.94195178175
3884.94195178175
3884.94195178175
3884.94195178175
3884.94195178175
3888.51950212335
3888.51950212335
3888.51950212335
3888.51950212335
3888.51950212335
3888.51950212335
3888.51950212335
3888.51950212335
3888.51950212335
3888.51950212335
3888.51950212335
3888.51950212335
3888.51950212335
3888.51950212335
3888.51950212335
3888.51950212335
3888.51950212335
3888.51950212335
3888.51950212335
3888.53331551448
3888.53331551448
3891.74262000049
3893.68312194899
3894.55154913789
3894.55154913789
3894.55154913789
3894.55154913789
3894.55154913789
3894.55154913789
3894.55154913789
3894.55154913789
3894.55154913789
3894.55154913789
3894.55154913789
3894.55154913789
3894.55154913789
3894.55154913789
3894.55154913789
3894.87232072517
3895.3748752499
3895.3748752499
3895.3748752499
3895.3748752499
3895.3748752499
3895.3748752499
3895.3748752499
3895.3748752499
3895.3748752499
3895.3748752499
3895.3748752499
3895.3748752499
3895.3748752499
3895.3748752499
3895.3748752499
3895.3748752499
3895.3748752499
3895.3748752499
3895.3748752499
3895.3748752499
3895.3748752499
3895.3748752499
3895.3748752499
3895.3748752499
3895.3748752499
3895.3748752499
3895.3748752499
3895.3748752499
3895.3748752499
3895.3748752499
3895.3748752499
3895.3748752499
3896.34025041004
3896.34025041004
3896.34025041004
3896.34025041004
3896.34025041004
3896.34025041004
3896.34025041004
3896.34025041004
3896.34025041004
3896.34025041004
3896.34025041004
3896.34025041004
3896.34025041004
3896.34025041004
3896.34025041004
3896.34025041004
3896.34025041004
3896.34025041004
3896.34025041004
3896.34025041004
3896.34025041004
3896.34025041004
3896.34025041004
3896.34025041004
3896.34025041004
3896.34025041004
3896.34025041004
3896.34025041004
3896.34025041004
3896.34025041004
3896.34025041004
3896.34025041004
3896.34025041004
3896.34025041004
3896.34025041004
3896.34025041004
3896.34025041004
3896.34025041004
3896.34025041004
3896.34025041004
3896.34025041004
3896.34025041004
3896.34025041004
3896.34025041004
3896.34025041004
3896.34025041004
3896.34025041004
3896.34025041004
3896.34025041004
3896.34025041004
3896.34025041004
3896.34025041004
3896.34025041004
3896.34025041004
3896.34025041004
3896.34025041004
3896.34025041004
3896.34025041004
3896.34025041004
3896.34025041004
3896.34025041004
3896.34025041004
3896.34025041004
3896.34025041004
3896.34025041004
3896.34025041004
3896.34025041004
3896.34025041004
3896.34025041004
3896.34025041004
3896.34025041004
3896.34025041004
3896.34025041004
3896.34025041004
3896.34025041004
3896.34025041004
3896.34025041004
3896.34025041004
3896.34025041004
3896.34025041004
3896.34025041004
3896.34025041004
3896.34025041004
3896.34025041004
3896.34025041004
3896.34025041004
3896.34025041004
3896.34025041004
3896.34025041004
3896.34025041004
3896.34025041004
3896.34025041004
3896.34025041004
3896.34025041004
3896.34025041004
3896.34025041004
3896.34025041004
3896.34025041004
3896.34025041004
3896.34025041004
3896.34025041004
3896.34025041004
3896.34025041004
3896.34025041004
3896.34025041004
3896.34025041004
3896.34025041004
3896.34025041004
3896.34025041004
3896.34025041004
3896.34025041004
3896.34025041004
3896.34025041004
3896.34025041004
3896.34025041004
3896.34025041004
3896.34025041004
3896.34025041004
3896.34025041004
3896.34025041004
3896.34025041004
3896.34025041004
3896.34025041004
3896.34025041004
3896.34025041004
3896.34025041004
3898.66457463097
3900.15906980126
3900.15906980126
3900.15906980126
3900.15906980126
3900.15906980126
3900.15906980126
3900.15906980126
3900.15906980126
3900.15906980126
3900.15906980126
3900.15906980126
3900.15906980126
3900.15906980126
3900.15906980126
3900.15906980126
3900.15906980126
3900.15906980126
3900.15906980126
3900.15906980126
3900.15906980126
3900.15906980126
3900.15906980126
3900.15906980126
3900.15906980126
3900.15906980126
3900.15906980126
3900.15906980126
3900.15906980126
3900.15906980126
3900.15906980126
3900.15906980126
3900.15906980126
3900.15906980126
3900.15906980126
3900.15906980126
3900.15906980126
3900.15906980126
3900.15906980126
3900.15906980126
3900.15906980126
3900.15906980126
3900.15906980126
3900.15906980126
3900.15906980126
3900.15906980126
3900.15906980126
3900.15906980126
3900.15906980126
3900.15906980126
3900.15906980126
3900.15906980126
3900.15906980126
3900.15906980126
3900.15906980126
3900.15906980126
3900.15906980126
3900.15906980126
3900.15906980126
3900.15906980126
3900.15906980126
3900.15906980126
3902.61263772262
3902.8843526109
3902.88573928152
3902.88573928152
3902.88573928152
3902.88573928152
3902.88573928152
3902.88573928152
3902.88573928152
3902.88573928152
3902.88573928152
3902.88573928152
3902.88573928152
3902.88573928152
3902.88573928152
3902.88573928152
3902.88573928152
3902.88573928152
3902.88573928152
3903.91887033873
3904.83415626736
3904.83415626736
3904.83415626736
3904.83415626736
3904.83415626736
3904.83415626736
3904.83415626736
3904.83415626736
3904.83415626736
3904.83415626736
3904.83415626736
3904.83415626736
3904.83415626736
3904.83415626736
3904.83415626736
3904.99023236485
3904.99023236485
3904.99023236485
3904.99023236485
3904.99023236485
3904.99023236485
3904.99023236485
3906.95210463765
3906.95210463765
3906.95210463765
3906.95210463765
3906.95210463765
3906.95210463765
3907.84188133993
3907.84188133993
3907.84188133993
3907.84188133993
3907.84188133993
3907.84188133993
3907.84188133993
3907.84188133993
3907.84188133993
3907.84188133993
3907.84188133993
3907.84188133993
3907.84188133993
3907.84188133993
3907.84188133993
3907.84188133993
3907.84188133993
3907.84188133993
3907.84188133993
3907.84188133993
3907.84188133993
3907.84188133993
3907.84188133993
3907.84188133993
3907.84188133993
3907.84188133993
3907.84188133993
3907.84188133993
3907.84188133993
3907.84188133993
3907.84188133993
3907.84188133993
3907.84188133993
3907.84188133993
3907.84188133993
3907.84188133993
3919.04628825385
3919.04628825385
3919.04628825385
3919.04628825385
3919.04628825385
3919.04628825385
3919.04628825385
3919.04628825385
3919.04628825385
3919.04628825385
3919.04628825385
3919.04628825385
3919.04628825385
3919.04628825385
3919.04628825385
3919.04628825385
3919.04628825385
3919.04628825385
3919.04628825385
3919.04628825385
3926.64390597273
3927.15780240129
3927.15780240129
3927.15780240129
3927.15780240129
3927.15780240129
3927.15780240129
3927.15780240129
3932.63757434056
3933.25224468952
3933.25224468952
3933.25224468952
3933.25224468952
3933.25224468952
3933.25224468952
3933.25224468952
3933.25224468952
3933.25224468952
3933.25224468952
3933.25224468952
3933.25224468952
3933.25224468952
3933.25224468952
3933.25224468952
3933.25224468952
3933.25224468952
3933.25224468952
3933.25224468952
3933.25224468952
3933.25224468952
3933.25224468952
3933.25224468952
3933.25224468952
3933.25224468952
3933.25224468952
3933.25224468952
3933.25224468952
3933.80967998074
3935.52580125051
3935.52580125051
3935.52580125051
3935.52580125051
3935.52580125051
3935.52580125051
3935.52580125051
3935.52580125051
3935.52580125051
3935.52580125051
3935.52580125051
3935.52580125051
3935.52580125051
3935.52580125051
3935.52580125051
3935.52580125051
3935.52580125051
3935.52580125051
3935.52580125051
3935.52580125051
3935.52580125051
3935.52580125051
3935.52580125051
3935.52580125051
3935.52580125051
3935.52580125051
3935.52580125051
3935.52580125051
3935.52580125051
3935.52580125051
3935.52580125051
3935.52580125051
3935.52580125051
3935.52580125051
3935.52580125051
3937.28977175203
3937.28977175203
3937.28977175203
3937.28977175203
3937.28977175203
3937.28977175203
3937.28977175203
3937.28977175203
3937.28977175203
3937.28977175203
3937.28977175203
3937.28977175203
3937.28977175203
3937.28977175203
3937.28977175203
3937.28977175203
3937.28977175203
3937.28977175203
3937.28977175203
3937.28977175203
3937.28977175203
3937.28977175203
3937.28977175203
3937.28977175203
3937.28977175203
3937.28977175203
3937.28977175203
3937.28977175203
3937.28977175203
3937.28977175203
3937.28977175203
3937.28977175203
3937.28977175203
3937.28977175203
3937.28977175203
3937.28977175203
3937.28977175203
3937.28977175203
3937.28977175203
3937.28977175203
3937.28977175203
3937.28977175203
3937.28977175203
3937.28977175203
3937.28977175203
3937.28977175203
3937.28977175203
3937.28977175203
3937.28977175203
3937.28977175203
3937.28977175203
3937.28977175203
3937.28977175203
3942.45645881552
3943.49960095269
3943.49960095269
3943.49960095269
3943.49960095269
3944.40975298866
3944.40975298866
3944.40975298866
3944.40975298866
3944.40975298866
3944.40975298866
3944.40975298866
3944.40975298866
3944.40975298866
3944.40975298866
3944.40975298866
3944.40975298866
3944.40975298866
3944.40975298866
3944.40975298866
3944.40975298866
3944.40975298866
3944.40975298866
3944.40975298866
3944.40975298866
3944.40975298866
3944.40975298866
3944.40975298866
3944.40975298866
3944.40975298866
3944.40975298866
3944.40975298866
3944.40975298866
3944.40975298866
3944.40975298866
3944.40975298866
3944.40975298866
3944.40975298866
3944.40975298866
3944.40975298866
3944.40975298866
3944.40975298866
3944.40975298866
3944.40975298866
3944.40975298866
3944.40975298866
3944.40975298866
3946.52022778427
3946.52022778427
3946.52022778427
3946.52022778427
3946.52022778427
3946.52022778427
3946.52022778427
3946.52022778427
3946.52022778427
3946.52022778427
3946.52022778427
3946.52022778427
3946.52022778427
3946.52022778427
3946.52022778427
3946.52022778427
3946.52022778427
3946.52022778427
3946.52022778427
3946.52022778427
3946.52022778427
3946.52022778427
3946.52022778427
3946.52022778427
3946.52022778427
3946.52022778427
3946.52022778427
3946.52022778427
3946.52022778427
3946.52022778427
3946.52022778427
3946.52022778427
3946.52022778427
3946.52022778427
3946.52022778427
3946.52022778427
3946.52022778427
3946.52022778427
3946.52022778427
3946.52022778427
3946.52022778427
3946.52022778427
3946.52022778427
3946.52022778427
3946.52022778427
3946.52022778427
3946.52022778427
3946.52022778427
3946.52022778427
3946.52022778427
3946.52022778427
3947.26985514753
3947.26985514753
3947.26985514753
3947.26985514753
3947.26985514753
3947.26985514753
3947.26985514753
3947.26985514753
3947.26985514753
3947.26985514753
3947.26985514753
3947.26985514753
3947.26985514753
3947.26985514753
3947.26985514753
3947.26985514753
3947.26985514753
3947.26985514753
3947.26985514753
3947.70520865222
3947.70520865222
3947.70520865222
3947.70520865222
3947.70520865222
3947.70520865222
3947.70520865222
3947.70520865222
3947.70520865222
3947.70520865222
3947.70520865222
3947.70520865222
3947.70520865222
3947.70520865222
3947.70520865222
3947.70520865222
3947.70520865222
3947.70520865222
3947.70520865222
3947.70520865222
3947.70520865222
3947.70520865222
3947.70520865222
3947.70520865222
3947.70520865222
3947.70520865222
3947.70520865222
3947.70520865222
3947.70520865222
3947.70520865222
3947.70520865222
3949.78369642459
3949.78369642459
3949.78369642459
3949.78369642459
3949.78369642459
3949.78369642459
3949.78369642459
3949.78369642459
3949.78369642459
3949.78369642459
3949.78369642459
3949.78369642459
3949.78369642459
3949.78369642459
3949.78369642459
3949.78369642459
3949.78369642459
3950.24021632136
3950.24021632136
3950.24021632136
3950.24021632136
3950.24021632136
3950.24021632136
3950.24021632136
3950.24021632136
3950.24021632136
3950.24021632136
3950.24021632136
3950.24021632136
3950.24021632136
3950.24021632136
3950.24021632136
3950.24021632136
3950.24021632136
3950.24021632136
3950.24021632136
3950.24021632136
3951.37672521672
3951.37672521672
3951.37672521672
3951.37672521672
3951.37672521672
3951.37672521672
3951.37672521672
3951.37672521672
3951.37672521672
3951.37672521672
3951.37672521672
3951.37672521672
3951.37672521672
3951.37672521672
3951.37672521672
3951.37672521672
3951.37672521672
3951.37672521672
3951.37672521672
3951.37672521672
3951.37672521672
3951.37672521672
3951.37672521672
3951.37672521672
3951.37672521672
3951.37672521672
3951.37672521672
3951.37672521672
3951.37672521672
3951.37672521672
3951.37672521672
3951.37672521672
3951.37672521672
3951.37672521672
3951.37672521672
3951.37672521672
3951.37672521672
3951.37672521672
3951.37672521672
3951.37672521672
3951.37672521672
3951.37672521672
3951.37672521672
3951.37672521672
3951.37672521672
3951.37672521672
3951.37672521672
3951.37672521672
3951.37672521672
3951.37672521672
3951.37672521672
3951.37672521672
3951.37672521672
3951.37672521672
3951.37672521672
3951.37672521672
3951.37672521672
3951.37672521672
3951.37672521672
3951.37672521672
3951.37672521672
3951.37672521672
3951.37672521672
3951.37672521672
3951.37672521672
3951.37672521672
3951.37672521672
3951.37672521672
3951.37672521672
3951.37672521672
3951.37672521672
3951.37672521672
3951.37672521672
3951.37672521672
3951.37672521672
3951.37672521672
3951.37672521672
3951.37672521672
3951.37672521672
3951.37672521672
3951.37672521672
3951.37672521672
3951.37672521672
3951.37672521672
3951.37672521672
3951.37672521672
3951.37672521672
3951.37672521672
3951.37672521672
3951.37672521672
3951.37672521672
3951.37672521672
3951.37672521672
3951.37672521672
3951.37672521672
3951.37672521672
3951.37672521672
3951.37672521672
3951.37672521672
3951.37672521672
3951.37672521672
3951.37672521672
3951.37672521672
3951.37672521672
3951.37672521672
3951.37672521672
3951.37672521672
3951.37672521672
3951.37672521672
3951.37672521672
3951.37672521672
3951.37672521672
3951.37672521672
3951.37672521672
3951.37672521672
3951.37672521672
3951.37672521672
3951.37672521672
3951.37672521672
3951.37672521672
3951.37672521672
3951.37672521672
3951.37672521672
3951.37672521672
3951.37672521672
3951.37672521672
3951.37672521672
3951.37672521672
3951.37672521672
3951.37672521672
3951.37672521672
3951.37672521672
3951.37672521672
3951.37672521672
3951.37672521672
3951.37672521672
3951.37672521672
3951.37672521672
3951.37672521672
3951.37672521672
3951.37672521672
3951.37672521672
3951.37672521672
3951.37672521672
3951.37672521672
3951.37672521672
3951.37672521672
3951.37672521672
3951.37672521672
3951.37672521672
3951.37672521672
3951.37672521672
3951.37672521672
3951.37672521672
3951.37672521672
3951.72353223349
3951.72353223349
3951.72353223349
3951.72353223349
3951.72353223349
3951.72353223349
3951.72353223349
3951.72353223349
3951.72353223349
3951.72353223349
3951.72353223349
3951.72353223349
3951.72353223349
3951.72353223349
3951.72353223349
3951.72353223349
3951.72353223349
3951.72353223349
3951.72353223349
3951.72353223349
3951.72353223349
3951.72353223349
3951.72353223349
3951.72353223349
3951.72353223349
3951.72353223349
3951.72353223349
3951.72353223349
3951.72353223349
3951.72353223349
3951.72353223349
3951.72353223349
3951.72353223349
3951.72353223349
3951.72353223349
3951.72353223349
3951.72353223349
3951.72353223349
3951.72353223349
3951.72353223349
3951.72353223349
3951.72353223349
3951.72353223349
3951.72353223349
3951.72353223349
3951.72353223349
3951.72353223349
3951.72353223349
3951.72353223349
3951.72353223349
3951.72353223349
3951.72353223349
3951.72353223349
3951.72353223349
3953.4725393394
3954.68732576359
3954.68732576359
3954.68732576359
3954.68732576359
3954.68732576359
3954.68732576359
3954.68732576359
3954.68732576359
3954.68732576359
3954.68732576359
3954.68732576359
3954.68732576359
3954.68732576359
3954.68732576359
3954.68732576359
3954.68732576359
3959.10408783497
3959.10408783497
3959.10408783497
3959.10408783497
3959.10408783497
3959.10408783497
3959.10408783497
3959.10408783497
3959.10408783497
3959.10408783497
3959.10408783497
3959.10408783497
3959.10408783497
3959.10408783497
3959.10408783497
3959.10408783497
3959.10408783497
3959.10408783497
3959.10408783497
3959.10408783497
3959.10408783497
3959.10408783497
3959.10408783497
3959.10408783497
3959.10408783497
3959.10408783497
3959.10408783497
3959.10408783497
3959.10408783497
3959.10408783497
3959.10408783497
3959.10408783497
3959.10408783497
3959.10408783497
3959.10408783497
3959.13903549658
3959.13903549658
3959.13903549658
3959.13903549658
3959.13903549658
3959.13903549658
3959.13903549658
3959.13903549658
3959.13903549658
3959.13903549658
3959.13903549658
3959.13903549658
3959.13903549658
3959.13903549658
3959.13903549658
3959.13903549658
3959.13903549658
3959.13903549658
3959.13903549658
3959.13903549658
3959.13903549658
3959.13903549658
3959.13903549658
3959.13903549658
3959.13903549658
3959.13903549658
3959.13903549658
3959.13903549658
3959.13903549658
3962.64031198424
3962.64031198424
3962.64031198424
3962.64031198424
3962.64031198424
3962.64031198424
3962.64031198424
3962.64031198424
3962.64031198424
3962.64031198424
3962.64031198424
3962.64031198424
3962.64031198424
3962.64031198424
3962.64031198424
3962.64031198424
3962.64031198424
3962.64031198424
3962.64031198424
3962.64031198424
3962.64031198424
3962.64031198424
3962.64031198424
3962.64031198424
3962.64031198424
3962.64031198424
3962.64031198424
3962.64031198424
3962.64031198424
3962.64031198424
3962.64031198424
3962.64031198424
3962.64031198424
3962.64031198424
3962.64031198424
3962.64031198424
3962.64031198424
3962.64031198424
3962.64031198424
3962.64031198424
3962.64031198424
3962.64031198424
3962.64031198424
3962.64031198424
3962.64031198424
3962.64031198424
3962.64031198424
3962.64031198424
3962.64031198424
3962.64031198424
3962.64031198424
3962.64031198424
3962.64031198424
3962.64031198424
3962.64031198424
3962.64031198424
3962.64031198424
3962.64031198424
3962.64031198424
3962.64031198424
3962.64031198424
3962.64031198424
3962.64031198424
3962.64031198424
3962.64031198424
3962.64031198424
3962.64031198424
3962.64031198424
3962.64031198424
3962.64031198424
3962.64031198424
3962.64031198424
3962.64031198424
3962.64031198424
3962.64031198424
3962.64031198424
3962.64031198424
3962.64031198424
3962.64031198424
3962.64031198424
3962.64031198424
3962.64031198424
3962.64031198424
3962.64031198424
3962.64031198424
3962.64031198424
3962.64031198424
3962.64031198424
3962.64031198424
3962.64031198424
3962.64031198424
3962.64031198424
3962.64031198424
3962.64031198424
3962.64031198424
3962.64031198424
3962.64031198424
3962.64031198424
3962.64031198424
3962.64031198424
3962.97683615039
3962.97683615039
3962.97683615039
3962.97683615039
3962.97683615039
3962.97683615039
3962.97683615039
3962.97683615039
3962.97683615039
3962.97683615039
3962.97683615039
3962.97683615039
3962.97683615039
3962.97683615039
3962.97683615039
3962.97683615039
3962.97683615039
3962.97683615039
3962.97683615039
3962.97683615039
3962.97683615039
3962.97683615039
3962.97683615039
3962.97683615039
3962.97683615039
3962.97683615039
3962.97683615039
3963.58672263427
3963.58672263427
3963.58672263427
3963.58672263427
3963.58672263427
3963.58672263427
3963.58672263427
3963.58672263427
3966.03668894309
3966.03668894309
3966.03668894309
3966.03668894309
3966.03668894309
3966.03668894309
3966.03668894309
3966.03668894309
3966.03668894309
3966.03668894309
3966.03668894309
3966.03668894309
3966.03668894309
3966.03668894309
3966.03668894309
3966.03668894309
3966.03668894309
3966.03668894309
3966.03668894309
3966.03668894309
3966.03668894309
3966.03668894309
3966.03668894309
3966.03668894309
3966.03668894309
3966.03668894309
3966.03668894309
3966.03668894309
3966.03668894309
3966.03668894309
3966.03668894309
3968.26939304253
3968.90601609562
3968.90601609562
3968.90601609562
3968.90601609562
3968.90601609562
3968.90601609562
3968.90601609562
3968.90601609562
3968.90601609562
3968.90601609562
3968.90601609562
3968.90601609562
3968.90601609562
3968.90601609562
3975.13455254893
3975.13455254893
3975.13455254893
3975.13455254893
3975.13455254893
3975.13455254893
3975.13455254893
3975.13455254893
3975.13455254893
3975.13455254893
3975.13455254893
3975.13455254893
3975.13455254893
3975.13455254893
3975.13455254893
3975.13455254893
3975.13455254893
3975.13455254893
3975.13455254893
3975.13455254893
3975.13455254893
3975.13455254893
3975.13455254893
3975.13455254893
3975.13455254893
3975.13455254893
3975.13455254893
3975.13455254893
3975.13455254893
3975.13455254893
3975.13455254893
3975.13455254893
3975.13455254893
3975.13455254893
3975.13455254893
3975.13455254893
3975.13455254893
3975.13455254893
3975.13455254893
3975.13455254893
3975.13455254893
3975.13455254893
3975.13455254893
3975.13455254893
3975.13455254893
3975.13455254893
3975.13455254893
3975.13455254893
3975.13455254893
3975.13455254893
3975.13455254893
3975.13455254893
3975.13455254893
3975.13455254893
3977.7497284356
3978.08024801331
3978.08024801331
3978.08024801331
3978.08024801331
3978.08024801331
3978.08024801331
3978.08024801331
3978.08024801331
3978.08024801331
3978.08024801331
3978.08024801331
3978.9467240724
3980.3472320301
3980.3472320301
3981.88919725692
3981.88919725692
3981.88919725692
3981.88919725692
3981.88919725692
3981.88919725692
3981.88919725692
3981.88919725692
3981.88919725692
3981.88919725692
3981.88919725692
3981.88919725692
3981.88919725692
3981.88919725692
3981.88919725692
3981.88919725692
3981.88919725692
3981.88919725692
3981.88919725692
3981.88919725692
3981.88919725692
3981.88919725692
3981.88919725692
3984.31850775773
3984.3937471041
3984.3937471041
3984.3937471041
3984.3937471041
3984.3937471041
3984.3937471041
3984.3937471041
3984.3937471041
3984.3937471041
3984.3937471041
3984.3937471041
3984.3937471041
3984.3937471041
3984.3937471041
3984.3937471041
3984.3937471041
3984.3937471041
3984.3937471041
3984.3937471041
3984.3937471041
3984.3937471041
3984.3937471041
3984.3937471041
3984.3937471041
3984.3937471041
3984.3937471041
3984.3937471041
3984.3937471041
3984.3937471041
3986.96623491798
3986.96623491798
3986.96623491798
3986.96623491798
3986.96623491798
3986.96623491798
3986.96623491798
3986.96623491798
3986.96623491798
3986.96623491798
3986.96623491798
3986.96623491798
3986.96623491798
3986.96623491798
3986.96623491798
3986.96623491798
3986.96623491798
3986.96623491798
3986.96623491798
3988.19510493519
3988.19510493519
3988.19510493519
3988.19510493519
3988.19510493519
3988.19510493519
3988.19510493519
3988.49159245472
3988.8369479286
3988.8369479286
3988.8369479286
3988.8369479286
3988.8369479286
3988.8369479286
3988.8369479286
3988.8369479286
3988.8369479286
3988.8369479286
3988.8369479286
3988.8369479286
3988.8369479286
3988.8369479286
3988.8369479286
3989.3346573396
3989.3346573396
3989.3346573396
3989.3346573396
3989.3346573396
3989.3346573396
3989.3346573396
3989.3346573396
3989.3346573396
3989.3346573396
3989.3346573396
3989.3346573396
3989.3346573396
3989.3346573396
3989.3346573396
3989.3346573396
3989.3346573396
3989.3346573396
3989.3346573396
3989.3346573396
3989.3346573396
3989.3346573396
3989.3346573396
3989.3346573396
3989.3346573396
3989.3346573396
3989.3346573396
3989.3346573396
3991.88888396695
3991.89346776152
3991.89346776152
3991.89346776152
3991.89346776152
3991.89346776152
3991.89346776152
3991.89346776152
3991.89346776152
3991.89346776152
3992.92853944623
3996.43742736105
3996.43742736105
3996.43742736105
3996.43742736105
3996.43742736105
3996.43742736105
3996.43742736105
3996.43742736105
3996.43742736105
3996.43742736105
3996.43742736105
3996.43742736105
3996.43742736105
3996.43742736105
3996.43742736105
3996.43742736105
3996.43742736105
3996.43742736105
3996.43742736105
3996.43742736105
3996.43742736105
3996.43742736105
3996.43742736105
3996.43742736105
3996.43742736105
3996.43742736105
3996.43742736105
3996.43742736105
3996.43742736105
3996.43742736105
3996.43742736105
3996.43742736105
3996.43742736105
3996.43742736105
3996.43742736105
3996.43742736105
3996.43742736105
3996.43742736105
3996.43742736105
3996.43742736105
3996.43742736105
3996.43742736105
3996.43742736105
3996.43742736105
3996.43742736105
3996.43742736105
3996.43742736105
3996.43742736105
3996.43742736105
3996.43742736105
3996.43742736105
3996.43742736105
3996.43742736105
3996.43742736105
3996.43742736105
3996.43742736105
3996.43742736105
3996.43742736105
3996.43742736105
3996.43742736105
3996.43742736105
3996.43742736105
3996.43742736105
3996.43742736105
3996.43742736105
3996.43742736105
3996.43742736105
3996.43742736105
3996.43742736105
3996.43742736105
3996.43742736105
3996.43742736105
3996.43742736105
3996.43742736105
3996.43742736105
3996.43742736105
3996.43742736105
3996.43742736105
3996.43742736105
3996.43742736105
3996.43742736105
3996.43742736105
3996.43742736105
3996.43742736105
3996.43742736105
3996.43742736105
3996.43742736105
3996.43742736105
3996.43742736105
3996.43742736105
3996.43742736105
3996.43742736105
3996.43742736105
3996.43742736105
3996.43742736105
3996.43742736105
3996.43742736105
3996.43742736105
3996.43742736105
3996.43742736105
3996.43742736105
3996.43742736105
3996.43742736105
3996.43742736105
3996.43742736105
3996.43742736105
3996.43742736105
3996.43742736105
4000.03532225072
4000.03532225072
4000.03532225072
4000.03532225072
4001.07058434576
4001.07058434576
4001.07058434576
4001.07058434576
4001.56917585195
4001.67153528449
4001.69336484993
4001.69336484993
4001.69336484993
4001.69336484993
4001.69336484993
4001.69336484993
4001.69336484993
4001.69336484993
4001.69336484993
4001.69336484993
4001.69336484993
4001.69336484993
4001.69336484993
4001.69336484993
4001.69336484993
4001.69336484993
4001.69336484993
4001.69336484993
4001.69336484993
4001.69336484993
4001.69336484993
4001.69336484993
4001.69336484993
4001.69336484993
4001.69336484993
4001.69336484993
4001.69336484993
4001.69336484993
4001.69336484993
4001.69336484993
4001.69336484993
4001.69336484993
4001.69336484993
4001.69336484993
4001.69336484993
4001.69336484993
4001.69336484993
4001.69336484993
4001.69336484993
4001.69336484993
4001.69336484993
4001.69336484993
4001.69336484993
4001.69336484993
4001.69336484993
4001.69336484993
4001.69336484993
4001.69336484993
4001.69336484993
4001.69336484993
4001.69336484993
4001.69336484993
4001.69336484993
4001.69336484993
4001.69336484993
4001.69336484993
4001.69336484993
4001.69336484993
4001.69336484993
4001.69336484993
4001.69336484993
4001.69336484993
4003.54895355423
4004.01460503372
4004.01460503372
4004.01460503372
4004.01460503372
4004.01460503372
4004.01460503372
4004.01460503372
4004.01460503372
4004.01460503372
4004.01460503372
4004.01460503372
4004.01460503372
4004.01460503372
4004.01460503372
4004.01460503372
4004.01460503372
4004.01460503372
4004.01460503372
4004.01460503372
4004.01460503372
4004.01460503372
4004.01460503372
4004.01460503372
4004.01460503372
4004.01460503372
4004.01460503372
4004.01460503372
4004.01460503372
4004.01460503372
4004.01460503372
4004.01460503372
4004.01460503372
4004.01460503372
4004.01460503372
4004.01460503372
4004.01460503372
4004.01460503372
4004.01460503372
4004.01460503372
4004.01460503372
4004.01460503372
4004.01460503372
4004.01460503372
4004.01460503372
4004.01460503372
4004.01460503372
4004.01460503372
4004.01460503372
4004.01460503372
4004.01460503372
4004.01460503372
4004.01460503372
4004.01460503372
4004.01460503372
4004.01460503372
4004.01460503372
4004.01460503372
4004.01460503372
4004.01460503372
4004.01460503372
4004.01460503372
4004.01460503372
4004.01460503372
4004.01460503372
4004.01460503372
4004.01460503372
4004.01460503372
4004.01460503372
4004.01460503372
4004.01460503372
4004.01460503372
4004.01460503372
4004.01460503372
4004.01460503372
4004.01460503372
4004.01460503372
4004.01460503372
4004.01460503372
4004.01460503372
4004.33973729437
4004.71899642924
4004.71899642924
4004.71899642924
4004.71899642924
4004.71899642924
4004.71899642924
4004.71899642924
4004.71899642924
4004.71899642924
4004.71899642924
4004.71899642924
4004.71899642924
4004.71899642924
4004.71899642924
4004.71899642924
4004.71899642924
4004.71899642924
4004.71899642924
4004.71899642924
4004.71899642924
4004.71899642924
4004.71899642924
4004.71899642924
4004.71899642924
4004.71899642924
4004.71899642924
4004.71899642924
4006.97382391832
4008.58614940588
4008.58614940588
4008.58614940588
4008.58614940588
4008.58614940588
4008.58614940588
4008.58614940588
4008.58614940588
4008.58614940588
4008.58614940588
4008.58614940588
4008.58614940588
4008.58614940588
4008.58614940588
4008.58614940588
4008.58614940588
4008.58614940588
4008.58614940588
4008.58614940588
4008.58614940588
4008.58614940588
4008.58614940588
4008.58614940588
4008.58614940588
4008.58614940588
4008.58614940588
4008.58614940588
4008.58614940588
4008.58614940588
4008.58614940588
4008.58614940588
4008.58614940588
4008.58614940588
4008.58614940588
4008.58614940588
4008.58614940588
4008.58614940588
4008.58614940588
4008.58614940588
4008.58614940588
4008.58614940588
4008.58614940588
4008.58614940588
4008.58614940588
4008.58614940588
4008.58614940588
4008.58614940588
4008.58614940588
4008.58614940588
4008.58614940588
4008.58614940588
4008.58614940588
4008.58614940588
4008.58614940588
4008.58614940588
4008.58614940588
4008.58614940588
4008.58614940588
4008.58614940588
4008.58614940588
4012.43899260836
4012.43899260836
4012.43899260836
4012.43899260836
4012.43899260836
4012.43899260836
4012.43899260836
4012.43899260836
4012.43899260836
4012.43899260836
4012.43899260836
4012.43899260836
4012.43899260836
4012.43899260836
4012.43899260836
4012.43899260836
4012.43899260836
4012.43899260836
4012.43899260836
4012.43899260836
4012.43899260836
4012.43899260836
4012.43899260836
4012.43899260836
4012.43899260836
4012.43899260836
4012.43899260836
4012.43899260836
4012.43899260836
4012.43899260836
4012.43899260836
4012.43899260836
4012.43899260836
4012.43899260836
4012.43899260836
4012.43899260836
4012.43899260836
4012.43899260836
4012.43899260836
4012.43899260836
4012.43899260836
4012.43899260836
4012.43899260836
4012.43899260836
4012.43899260836
4012.43899260836
4012.43899260836
4012.43899260836
4012.43899260836
4012.43899260836
4012.43899260836
4012.43899260836
4012.43899260836
4012.43899260836
4012.43899260836
4012.43899260836
4012.43899260836
4012.43899260836
4012.43899260836
4012.43899260836
4012.43899260836
4012.43899260836
4012.43899260836
4012.43899260836
4012.43899260836
4012.43899260836
4012.43899260836
4012.43899260836
4012.43899260836
4012.43899260836
4012.43899260836
4012.43899260836
4012.43899260836
4012.43899260836
4012.43899260836
4012.43899260836
4012.43899260836
4012.43899260836
4012.43899260836
4012.43899260836
4012.43899260836
4012.43899260836
4012.43899260836
4012.43899260836
4012.43899260836
4012.43899260836
4012.43899260836
4012.43899260836
4012.43899260836
4012.43899260836
4012.43899260836
4012.43899260836
4012.43899260836
4012.43899260836
4012.43899260836
4012.43899260836
4012.43899260836
4012.43899260836
4012.43899260836
4012.43899260836
4012.43899260836
4012.43899260836
4012.43899260836
4012.43899260836
4012.43899260836
4012.43899260836
4012.43899260836
4012.43899260836
4012.43899260836
4012.43899260836
4012.43899260836
4012.43899260836
4012.43899260836
4012.43899260836
4012.43899260836
4012.43899260836
4012.43899260836
4012.43899260836
4012.43899260836
4012.43899260836
4013.77465053471
4013.77465053471
4013.77465053471
4013.77465053471
4013.77465053471
4013.77465053471
4013.77465053471
4013.77465053471
4013.77465053471
4013.77465053471
4013.77465053471
4013.77465053471
4013.77465053471
4013.77465053471
4013.77465053471
4013.77465053471
4013.77465053471
4013.77465053471
4013.77465053471
4013.77465053471
4013.77465053471
4013.77465053471
4013.77465053471
4013.77465053471
4013.77465053471
4013.77465053471
4013.77465053471
4013.77465053471
4013.77465053471
4013.77465053471
4013.77465053471
4013.77465053471
4013.77465053471
4013.77465053471
4013.77465053471
4013.77465053471
4013.77465053471
4013.77465053471
4013.77465053471
4013.77465053471
4013.77465053471
4013.77465053471
4013.77465053471
4013.77465053471
4013.77465053471
4013.77465053471
4013.77465053471
4013.77465053471
4013.77465053471
4013.77465053471
4013.77465053471
4013.77465053471
4013.77465053471
4013.77465053471
4013.77465053471
4013.77465053471
4013.77465053471
4013.77465053471
4013.77465053471
4015.17387145815
4015.73565006095
4015.73565006095
4017.46477370758
4017.71374670754
4017.71374670754
4017.71374670754
4017.71374670754
4017.71374670754
4017.71374670754
4017.71374670754
4017.71374670754
4017.71374670754
4017.71374670754
4017.71374670754
4017.71374670754
4017.71374670754
4017.71374670754
4017.71374670754
4017.71374670754
4017.71374670754
4017.71374670754
4017.71374670754
4017.71374670754
4017.71374670754
4017.71374670754
4017.71374670754
4017.71374670754
4017.71374670754
4017.71374670754
4017.71374670754
4017.71374670754
4017.71374670754
4017.71374670754
4017.71374670754
4017.71374670754
4020.2291085831
4020.2291085831
4020.2291085831
4020.2291085831
4020.2291085831
4020.2291085831
4020.2291085831
4020.2291085831
4020.2291085831
4024.15509821627
4024.43153004468
4024.43153004468
4024.43153004468
4024.43153004468
4024.43153004468
4024.43153004468
4024.43153004468
4024.43153004468
4024.43153004468
4024.43153004468
4024.43153004468
4024.43153004468
4024.43153004468
4024.43153004468
4024.43153004468
4024.43153004468
4024.43153004468
4024.43153004468
4024.43153004468
4024.43153004468
4024.43153004468
4024.43153004468
4024.43153004468
4024.43153004468
4024.43153004468
4024.43153004468
4024.43153004468
4024.43153004468
4024.43153004468
4024.43153004468
4024.43153004468
4024.43153004468
4024.43153004468
4024.43153004468
4024.43153004468
4024.43153004468
4024.43153004468
4024.43153004468
4024.43153004468
4024.43153004468
4024.43153004468
4024.43153004468
4024.43153004468
4024.43153004468
4024.43153004468
4024.43153004468
4024.43153004468
4025.36623660952
4025.36623660952
4025.36623660952
4025.36623660952
4025.36623660952
4025.36623660952
4025.36623660952
4025.36623660952
4025.36623660952
4025.36623660952
4025.36623660952
4025.36623660952
4025.36623660952
4025.36623660952
4025.36623660952
4025.36623660952
4025.36623660952
4025.36623660952
4025.36623660952
4025.36623660952
4025.36623660952
4025.36623660952
4025.36623660952
4025.36623660952
4025.36623660952
4025.36623660952
4025.36623660952
4025.36623660952
4025.36623660952
4025.36623660952
4025.36623660952
4025.36623660952
4025.36623660952
4025.36623660952
4025.36623660952
4025.36623660952
4025.36623660952
4025.36623660952
4025.36623660952
4025.36623660952
4025.36623660952
4025.36623660952
4025.36623660952
4025.36623660952
4025.36623660952
4025.36623660952
4025.36623660952
4025.36623660952
4025.36623660952
4025.36623660952
4025.36623660952
4025.36623660952
4025.36623660952
4025.36623660952
4025.36623660952
4025.36623660952
4025.36623660952
4025.36623660952
4025.36623660952
4025.36623660952
4025.36623660952
4025.36623660952
4025.36623660952
4025.36623660952
4025.36623660952
4025.36623660952
4025.36623660952
4029.15470770988
4029.15470770988
4029.15470770988
4029.15470770988
4029.15470770988
4029.15470770988
4029.15470770988
4029.15470770988
4029.15470770988
4029.36404622755
4029.36404622755
4029.36404622755
4029.36404622755
4029.36404622755
4029.36404622755
4029.36404622755
4029.36404622755
4029.36404622755
4029.36404622755
4029.36404622755
4029.36404622755
4029.36404622755
4029.36404622755
4031.60942940736
4031.60942940736
4031.60942940736
4031.60942940736
4031.60942940736
4031.60942940736
4031.60942940736
4031.60942940736
4031.60942940736
4031.60942940736
4031.60942940736
4031.60942940736
4031.60942940736
4031.60942940736
4031.60942940736
4031.60942940736
4031.60942940736
4031.60942940736
4031.60942940736
4031.60942940736
4031.60942940736
4031.60942940736
4031.60942940736
4031.60942940736
4031.60942940736
4031.60942940736
4031.60942940736
4031.60942940736
4031.60942940736
4031.60942940736
4031.60942940736
4031.60942940736
4031.60942940736
4031.60942940736
4031.60942940736
4031.60942940736
4031.60942940736
4031.60942940736
4031.60942940736
4031.60942940736
4031.60942940736
4031.60942940736
4031.60942940736
4031.60942940736
4031.60942940736
4031.60942940736
4031.60942940736
4031.60942940736
4031.60942940736
4031.60942940736
4031.60942940736
4031.60942940736
4031.60942940736
4031.60942940736
4031.60942940736
4031.60942940736
4031.60942940736
4031.60942940736
4031.60942940736
4031.60942940736
4031.60942940736
4031.60942940736
4031.60942940736
4031.60942940736
4031.60942940736
4031.60942940736
4031.60942940736
4031.60942940736
4031.60942940736
4031.60942940736
4031.60942940736
4031.60942940736
4031.60942940736
4031.60942940736
4031.60942940736
4031.60942940736
4031.60942940736
4031.60942940736
4031.60942940736
4031.60942940736
4031.60942940736
4031.60942940736
4031.60942940736
4031.60942940736
4032.9782531953
4033.06752372333
4033.06752372333
4033.06752372333
4033.06752372333
4033.06752372333
4033.06752372333
4033.06752372333
4033.06752372333
4033.06752372333
4033.06752372333
4033.06752372333
4033.06752372333
4033.06752372333
4033.06752372333
4033.06752372333
4033.94240129162
4033.94240129162
4033.94240129162
4033.94240129162
4034.68923351104
4034.68923351104
4034.68923351104
4034.68923351104
4034.68923351104
4034.68923351104
4034.68923351104
4034.68923351104
4034.68923351104
4034.68923351104
4034.68923351104
4034.68923351104
4034.68923351104
4034.68923351104
4034.68923351104
4034.68923351104
4034.68923351104
4034.68923351104
4034.68923351104
4034.68923351104
4034.68923351104
4034.68923351104
4034.68923351104
4034.68923351104
4034.68923351104
4034.68923351104
4034.68923351104
4034.68923351104
4034.68923351104
4034.68923351104
4034.68923351104
4034.68923351104
4034.68923351104
4034.68923351104
4034.68923351104
4034.68923351104
4034.68923351104
4034.68923351104
4034.68923351104
4037.31257224102
4037.44914914702
4037.44914914702
4037.44914914702
4037.44914914702
4037.44914914702
4037.44914914702
4037.44914914702
4037.44914914702
4037.44914914702
4037.44914914702
4037.44914914702
4040.05066549168
4040.05066549168
4040.05066549168
4040.05066549168
4040.05066549168
4040.05066549168
4040.05066549168
4040.05066549168
4040.05066549168
4040.05066549168
4040.05066549168
4040.05066549168
4040.05066549168
4040.05066549168
4040.05066549168
4040.05066549168
4040.05066549168
4040.05066549168
4040.05066549168
4040.05066549168
4040.05066549168
4040.90514565824
4041.36196153554
4041.36196153554
4041.36196153554
4041.36196153554
4041.36196153554
4041.36196153554
4041.36196153554
4041.36196153554
4041.36196153554
4041.36196153554
4041.36196153554
4041.36196153554
4041.36196153554
4041.36196153554
4041.36196153554
4041.36196153554
4041.36196153554
4041.36196153554
4041.36196153554
4041.36196153554
4041.36196153554
4041.36196153554
4041.36196153554
4041.36196153554
4041.36196153554
4041.36196153554
4041.36196153554
4041.36196153554
4041.78900373297
4042.3553972586
4042.3553972586
4042.3553972586
4042.3553972586
4042.3553972586
4042.3553972586
4042.3553972586
4042.3553972586
4042.3553972586
4042.3553972586
4042.3553972586
4042.3553972586
4042.3553972586
4042.3553972586
4042.3553972586
4042.3553972586
4042.3553972586
4042.3553972586
4042.3553972586
4042.3553972586
4042.3553972586
4042.3553972586
4042.3553972586
4042.3553972586
4042.3553972586
4042.3553972586
4042.3553972586
4042.3553972586
4042.3553972586
4042.3553972586
4042.3553972586
4042.3553972586
4042.94864632988
4043.32430987139
4043.32430987139
4043.32430987139
4043.5831887551
4043.5831887551
4043.5831887551
4043.5831887551
4043.5831887551
4043.5831887551
4043.5831887551
4043.5831887551
4043.5831887551
4043.5831887551
4043.5831887551
4043.5831887551
4043.5831887551
4043.5831887551
4043.5831887551
4043.5831887551
4043.5831887551
4043.5831887551
4043.5831887551
4043.5831887551
4043.5831887551
4043.5831887551
4043.5831887551
4043.5831887551
4043.5831887551
4043.5831887551
4043.5831887551
4043.5831887551
4043.5831887551
4043.5831887551
4043.5831887551
4043.5831887551
4043.5831887551
4043.5831887551
4043.5831887551
4043.5831887551
4043.5831887551
4043.5831887551
4043.5831887551
4043.5831887551
4043.5831887551
4043.5831887551
4043.5831887551
4043.5831887551
4043.5831887551
4043.5831887551
4043.5831887551
4043.5831887551
4043.5831887551
4043.5831887551
4043.5831887551
4043.5831887551
4043.5831887551
4043.5831887551
4043.5831887551
4043.5831887551
4043.5831887551
4043.5831887551
4043.5831887551
4043.5831887551
4043.5831887551
4043.5831887551
4043.5831887551
4049.40231065282
4049.59102265651
4049.59102265651
4049.59102265651
4049.59102265651
4049.59102265651
4049.59102265651
4049.59102265651
4049.59102265651
4049.59102265651
4049.59102265651
4049.59102265651
4049.59102265651
4049.59102265651
4049.59102265651
4049.59102265651
4049.59102265651
4049.59102265651
4049.59102265651
4049.59102265651
4049.59102265651
4049.59102265651
4049.59102265651
4049.59102265651
4049.59102265651
4049.61422113738
4049.9723606358
4049.9723606358
4049.9723606358
4049.9723606358
4049.9723606358
4049.9723606358
4049.9723606358
4049.9723606358
4049.9723606358
4049.9723606358
4049.9723606358
4049.9723606358
4049.9723606358
4049.9723606358
4049.9723606358
4049.9723606358
4049.9723606358
4049.9723606358
4049.9723606358
4049.9723606358
4049.9723606358
4049.9723606358
4049.9723606358
4049.9723606358
4049.9723606358
4049.9723606358
4049.9723606358
4049.9723606358
4049.9723606358
4049.9723606358
4049.9723606358
4049.9723606358
4049.9723606358
4049.9723606358
4049.9723606358
4049.9723606358
4049.9723606358
4049.9723606358
4049.9723606358
4049.9723606358
4049.9723606358
4049.9723606358
4049.9723606358
4049.9723606358
4049.9723606358
4049.9723606358
4049.9723606358
4049.9723606358
4049.9723606358
4049.9723606358
4049.9723606358
4049.9723606358
4049.9723606358
4049.9723606358
4049.9723606358
4049.9723606358
4049.9723606358
4049.9723606358
4049.9723606358
4049.9723606358
4055.0359204568
4055.42992070328
4055.42992070328
4055.42992070328
4055.42992070328
4055.42992070328
4055.42992070328
4055.42992070328
4055.42992070328
4055.42992070328
4056.94439487284
4056.94439487284
4056.94439487284
4056.94439487284
4056.94439487284
4056.94439487284
4056.94439487284
4056.94439487284
4056.94439487284
4056.94439487284
4056.94439487284
4056.94439487284
4056.94439487284
4056.94439487284
4056.94439487284
4056.94439487284
4056.94439487284
4056.94439487284
4056.94439487284
4056.94439487284
4056.94439487284
4056.94439487284
4056.94439487284
4056.94439487284
4056.94439487284
4056.94439487284
4056.94439487284
4056.94439487284
4056.94439487284
4056.94439487284
4056.94439487284
4056.94439487284
4056.94439487284
4056.94439487284
4056.94439487284
4056.94439487284
4056.94439487284
4056.94439487284
4056.94439487284
4056.94439487284
4056.94439487284
4056.94439487284
4056.94439487284
4056.94439487284
4056.94439487284
4056.94439487284
4056.94439487284
4056.94439487284
4056.94439487284
4056.94439487284
4056.94439487284
4056.94439487284
4056.94439487284
4056.94439487284
4056.94439487284
4056.94439487284
4056.94439487284
4056.94439487284
4056.94439487284
4056.94439487284
4056.94439487284
4056.94439487284
4056.94439487284
4056.94439487284
4056.94439487284
4056.94439487284
4056.94439487284
4056.94439487284
4056.94439487284
4056.94439487284
4056.94439487284
4056.94439487284
4056.94439487284
4056.94439487284
4056.94439487284
4056.94439487284
4056.94439487284
4056.94439487284
4056.94439487284
4056.94439487284
4056.94439487284
4056.94439487284
4056.94439487284
4056.94439487284
4056.94439487284
4056.94439487284
4056.94439487284
4056.94439487284
4056.94439487284
4056.94439487284
4056.94439487284
4056.94439487284
4057.28772357692
4057.28772357692
4057.28772357692
4057.28772357692
4057.28772357692
4057.28772357692
4057.28772357692
4057.28772357692
4057.28772357692
4057.28772357692
4057.28772357692
4057.28772357692
4057.28772357692
4057.28772357692
4057.28772357692
4057.28772357692
4057.28772357692
4057.28772357692
4057.28772357692
4057.28772357692
4057.28772357692
4057.28772357692
4057.28772357692
4057.28772357692
4057.28772357692
4057.28772357692
4057.28772357692
4057.28772357692
4057.28772357692
4057.28772357692
4057.28772357692
4057.28772357692
4057.28772357692
4057.28772357692
4057.28772357692
4057.28772357692
4057.28772357692
4057.28772357692
4057.28772357692
4057.28772357692
4057.28772357692
4057.28772357692
4057.28772357692
4057.28772357692
4057.28772357692
4057.28772357692
4057.28772357692
4057.28772357692
4057.28772357692
4057.28772357692
4057.28772357692
4057.28772357692
4057.28772357692
4057.28772357692
4057.28772357692
4057.28772357692
4057.28772357692
4057.28772357692
4057.28772357692
4057.28772357692
4057.28772357692
4057.28772357692
4057.28772357692
4057.28772357692
4057.28772357692
4057.28772357692
4057.28772357692
4057.28772357692
4057.28772357692
4057.28772357692
4057.28772357692
4057.28772357692
4057.28772357692
4057.28772357692
4057.28772357692
4057.28772357692
4062.37341811412
4062.54448284623
4062.54448284623
4062.54448284623
4062.54448284623
4062.54448284623
4062.54448284623
4062.54448284623
4062.54448284623
4062.54448284623
4062.54448284623
4062.54448284623
4062.54448284623
4062.54448284623
4062.54448284623
4062.54448284623
4062.54448284623
4062.54448284623
4062.54448284623
4062.54448284623
4062.54448284623
4062.54448284623
4062.54448284623
4064.3855537182
4064.3855537182
4064.3855537182
4064.3855537182
4064.3855537182
4064.3855537182
4064.3855537182
4064.3855537182
4064.3855537182
4064.3855537182
4064.3855537182
4064.3855537182
4064.3855537182
4064.3855537182
4064.3855537182
4064.3855537182
4064.3855537182
4064.3855537182
4064.3855537182
4064.3855537182
4064.3855537182
4064.3855537182
4064.3855537182
4064.3855537182
4064.3855537182
4064.3855537182
4064.3855537182
4064.3855537182
4064.3855537182
4064.3855537182
4064.3855537182
4064.3855537182
4064.3855537182
4064.3855537182
4064.3855537182
4064.3855537182
4064.3855537182
4064.74127300677
4065.65804233968
4065.65804233968
4065.65804233968
4065.65804233968
4065.65804233968
4065.65804233968
4065.65804233968
4065.65804233968
4065.65804233968
4065.65804233968
4065.65804233968
4065.65804233968
4065.65804233968
4065.65804233968
4065.65804233968
4065.65804233968
4065.65804233968
4065.65804233968
4065.65804233968
4065.65804233968
4065.65804233968
4065.65804233968
4065.65804233968
4065.65804233968
4065.65804233968
4065.65804233968
4065.65804233968
4065.65804233968
4065.65804233968
4065.65804233968
4065.65804233968
4065.65804233968
4065.65804233968
4065.65804233968
4065.65804233968
4065.65804233968
4065.65804233968
4065.65804233968
4065.65804233968
4065.65804233968
4065.65804233968
4065.65804233968
4065.65804233968
4065.65804233968
4065.65804233968
4065.65804233968
4065.65804233968
4065.65804233968
4065.65804233968
4065.65804233968
4065.65804233968
4065.65804233968
4065.65804233968
4065.65804233968
4065.65804233968
4065.65804233968
4067.15863597436
4067.17597683021
4067.17597683021
4067.17597683021
4067.17597683021
4067.17597683021
4067.17597683021
4067.17597683021
4067.17597683021
4067.17597683021
4067.17597683021
4067.17597683021
4067.17597683021
4067.17597683021
4067.17597683021
4067.17597683021
4067.17597683021
4067.17597683021
4067.17597683021
4067.17597683021
4067.17597683021
4067.17597683021
4067.17597683021
4067.17597683021
4067.17597683021
4067.17597683021
4067.17597683021
4067.17597683021
4067.17597683021
4067.17597683021
4067.84234968789
4068.27039739188
4068.27039739188
4068.27039739188
4068.27039739188
4068.27039739188
4068.27039739188
4068.27039739188
4068.27039739188
4068.27039739188
4068.27039739188
4068.27039739188
4068.27039739188
4068.27039739188
4068.27039739188
4068.27039739188
4068.27039739188
4068.27039739188
4068.27039739188
4068.27039739188
4068.27039739188
4068.27039739188
4068.27039739188
4068.27039739188
4068.27039739188
4068.27039739188
4068.27039739188
4068.27039739188
4068.27039739188
4068.27039739188
4068.27039739188
4068.27039739188
4068.27039739188
4068.27039739188
4068.27039739188
4068.27039739188
4068.27039739188
4068.27039739188
4068.27039739188
4068.27039739188
4069.07401202496
4069.43098092711
4069.43098092711
4069.43098092711
4069.43098092711
4069.43098092711
4069.43098092711
4069.43098092711
4069.43098092711
4069.43098092711
4069.43098092711
4069.43098092711
4069.43098092711
4069.43098092711
4069.43098092711
4069.43098092711
4069.43098092711
4069.43098092711
4069.43098092711
4069.43098092711
4069.43098092711
4069.43098092711
4069.43098092711
4069.43098092711
4069.43098092711
4069.43098092711
4069.43098092711
4069.43098092711
4069.43098092711
4069.43098092711
4069.43098092711
4069.43098092711
4069.43098092711
4069.43098092711
4069.43098092711
4069.43098092711
4069.43098092711
4069.43098092711
4069.43098092711
4069.43098092711
4069.43098092711
4069.43098092711
4069.43098092711
4069.43098092711
4069.43098092711
4069.43098092711
4069.43098092711
4069.43098092711
4069.43098092711
4069.43098092711
4069.43098092711
4069.43098092711
4069.43098092711
4069.43098092711
4069.43098092711
4069.43098092711
4069.43098092711
4069.43098092711
4069.43098092711
4069.43098092711
4069.43098092711
4069.43098092711
4069.43098092711
4069.43098092711
4069.43098092711
4069.43098092711
4069.43098092711
4069.43098092711
4069.43098092711
4069.43098092711
4069.43098092711
4069.43098092711
4069.43098092711
4069.43098092711
4069.43098092711
4069.43098092711
4069.43098092711
4069.43098092711
4069.43098092711
4069.43098092711
4069.43098092711
4069.43098092711
4069.43098092711
4069.43098092711
4069.43098092711
4069.43098092711
4069.43098092711
4069.43098092711
4069.43098092711
4069.43098092711
4069.43098092711
4069.43098092711
4069.43098092711
4069.43098092711
4069.43098092711
4069.43098092711
4069.43098092711
4069.43098092711
4069.43098092711
4069.43098092711
4069.43098092711
4069.43098092711
4069.43098092711
4069.43098092711
4069.43098092711
4069.43098092711
4069.43098092711
4069.43098092711
4069.43098092711
4069.43098092711
4069.43098092711
4069.43098092711
4069.43098092711
4069.43098092711
4069.43098092711
4069.43098092711
4069.43098092711
4069.43098092711
4069.43098092711
4069.43098092711
4069.43098092711
4069.43098092711
4069.43098092711
4069.43098092711
4069.43098092711
4069.43098092711
4069.43098092711
4069.43098092711
4069.43098092711
4069.43098092711
4069.43098092711
4069.43098092711
4069.43098092711
4069.43098092711
4069.43098092711
4069.43098092711
4069.43098092711
4069.43098092711
4069.43098092711
4069.43098092711
4069.43098092711
4069.43098092711
4069.43098092711
4069.43098092711
4069.43098092711
4069.43098092711
4069.43098092711
4069.43098092711
4069.43098092711
4069.43098092711
4069.43098092711
4069.43098092711
4069.43098092711
4069.43098092711
4069.43098092711
4069.43098092711
4069.43098092711
4069.43098092711
4069.43098092711
4069.43098092711
4069.43098092711
4069.43098092711
4069.43098092711
4069.43098092711
4069.43098092711
4069.43098092711
4069.43098092711
4069.43098092711
4069.43098092711
4069.43098092711
4069.43098092711
4069.43098092711
4069.43098092711
4069.43098092711
4069.43098092711
4069.43098092711
4069.43098092711
4069.43098092711
4069.43098092711
4069.43098092711
4069.43098092711
4069.43098092711
4069.43098092711
4069.43098092711
4069.43098092711
4069.43098092711
4069.43098092711
4069.43098092711
4069.43098092711
4069.43098092711
4069.43098092711
4069.43098092711
4069.43098092711
4069.43098092711
4069.43098092711
4069.43098092711
4069.43098092711
4069.43098092711
4069.43098092711
4069.43098092711
4069.43098092711
4069.43098092711
4069.43098092711
4069.43098092711
4069.43098092711
4069.43098092711
4069.43098092711
4069.43098092711
4069.43098092711
4069.43098092711
4069.43098092711
4069.43098092711
4069.43098092711
4069.43098092711
4069.43098092711
4069.43098092711
4069.43098092711
4069.43098092711
4069.43098092711
4069.43098092711
4069.43098092711
4069.43098092711
4069.43098092711
4069.43098092711
4069.43098092711
4069.43098092711
4069.43098092711
4069.43098092711
4069.43098092711
4069.43098092711
4069.43098092711
4069.43098092711
4069.43098092711
4069.43098092711
4069.43098092711
4069.43098092711
4069.43098092711
4069.43098092711
4069.43098092711
4069.43098092711
4069.43098092711
4069.43098092711
4069.43098092711
4070.45856394948
4070.45856394948
4070.45856394948
4070.45856394948
4070.45856394948
4070.45856394948
4070.45856394948
4070.45856394948

