10742.5495281508
11263.2373086125
11424.950840726
11509.4650990235
11587.1445608884
11647.4259475483
11710.6845673996
11770.3668817824
11839.0435724063
11897.496029191
11957.4909026196
11981.0217917403
12014.1092283328
12061.6882191421
12074.2019777019
12099.6141243327
12122.8178228472
12129.4427618382
12142.6609092085
12157.8651450734
12184.9926581281
12202.4336062533
12208.6845065244
12210.9806654306
12217.445598583
12222.7781634875
12246.9734082323
12252.3810205658
12261.9299990089
12261.9299990089
12262.7841121956
12264.653606672
12283.7609041211
12292.8590328878
12299.6330894157
12308.6118181454
12319.4532809589
12336.3406910119
12348.7288245808
12361.3671708893
12364.2937618841
12383.7552323261
12391.24967595
12394.4093690339
12394.4093690339
12399.3759185946
12403.4992693996
12406.967330485
12410.5468359748
12423.8262545472
12426.1820279011
12428.1818476402
12448.2295651949
12455.2144957659
12459.5167045311
12484.8857865164
12488.1411052049
12497.6921697957
12506.9637351979
12506.9637351979
12506.9637351979
12525.998506284
12525.998506284
12531.5402829089
12539.7627888821
12539.7627888821
12539.7627888821
12546.7180664794
12548.1610056877
12548.3716903496
12553.0179545372
12555.2857950503
12578.730567128
12583.5401638764
12583.9824749384
12592.3693321726
12602.0879143764
12602.0879143764
12606.8830371632
12608.3954988629
12613.3625240495
12613.3625240495
12619.2134483358
12619.2134483358
12624.4630367254
12634.4828817484
12637.2070495833
12642.1227918477
12651.3469533327
12657.3022956616
12658.7617482023
12664.7320946905
12671.2435993796
12671.2435993796
12672.2184616212
12672.2184616212
12672.3602166609
12673.9418485242
12682.2174620081
12682.2174620081
12685.3550300379
12694.391935879
12694.4277293315
12694.4277293315
12694.4277293315
12695.5026084913
12695.5026084913
12706.1130196961
12706.5191430765
12707.3215129338
12709.908997302
12715.1682312758
12716.2283742285
12716.2283742285
12724.4344749822
12726.0610712559
12730.6888144116
12730.6888144116
12730.809479518
12732.402479928
12732.402479928
12732.402479928
12738.607397797
12738.607397797
12742.774321075
12742.774321075
12746.3386943275
12747.9062414834
12747.9062414834
12750.2589266307
12758.6330897153
12764.0907885394
12764.9070655158
12764.9070655158
12764.9070655158
12764.9070655158
12770.4496674907
12771.9351658698
12778.0127326292
12778.4559997299
12781.3428114896
12781.3428114896
12789.8521432583
12789.8521432583
12797.3115521039
12797.3115521039
12802.3028732374
12805.3830142797
12809.5625440721
12809.5625440721
12810.6951222307
12814.6049618875
12817.323637752
12817.323637752
12817.5897842976
12817.5897842976
12817.5897842976
12821.793970083
12821.793970083
12821.793970083
12821.793970083
12821.793970083
12821.793970083
12829.8063168764
12839.4822314418
12845.429567616
12845.429567616
12846.0281749755
12856.0437741083
12856.0437741083
12858.727852383
12858.727852383
12862.1594247654
12869.674647419
12869.674647419
12869.674647419
12869.674647419
12869.674647419
12870.3604329915
12870.3604329915
12870.3604329915
12870.3604329915
12871.6964401954
12871.6964401954
12871.9396776591
12871.9396776591
12871.9396776591
12871.9396776591
12871.9396776591
12871.9396776591
12871.9396776591
12873.4889375337
12873.4889375337
12877.9558606738
12879.3016696801
12879.3016696801
12884.6670923764
12890.0758660531
12890.0758660531
12890.0758660531
12890.0758660531
12895.5865569288
12895.5865569288
12895.5865569288
12909.0382376222
12909.4129805179
12909.4129805179
12909.4129805179
12910.4861495404
12910.4861495404
12912.2213404669
12912.2213404669
12912.2213404669
12912.2213404669
12912.2213404669
12912.2213404669
12913.6420288142
12913.6420288142
12917.8023917003
12925.8101253935
12925.8101253935
12925.8101253935
12925.8101253935
12925.8101253935
12927.1793078754
12930.9695310209
12930.9695310209
12930.9695310209
12931.2435064545
12946.0445855646
12946.0445855646
12946.0445855646
12946.0445855646
12946.0445855646
12946.0445855646
12955.7735082853
12955.7735082853
12958.9587435673
12958.9587435673
12959.9943190871
12959.9943190871
12965.3032210222
12965.3032210222
12965.3032210222
12965.6291115992
12965.6291115992
12965.6291115992
12965.6291115992
12965.6291115992
12973.7946666989
12973.7946666989
12973.9683383405
12973.9683383405
12975.0531363976
12975.0531363976
12975.0531363976
12975.0531363976
12975.0531363976
12975.0531363976
12975.0531363976
12975.0531363976
12978.9021807691
12980.390346732
12980.390346732
12980.390346732
12980.390346732
12980.390346732
12981.4469616055
12981.4469616055
12981.4469616055
12981.4469616055
12981.4469616055
12989.65185059
12992.5928545911
12992.5928545911
12992.5928545911
12992.5928545911
12992.5928545911
12992.5928545911
12992.7492685716
12992.7492685716
12992.7492685716
12992.7492685716
12992.7492685716
12992.7492685716
12993.1388707788
12993.1388707788
12993.1388707788
12993.1388707788
12998.6285066574
12998.6285066574
13000.3118753215
13000.3118753215
13006.7197245771
13006.7197245771
13006.7197245771
13006.7197245771
13006.7197245771
13008.1362115691
13008.1362115691
13008.1362115691
13008.1362115691
13008.1362115691
13009.6507214943
13009.6507214943
13009.6507214943
13009.6507214943
13009.6507214943
13009.6507214943
13009.6507214943
13032.5756386616
13032.5756386616
13032.5756386616
13032.5756386616
13032.5756386616
13034.4937910758
13034.4937910758
13034.4937910758
13034.8707764368
13034.8707764368
13034.8707764368
13034.8707764368
13034.8707764368
13034.8707764368
13034.8707764368
13043.8448929177
13049.394631023
13049.394631023
13049.394631023
13049.394631023
13049.394631023
13049.394631023
13051.9323438029
13051.9323438029
13052.638526605
13052.638526605
13052.638526605
13052.638526605
13052.638526605
13052.65618627
13052.65618627
13063.661056128
13063.8604537464
13063.8604537464
13063.8604537464
13063.8604537464
13063.8604537464
13068.6525035244
13074.3508469635
13074.3508469635
13074.3508469635
13086.3106615741
13086.3106615741
13086.3106615741
13086.610839398
13095.7809705324
13095.7809705324
13095.7809705324
13095.7809705324
13095.7809705324
13095.7809705324
13095.7809705324
13095.7809705324
13095.7809705324
13095.7809705324
13101.6450851305
13101.6450851305
13101.6450851305
13101.6450851305
13101.6450851305
13101.6450851305
13101.6450851305
13109.7804657248
13109.7804657248
13109.7804657248
13109.7804657248
13109.7804657248
13109.7804657248
13109.7804657248
13109.7804657248
13109.7804657248
13109.7804657248
13110.9356565452
13114.0465969218
13114.0465969218
13114.0465969218
13114.0465969218
13114.0465969218
13114.0465969218
13114.4757448011
13114.4757448011
13114.4757448011
13117.1070686214
13117.1070686214
13117.1070686214
13117.1070686214
13117.1070686214
13117.1070686214
13122.4610898435
13122.4610898435
13122.4610898435
13122.4610898435
13122.4610898435
13122.4610898435
13124.5539465144
13124.5539465144
13124.5539465144
13124.5539465144
13124.5539465144
13124.5539465144
13130.8143166574
13130.8143166574
13130.8143166574
13130.8143166574
13130.8143166574
13130.8143166574
13137.9081936056
13137.9081936056
13138.5057141212
13138.5057141212
13138.5057141212
13139.8347005656
13139.8347005656
13139.8347005656
13139.8347005656
13139.8347005656
13140.1305202312
13140.1305202312
13142.6294538544
13142.6294538544
13142.6294538544
13142.6294538544
13142.6294538544
13146.479191488
13146.479191488
13147.8166012583
13147.8166012583
13147.8166012583
13147.8166012583
13147.8166012583
13147.8166012583
13147.8166012583
13147.8166012583
13147.8166012583
13147.8166012583
13149.3656107886
13149.3656107886
13149.3656107886
13150.1249173254
13150.1249173254
13150.1249173254
13150.1249173254
13150.1249173254
13150.1249173254
13150.1249173254
13150.1249173254
13150.1249173254
13150.1249173254
13150.1249173254
13150.1249173254
13150.1249173254
13150.1249173254
13150.1249173254
13150.1249173254
13150.1249173254
13152.1721909334
13152.1721909334
13152.1721909334
13152.1721909334
13152.1721909334
13153.8666147542
13153.8666147542
13153.8666147542
13153.8666147542
13153.8666147542
13153.8666147542
13153.8666147542
13153.8666147542
13163.8507305776
13163.8507305776
13163.8507305776
13167.9617094703
13167.9617094703
13171.9512403519
13171.9512403519
13171.9512403519
13171.9512403519
13171.9512403519
13171.9512403519
13171.9512403519
13171.9512403519
13171.9512403519
13178.2821290013
13178.2821290013
13185.2446567007
13185.6834530972
13185.6834530972
13185.6834530972
13185.6834530972
13185.6834530972
13186.6369954634
13186.6369954634
13186.6369954634
13186.6369954634
13186.6369954634
13186.6369954634
13186.6369954634
13190.9604576949
13190.9604576949
13195.8158275518
13195.8158275518
13195.8158275518
13195.8158275518
13195.8158275518
13195.8158275518
13195.8158275518
13207.2777076596
13215.5178812126
13215.5178812126
13215.5178812126
13215.5178812126
13215.5178812126
13215.5178812126
13215.5178812126
13224.9928466188
13224.9928466188
13224.9928466188
13224.9928466188
13224.9928466188
13224.9928466188
13224.9928466188
13228.4814143704
13228.4814143704
13228.4814143704
13228.4814143704
13228.4814143704
13228.4814143704
13228.4814143704
13228.4814143704
13228.4814143704
13228.4814143704
13228.4814143704
13228.4814143704
13228.4814143704
13228.4814143704
13228.4814143704
13228.4814143704
13228.4814143704
13228.4814143704
13230.8837701066
13230.8837701066
13230.8837701066
13230.8837701066
13230.8837701066
13230.8837701066
13230.8837701066
13235.307447822
13235.307447822
13235.307447822
13235.307447822
13235.307447822
13235.307447822
13235.307447822
13235.307447822
13235.307447822
13235.307447822
13235.307447822
13235.307447822
13235.307447822
13235.307447822
13238.6480518788
13238.7948670333
13238.7948670333
13238.7948670333
13238.7948670333
13238.7948670333
13238.7948670333
13238.7948670333
13238.7948670333
13238.7948670333
13239.1582098203
13239.1582098203
13239.1582098203
13239.1582098203
13239.9642829583
13239.9642829583
13239.9642829583
13239.9642829583
13239.9642829583
13239.9642829583
13239.9642829583
13239.9642829583
13239.9642829583
13249.4869439775
13249.4869439775
13249.4869439775
13249.4869439775
13249.4869439775
13249.4869439775
13249.6529838709
13249.6529838709
13249.6529838709
13249.6529838709
13249.6529838709
13249.6529838709
13251.6731351734
13251.6731351734
13251.6731351734
13266.7439306722
13266.7439306722
13266.7439306722
13266.7439306722
13270.5088647173
13270.5088647173
13270.5088647173
13270.5088647173
13270.5088647173
13270.5088647173
13270.5088647173
13270.5088647173
13270.5088647173
13270.5088647173
13273.5371909862
13273.5371909862
13273.5371909862
13273.5371909862
13273.5371909862
13273.5371909862
13273.5371909862
13273.5371909862
13273.5371909862
13273.5371909862
13273.5371909862
13273.5371909862
13273.5371909862
13288.7756297246
13288.7756297246
13288.7756297246
13288.7756297246
13288.7756297246
13288.7756297246
13288.7756297246
13288.7756297246
13288.7756297246
13288.7756297246
13288.7756297246
13288.7756297246
13288.7756297246
13288.7756297246
13288.7756297246
13288.7756297246
13288.7756297246
13288.7756297246
13288.7756297246
13288.7756297246
13288.7756297246
13288.7756297246
13297.5255079792
13297.5255079792
13297.5255079792
13297.5255079792
13297.5255079792
13297.5255079792
13297.5255079792
13297.5255079792
13297.5255079792
13297.5255079792
13297.5255079792
13298.2571310987
13298.2571310987
13298.2571310987
13298.2571310987
13299.2001859891
13299.2001859891
13299.2001859891
13299.2001859891
13299.2001859891
13300.17606687
13300.17606687
13300.17606687
13300.17606687
13300.17606687
13300.17606687
13300.17606687
13300.17606687
13300.17606687
13300.17606687
13300.17606687
13300.17606687
13309.0480825704
13309.0480825704
13309.0480825704
13309.0480825704
13309.0480825704
13317.0626819841
13317.0626819841
13317.0626819841
13317.0626819841
13317.0626819841
13317.0626819841
13317.0626819841
13317.0626819841
13317.0626819841
13317.0626819841
13317.0626819841
13317.0626819841
13317.0626819841
13317.0626819841
13317.0626819841
13317.0626819841
13317.0626819841
13317.0626819841
13317.0626819841
13317.0626819841
13317.0626819841
13319.3279186071
13319.3279186071
13319.3279186071
13319.3667431882
13319.3667431882
13320.413658294
13320.413658294
13320.413658294
13320.413658294
13320.4792042786
13320.4792042786
13322.758303403
13329.3144064069
13329.3144064069
13329.3144064069
13329.3144064069
13329.3144064069
13330.1862431492
13330.1862431492
13330.1862431492
13330.1862431492
13330.1862431492
13331.7632070394
13331.7632070394
13337.2476815908
13337.2476815908
13337.2476815908
13338.5507117907
13338.5507117907
13338.5507117907
13338.5507117907
13338.5507117907
13338.5507117907
13338.5507117907
13340.6051216262
13340.6051216262
13344.7048063715
13344.7048063715
13344.7048063715
13344.7048063715
13344.7048063715
13344.7048063715
13344.7048063715
13344.7048063715
13344.7048063715
13344.7048063715
13344.7048063715
13344.7048063715
13344.7048063715
13344.7048063715
13346.2602534987
13346.2602534987
13346.2602534987
13346.2602534987
13346.2602534987
13346.2602534987
13346.2602534987
13346.2602534987
13346.2602534987
13346.2602534987
13346.2602534987
13346.3937642754
13346.3937642754
13346.3937642754
13346.3937642754
13346.3937642754
13346.3937642754
13347.6136481038
13347.6136481038
13347.6136481038
13349.6931557505
13349.6931557505
13349.6931557505
13349.6931557505
13349.6931557505
13349.6931557505
13349.7130823475
13349.7130823475
13349.7130823475
13349.7130823475
13349.7130823475
13350.6258394128
13350.6258394128
13350.6258394128
13350.6258394128
13350.6258394128
13350.6258394128
13353.5064045743
13353.5064045743
13353.5064045743
13353.5064045743
13353.5064045743
13353.5064045743
13365.1680433239
13365.1680433239
13365.1680433239
13365.1680433239
13365.1680433239
13365.1680433239
13365.1680433239
13365.1680433239
13365.1680433239
13365.2888255669
13365.2888255669
13365.2888255669
13365.2888255669
13365.2892645804
13365.2892645804
13365.2892645804
13365.2892645804
13365.2892645804
13368.9861356092
13368.9861356092
13368.9861356092
13368.9861356092
13368.9861356092
13368.9861356092
13368.9861356092
13372.8143247594
13372.8143247594
13372.8143247594
13375.8421856987
13376.9585124066
13376.9585124066
13376.9585124066
13385.883670902
13385.883670902
13385.883670902
13391.131517751
13400.1115438423
13400.1115438423
13400.1115438423
13400.1115438423
13400.1115438423
13400.1115438423
13400.1115438423
13400.1115438423
13402.4942679629
13402.4942679629
13402.4942679629
13402.4942679629
13402.4942679629
13402.4942679629
13402.4942679629
13402.4942679629
13402.4942679629
13402.4942679629
13402.4942679629
13402.4942679629
13402.4942679629
13402.4942679629
13402.4942679629
13412.5504044548
13412.5504044548
13412.5504044548
13412.5504044548
13415.3077702002
13415.3077702002
13418.6459532765
13418.6459532765
13418.6459532765
13427.3217819792
13427.3217819792
13427.3217819792
13427.3217819792
13433.5950206225
13433.5950206225
13433.5950206225
13433.5950206225
13433.5950206225
13433.5950206225
13433.5950206225
13433.5950206225
13433.7975426244
13433.9869621489
13433.9869621489
13433.9869621489
13434.2106764889
13434.2106764889
13434.2106764889
13434.2106764889
13434.2106764889
13434.2106764889
13434.2106764889
13434.2106764889
13434.2106764889
13434.2106764889
13434.2106764889
13434.2106764889
13434.2106764889
13434.2106764889
13434.2106764889
13442.4324484596
13442.4324484596
13442.4324484596
13442.4324484596
13442.4324484596
13449.3484898165
13449.3484898165
13449.3484898165
13457.7882624608
13457.7882624608
13457.7882624608
13457.7882624608
13457.7882624608
13457.7882624608
13457.7882624608
13457.7882624608
13457.7882624608
13457.7882624608
13457.7882624608
13457.7882624608
13467.3529109455
13467.3529109455
13467.3529109455
13467.3529109455
13467.3529109455
13467.3529109455
13467.3529109455
13467.3529109455
13467.3529109455
13467.3529109455
13467.3529109455
13467.3529109455
13467.3529109455
13467.3529109455
13467.3529109455
13467.3529109455
13467.3529109455
13467.3529109455
13467.3529109455
13467.3529109455
13467.3529109455
13467.3529109455
13467.3529109455
13467.3529109455
13467.3529109455
13467.3529109455
13467.3529109455
13467.3529109455
13467.3529109455
13467.3529109455
13467.3529109455
13467.3529109455
13467.3529109455
13467.477210828
13467.477210828
13467.477210828
13467.477210828
13467.477210828
13467.477210828
13467.477210828
13467.477210828
13467.477210828
13467.477210828
13467.477210828
13469.1671596511
13469.5366697231
13474.1304235786
13474.1304235786
13474.1304235786
13474.1304235786
13474.1304235786
13474.1304235786
13475.4352475385
13475.4352475385
13480.2067346186
13480.2067346186
13480.2067346186
13480.2067346186
13480.2067346186
13480.2067346186
13480.2067346186
13480.2067346186
13480.2067346186
13480.2067346186
13480.2067346186
13480.2067346186
13480.2067346186
13480.2067346186
13480.2067346186
13480.2067346186
13483.8799636102
13484.1384157968
13484.1384157968
13484.1384157968
13484.1384157968
13484.1384157968
13484.1384157968
13484.1384157968
13484.1384157968
13484.1384157968
13484.1384157968
13484.1384157968
13484.1384157968
13484.1384157968
13484.1384157968
13484.1384157968
13493.5555067355
13499.7788963837
13499.7788963837
13500.0219415266
13500.0219415266
13500.0219415266
13500.0219415266
13501.3533291695
13501.3533291695
13501.3533291695
13501.3533291695
13501.3533291695
13501.3533291695
13501.3533291695
13501.3533291695
13501.3533291695
13501.3533291695
13501.3533291695
13501.3533291695
13501.9674448495
13501.9674448495
13501.9674448495
13501.9674448495
13501.9674448495
13501.9674448495
13501.9674448495
13501.9674448495
13501.9674448495
13501.9674448495
13501.9674448495
13501.9674448495
13501.9674448495
13501.9674448495
13501.9674448495
13501.9674448495
13506.7944752156
13506.7944752156
13506.7944752156
13506.7944752156
13506.7944752156
13506.7944752156
13506.7944752156
13506.7944752156
13506.7944752156
13506.7944752156
13506.7944752156
13506.7944752156
13506.7944752156
13506.7944752156
13506.7944752156
13506.7944752156
13506.7944752156
13506.7944752156
13506.7944752156
13506.7944752156
13507.7733036907
13507.7733036907
13507.7733036907
13507.7733036907
13507.7733036907
13507.7733036907
13513.2160684266
13513.2160684266
13513.2160684266
13513.2160684266
13513.2160684266
13513.2160684266
13513.2160684266
13513.2160684266
13513.2160684266
13513.2160684266
13513.2160684266
13513.2160684266
13513.2160684266
13513.2160684266
13513.2160684266
13513.2160684266
13513.2160684266
13513.2160684266
13513.2160684266
13513.2160684266
13513.2160684266
13513.2160684266
13513.2160684266
13513.2160684266
13513.2160684266
13513.2160684266
13513.2160684266
13513.2160684266
13513.2160684266
13513.2160684266
13516.7027147046
13522.1535627811
13522.1535627811
13522.1535627811
13522.1535627811
13522.1535627811
13522.1535627811
13522.1535627811
13522.3626810379
13522.3626810379
13522.3626810379
13522.3626810379
13522.3626810379
13522.3626810379
13522.3626810379
13522.3626810379
13522.3626810379
13522.3626810379
13522.7854412952
13522.7854412952
13522.7854412952
13522.7854412952
13522.7854412952
13522.7854412952
13522.7854412952
13522.7854412952
13522.7854412952
13522.7854412952
13522.7854412952
13522.7854412952
13522.7854412952
13522.7854412952
13522.7854412952
13522.7854412952
13522.7854412952
13522.7854412952
13522.7854412952
13522.7854412952
13522.7854412952
13524.7695230513
13526.7092635455
13526.7092635455
13526.7092635455
13536.3727639957
13547.2937379314
13547.2937379314
13547.2937379314
13547.2937379314
13547.2937379314
13547.2937379314
13547.2937379314
13547.2937379314
13547.4748859061
13547.4748859061
13547.4748859061
13547.4748859061
13547.4748859061
13547.4748859061
13547.4748859061
13547.4748859061
13547.4748859061
13547.4748859061
13552.5224898094
13555.5892215733
13555.5892215733
13555.5892215733
13556.2497893764
13556.2497893764
13556.2497893764
13556.2497893764
13556.2497893764
13556.2497893764
13562.1202749117
13562.1202749117
13568.7875263067
13569.7626010414
13569.7626010414
13569.7626010414
13569.7626010414
13572.1716711065
13572.1716711065
13572.1716711065
13572.1716711065
13572.1716711065
13572.1716711065
13572.1716711065
13572.1716711065
13572.1716711065
13574.0788118828
13575.1412730339
13575.1412730339
13575.1412730339
13575.1412730339
13575.1412730339
13575.1412730339
13576.3528292198
13576.3528292198
13576.3528292198
13576.3528292198
13576.3528292198
13576.3528292198
13576.3528292198
13576.3528292198
13578.0152267182
13578.0152267182
13578.0152267182
13578.0152267182
13578.0152267182
13578.0152267182
13578.0152267182
13578.0152267182
13578.0152267182
13578.0152267182
13578.0152267182
13578.0152267182
13582.5152960318
13582.5152960318
13582.5152960318
13582.5152960318
13582.5152960318
13582.5152960318
13582.5152960318
13582.5152960318
13582.5152960318
13583.5013815914
13583.5013815914
13583.5013815914
13583.5013815914
13583.5013815914
13583.5013815914
13583.5013815914
13584.2733098717
13584.2733098717
13584.2733098717
13584.2733098717
13584.2733098717
13584.2733098717
13584.2733098717
13584.2733098717
13584.2733098717
13598.6444360665
13602.3171046742
13602.3171046742
13602.3171046742
13602.3171046742
13602.3171046742
13602.4938080161
13602.4938080161
13609.8722476445
13609.8722476445
13609.8722476445
13609.8722476445
13609.8722476445
13609.8722476445
13609.8722476445
13609.8722476445
13609.8722476445
13609.8722476445
13609.8722476445
13609.8722476445
13609.8722476445
13609.8722476445
13609.8722476445
13610.9221944097
13610.9221944097
13610.9221944097
13610.9221944097
13610.9221944097
13610.9221944097
13610.9221944097
13610.9221944097
13610.9221944097
13610.9221944097
13610.9221944097
13610.9221944097
13610.9221944097
13610.9221944097
13610.9221944097
13610.9221944097
13610.9221944097
13610.9221944097
13610.9221944097
13610.9221944097
13610.9221944097
13611.1034420895
13611.1034420895
13611.1034420895
13611.1034420895
13611.1034420895
13611.1034420895
13613.2399638368
13613.2399638368
13616.8114791914
13616.8114791914
13616.8114791914
13616.8114791914
13616.8114791914
13616.8114791914
13616.8114791914
13616.8114791914
13616.8114791914
13616.8114791914
13616.8114791914
13616.8114791914
13616.8114791914
13616.8114791914
13616.8114791914
13617.4508952175
13617.4508952175
13617.4508952175
13617.4508952175
13617.4508952175
13617.4508952175
13617.4508952175
13620.9696652993
13620.9696652993
13620.9696652993
13620.9696652993
13620.9696652993
13622.0501963687
13622.0501963687
13622.0501963687
13622.0501963687
13622.0501963687
13622.7361725785
13622.7361725785
13622.7361725785
13626.5244227305
13626.5244227305
13631.5426666677
13632.7378926461
13632.7378926461
13632.7378926461
13632.7378926461
13632.7378926461
13632.7378926461
13632.7378926461
13632.7378926461
13632.7378926461
13632.7378926461
13632.7378926461
13632.7378926461
13632.7378926461
13633.8911504696
13633.8911504696
13633.8911504696
13633.8911504696
13633.8911504696
13633.8911504696
13633.8911504696
13633.8911504696
13636.5290127912
13636.5290127912
13636.5290127912
13636.5290127912
13636.5290127912
13636.5290127912
13637.1704639948
13639.3613546496
13645.0459803174
13645.0459803174
13645.0459803174
13645.0459803174
13649.64699862
13649.64699862
13649.64699862
13649.64699862
13657.0092072631
13657.0092072631
13657.0092072631
13657.0092072631
13657.0092072631
13657.0092072631
13659.7639740411
13659.7639740411
13659.7639740411
13663.2863622471
13663.2863622471
13663.2863622471
13663.2863622471
13663.2863622471
13663.2863622471
13664.6030174934
13664.6030174934
13664.6030174934
13664.6030174934
13664.6030174934
13664.6030174934
13664.6030174934
13664.6030174934
13664.6030174934
13664.6030174934
13664.6030174934
13664.6030174934
13668.1698999675
13668.1698999675
13668.1698999675
13668.1698999675
13668.1698999675
13668.1698999675
13668.1698999675
13668.1698999675
13668.1698999675
13668.1698999675
13668.1698999675
13668.1698999675
13668.1698999675
13668.1698999675
13668.1698999675
13668.1698999675
13668.1698999675
13668.1698999675
13668.1698999675
13668.1698999675
13668.1698999675
13668.1698999675
13668.1698999675
13668.1698999675
13668.1698999675
13671.9928395835
13672.3151516611
13672.3151516611
13672.3151516611
13672.3151516611
13672.3151516611
13672.3151516611
13672.3151516611
13672.3151516611
13672.5193232164
13672.5193232164
13672.5193232164
13672.5193232164
13672.5193232164
13672.5193232164
13672.5193232164
13676.4888800086
13676.4888800086
13676.4888800086
13676.4888800086
13676.4888800086
13676.4888800086
13676.4888800086
13676.4888800086
13676.4888800086
13676.4888800086
13676.4888800086
13676.4888800086
13676.4888800086
13676.4888800086
13676.4888800086
13676.4888800086
13676.4888800086
13676.4888800086
13676.4888800086
13676.4888800086
13676.4888800086
13676.4888800086
13676.7606090803
13676.7606090803
13676.7606090803
13676.7606090803
13676.7606090803
13676.7606090803
13676.7606090803
13676.7606090803
13676.7606090803
13677.2973332559
13677.2973332559
13677.2973332559
13677.2973332559
13677.2973332559
13677.2973332559
13677.2973332559
13687.1409939913
13687.1409939913
13687.1409939913
13690.7400888824
13690.7400888824
13690.7400888824
13690.7400888824
13690.7400888824
13690.7400888824
13690.7400888824
13690.7400888824
13690.7400888824
13690.7400888824
13690.7400888824
13690.7400888824
13694.8781311199
13695.4095868668
13695.4095868668
13695.4095868668
13695.4095868668
13695.4095868668
13695.4095868668
13695.4095868668
13700.6726896859
13702.777982996
13702.777982996
13702.777982996
13703.484909088
13703.484909088
13703.484909088
13703.484909088
13703.484909088
13703.484909088
13703.484909088
13703.484909088
13704.3378958484
13704.3378958484
13704.3378958484
13704.3378958484
13704.3378958484
13711.1334161026
13711.1334161026
13711.1334161026
13711.1334161026
13711.1334161026
13711.1334161026
13712.1143928926
13712.1143928926
13712.1143928926
13712.1143928926
13712.1143928926
13712.1143928926
13712.1143928926
13712.1143928926
13712.1143928926
13712.1143928926
13712.1143928926
13712.1143928926
13712.1143928926
13712.1143928926
13712.1143928926
13712.1143928926
13712.1143928926
13718.5265312515
13718.5265312515
13718.5265312515
13726.226031238
13727.6572028271
13727.6572028271
13727.6572028271
13727.9724197287
13727.9724197287
13728.169738113
13732.4499918114
13732.4499918114
13735.0683757902
13735.0683757902
13737.2713390579
13737.2713390579
13737.2713390579
13737.2713390579
13737.2713390579
13737.2713390579
13737.2713390579
13737.2713390579
13737.2713390579
13738.4069729159
13738.4069729159
13738.4069729159
13738.4069729159
13740.9982900854
13740.9982900854
13740.9982900854
13744.2950148857
13744.2950148857
13744.2950148857
13744.2950148857
13744.2950148857
13744.2950148857
13744.2950148857
13744.2950148857
13744.6937948835
13745.3460083113
13745.3460083113
13745.3460083113
13745.3460083113
13745.3460083113
13745.3460083113
13747.3844820993
13753.8529499194
13753.8529499194
13753.8529499194
13753.8529499194
13753.8529499194
13753.8529499194
13758.1013707402
13760.4017492145
13760.4017492145
13760.4017492145
13760.4017492145
13763.8068813316
13763.8068813316
13763.8068813316
13763.8068813316
13763.8068813316
13774.9525190103
13777.1381750266
13777.1381750266
13782.324420609
13782.3774958528
13782.3774958528
13782.3774958528
13782.3774958528
13782.3774958528
13782.3774958528
13782.3774958528
13782.3774958528
13782.3774958528
13782.3774958528
13782.3774958528
13782.3774958528
13782.3774958528
13782.3774958528
13782.3774958528
13782.3774958528
13782.3774958528
13782.3774958528
13782.3774958528
13782.3774958528
13786.3054052017
13786.3054052017
13786.3054052017
13786.5845906629
13786.5845906629
13786.5845906629
13786.5845906629
13786.5845906629
13786.5845906629
13790.1209070424
13790.1209070424
13790.1209070424
13790.1209070424
13790.1209070424
13793.0691218216
13793.0691218216
13793.0691218216
13793.0691218216
13793.0691218216
13793.0691218216
13793.0691218216
13793.0691218216
13793.0691218216
13793.0691218216
13793.0691218216
13794.7478598911
13794.7478598911
13801.5672863311
13802.1539540524
13803.1559141333
13803.1559141333
13803.1559141333
13803.1559141333
13806.1305047765
13806.1305047765
13806.1305047765
13806.1305047765
13806.1305047765
13806.1305047765
13806.1305047765
13806.1305047765
13806.1305047765
13806.1305047765
13806.1305047765
13806.1305047765
13806.1305047765
13806.1305047765
13806.1305047765
13806.1305047765
13806.1305047765
13806.1305047765
13806.1305047765
13806.710951742
13806.710951742
13806.710951742
13806.710951742
13807.9360760963
13807.9360760963
13807.9360760963
13807.9360760963
13810.8170619486
13813.7348987178
13813.7348987178
13817.5913312552
13817.5913312552
13817.5913312552
13817.5913312552
13821.0620618178
13821.0620618178
13827.9811758049
13827.9811758049
13827.9811758049
13827.9811758049
13831.3008354533
13831.3008354533
13831.5952352964
13831.5952352964
13831.5952352964
13833.6460591514
13833.6460591514
13833.6460591514
13833.6460591514
13836.6507240999
13836.6507240999
13836.6507240999
13836.6507240999
13836.6507240999
13836.6507240999
13839.6390256449
13839.6390256449
13839.6390256449
13839.6390256449
13840.461114854
13840.461114854
13841.4490202922
13841.4490202922
13841.6443083248
13841.6443083248
13841.6443083248
13841.6443083248
13841.6443083248
13841.6443083248
13841.6443083248
13842.5550557866
13842.5550557866
13846.1670831563
13846.1670831563
13846.1670831563
13846.1670831563
13846.1670831563
13846.1670831563
13847.4257160725
13847.4257160725
13847.4257160725
13847.4257160725
13847.4257160725
13847.4257160725
13847.4257160725
13849.9451750788
13849.9451750788
13849.9451750788
13849.9451750788
13850.1970304688
13850.1970304688
13850.1970304688
13850.1970304688
13853.2329141525
13859.6052891585
13859.6052891585
13859.6052891585
13859.6052891585
13859.6052891585
13860.1232173469
13860.1232173469
13864.577102099
13870.8190751388
13870.8190751388
13870.8190751388
13870.8190751388
13870.8190751388
13870.8190751388
13870.8190751388
13871.1899508303
13871.1899508303
13871.1899508303
13871.1899508303
13873.3178466565
13873.3178466565
13874.7576082688
13874.7576082688
13874.7576082688
13882.7538184922
13886.456314277
13886.456314277
13886.456314277
13886.456314277
13886.456314277
13887.6552098682
13888.0471177153
13888.0471177153
13888.0471177153
13888.0471177153
13888.0471177153
13888.0471177153
13888.0471177153
13888.0471177153
13888.0471177153
13888.0471177153
13888.0471177153
13888.0471177153
13888.0471177153
13888.0471177153
13888.0471177153
13888.0471177153
13888.0471177153
13888.0471177153
13888.7273883841
13888.7273883841
13888.7273883841
13888.7273883841
13888.7273883841
13888.7273883841
13888.7273883841
13891.6727444201
13891.6727444201
13895.2673370784
13895.2673370784
13895.2673370784
13895.2673370784
13895.2673370784
13895.2673370784
13895.2673370784
13895.2673370784
13895.2673370784
13895.2673370784
13895.3023567833
13896.596299823
13902.019124384
13902.019124384
13902.019124384
13902.1675962356
13902.1675962356
13902.1675962356
13903.8605976595
13903.8605976595
13903.8605976595
13907.1343883163
13907.8591734568
13907.8591734568
13907.8591734568
13910.0095146101
13910.0095146101
13911.0636547289
13911.0636547289
13911.0636547289
13911.0636547289
13911.0636547289
13911.0636547289
13911.0636547289
13911.2897807447
13914.9858643959
13914.9858643959
13915.0846255695
13915.0846255695
13915.0846255695
13915.2015675074
13915.2015675074
13915.2015675074
13915.2015675074
13915.2015675074
13915.2015675074
13915.2015675074
13915.2015675074
13915.2015675074
13915.2015675074
13915.2015675074
13915.2015675074
13918.7230917708
13918.7230917708
13918.7230917708
13918.7230917708
13919.5215722537
13919.5215722537
13919.5215722537
13923.7247354757
13923.7247354757
13923.7247354757
13931.4213987186
13931.4213987186
13931.4213987186
13931.4213987186
13931.4213987186
13931.4213987186
13931.4213987186
13932.5892844555
13932.5892844555
13932.5892844555
13932.5892844555
13932.5892844555
13932.5892844555
13932.5892844555
13932.5892844555
13932.5892844555
13932.5892844555
13932.5892844555
13932.5892844555
13941.9685341337
13941.9685341337
13941.9685341337
13943.2057118612
13943.2057118612
13943.2057118612
13943.2057118612
13943.2057118612
13945.8605400532
13945.8605400532
13945.8605400532
13945.8605400532
13945.8605400532
13956.8922895325
13956.8922895325
13956.8922895325
13957.999644048
13957.999644048
13957.999644048
13957.999644048
13957.999644048
13957.999644048
13960.1752888046
13960.1752888046
13961.2987247875
13961.2987247875
13962.194710569
13962.194710569
13962.9250548806
13962.9250548806
13962.9250548806
13963.8477170495
13963.8477170495
13967.3204658696
13971.2523817203
13971.2523817203
13971.4679728899
13971.4679728899
13971.4679728899
13971.4679728899
13971.4679728899
13971.4679728899
13971.4679728899
13971.4679728899
13972.1511022366
13973.3789798521
13975.6112973606
13975.6112973606
13975.6112973606
13975.6112973606
13975.6112973606
13975.6112973606
13975.6112973606
13976.3333168839
13980.5367918771
13980.5367918771
13980.5367918771
13980.5367918771
13980.5367918771
13980.5367918771
13980.5367918771
13980.5367918771
13980.5367918771
13980.5367918771
13980.5367918771
13980.5367918771
13989.3080418633
13989.3080418633
13991.4405532584
13991.4405532584
13998.5039947781
13998.5039947781
13998.5039947781
13998.5039947781
13998.5039947781
13999.4654423746
13999.4654423746
13999.4654423746
13999.4654423746
14000.2119015117
14007.8231845374
14007.8231845374
14007.8231845374
14007.8231845374
14007.8231845374
14007.8231845374
14007.8231845374
14007.8231845374
14007.8231845374
14007.8231845374
14008.996830282
14008.996830282
14008.996830282
14008.996830282
14008.996830282
14009.3458557314
14009.3458557314
14009.3458557314
14009.3458557314
14009.3458557314
14009.3458557314
14009.3458557314
14009.3458557314
14013.6372973581
14013.6372973581
14013.6372973581
14013.6372973581
14013.6372973581
14013.6372973581
14013.6372973581
14013.6372973581
14013.6372973581
14013.6372973581
14013.6372973581
14013.6372973581
14013.6372973581
14013.6372973581
14013.6372973581
14013.6372973581
14013.6372973581
14013.6372973581
14013.6372973581
14013.6372973581
14013.6372973581
14013.6372973581
14013.6372973581
14013.6372973581
14013.6372973581
14014.1820872165
14014.1820872165
14014.1820872165
14014.1820872165
14014.1820872165
14014.1820872165
14014.1820872165
14014.1820872165
14014.1820872165
14014.1820872165
14014.1820872165
14014.1820872165
14014.1820872165
14014.1820872165
14014.1820872165
14018.9550317759
14020.3011368141
14020.3011368141
14020.3011368141
14020.3011368141
14021.3533653864
14021.3533653864
14021.3533653864
14021.3533653864
14021.3533653864
14021.3533653864
14021.9770605714
14021.9770605714
14021.9770605714
14021.9770605714
14027.1018180006
14028.6958388589
14028.6958388589
14028.6958388589
14028.6958388589
14028.9153276586
14029.5273955876
14029.5273955876
14029.5273955876
14029.5273955876
14032.0406487576
14032.0406487576
14032.0590647911
14043.8773927491
14043.8773927491
14044.3764493865
14044.3764493865
14044.3764493865
14044.3764493865
14044.3764493865
14044.3764493865
14044.3764493865
14044.7581371913
14044.7581371913
14045.4615186983
14045.4615186983
14045.4615186983
14045.4615186983
14047.1505028425
14047.1505028425
14051.3766237247
14051.3766237247
14051.3766237247
14051.3766237247
14051.3766237247
14053.2463052541
14053.2463052541
14053.2463052541
14053.2463052541
14053.2463052541
14053.2463052541
14057.2441719053
14057.2441719053
14066.5477797343
14066.5477797343
14066.5477797343
14066.5477797343
14066.5477797343
14066.5477797343
14066.5477797343
14066.5477797343
14066.5477797343
14066.5477797343
14066.5477797343
14077.6879049169
14077.6879049169
14079.8525721517
14080.9740037603
14082.12249683
14082.12249683
14083.6806992076
14083.6806992076
14083.6806992076
14083.6806992076
14083.6806992076
14084.8902662727
14084.8902662727
14084.8902662727
14086.4961930045
14086.4961930045
14086.4961930045
14086.4961930045
14086.4961930045
14086.4961930045
14086.4961930045
14086.4961930045
14086.4961930045
14086.4961930045
14086.4961930045
14086.4961930045
14086.4961930045
14086.4961930045
14086.4961930045
14086.4961930045
14087.5583342558
14091.0034084942
14091.0034084942
14103.5577966934
14103.5577966934
14103.5577966934
14103.5577966934
14103.5577966934
14103.5577966934
14103.5577966934
14103.5577966934
14103.5577966934
14103.5577966934
14109.4691115208
14109.4691115208
14109.4691115208
14109.4691115208
14110.2682860941
14110.2682860941
14110.2682860941
14110.2682860941
14110.2682860941
14110.2682860941
14113.9720021852
14113.9720021852
14113.9720021852
14114.4690007798
14114.4690007798
14114.4690007798
14114.4690007798
14114.4690007798
14114.4690007798
14114.4690007798
14114.4690007798
14114.4690007798
14114.4690007798
14115.0943129128
14115.0943129128
14119.8643297866
14121.3049693113
14121.3049693113
14121.3049693113
14121.3049693113
14121.3049693113
14121.3049693113
14121.3049693113
14121.3049693113
14121.3049693113
14121.3049693113
14124.6689166855
14124.6689166855
14127.6739787074
14130.2079164517
14130.2079164517
14130.2079164517
14130.2079164517
14130.7304664372
14130.7304664372
14130.7304664372
14132.2287742347
14132.2287742347
14132.2287742347
14132.2287742347
14132.2287742347
14132.2287742347
14132.2287742347
14132.2287742347
14132.2287742347
14132.2287742347
14132.2287742347
14134.4402445762
14134.4402445762
14134.4402445762
14134.4402445762
14134.4402445762
14134.4402445762
14137.692779726
14137.692779726
14137.692779726
14140.7300929666
14140.7300929666
14140.7300929666
14140.7300929666
14140.7300929666
14141.4774414405
14141.4774414405
14141.4774414405
14141.4774414405
14141.4774414405
14143.87358893
14147.8655458631
14147.8655458631
14149.2776493436
14149.2776493436
14149.2776493436
14149.7329523111
14149.7329523111
14149.7329523111
14150.958813676
14151.2506788678
14151.2506788678
14151.2506788678
14151.2506788678
14151.2506788678
14151.2506788678
14151.2506788678
14153.179230152
14153.179230152
14153.179230152
14153.179230152
14157.4105692207
14157.4105692207
14158.196412194
14158.196412194
14158.196412194
14158.196412194
14158.196412194
14158.196412194
14158.196412194
14158.196412194
14161.7698417916
14161.7698417916
14161.7698417916
14161.7698417916
14161.7698417916
14165.3165995398
14165.3165995398
14165.3165995398
14165.3165995398
14165.3165995398
14167.8033112842
14167.8033112842
14167.8033112842
14167.8033112842
14167.8033112842
14167.8033112842
14171.3856927338
14171.3856927338
14171.3856927338
14171.3856927338
14171.3856927338
14171.3856927338
14171.3856927338
14171.3856927338
14171.3856927338
14171.3856927338
14176.2695322175
14176.2695322175
14176.2695322175
14178.5162282377
14178.5162282377
14178.5162282377
14183.6274273823
14183.6274273823
14185.782505317
14185.782505317
14189.5096745599
14189.5096745599
14193.2911044455
14193.2911044455
14193.2911044455
14193.2911044455
14193.2911044455
14193.2911044455
14193.2911044455
14193.2911044455
14193.2911044455
14193.2911044455
14193.2911044455
14194.2823597392
14194.2823597392
14194.2823597392
14194.2823597392
14194.2823597392
14194.2823597392
14196.2431711249
14196.2431711249
14196.2431711249
14202.0966940928
14202.0966940928
14202.0966940928
14202.0966940928
14202.0966940928
14202.0966940928
14202.0966940928
14202.0966940928
14202.0966940928
14202.0966940928
14202.0966940928
14202.0966940928
14202.0966940928
14202.0966940928
14202.0966940928
14202.0966940928
14202.0966940928
14202.4785278691
14202.4785278691
14202.4785278691
14202.4785278691
14202.4785278691
14202.4785278691
14202.4785278691
14202.4785278691
14202.533914866
14202.533914866
14202.533914866
14202.533914866
14202.533914866
14202.533914866
14202.533914866
14203.8660107543
14205.0919307447
14205.0919307447
14209.5687823245
14209.5687823245
14209.5687823245
14209.5687823245
14209.5687823245
14209.5687823245
14209.5687823245
14209.5687823245
14211.846120613
14211.846120613
14211.846120613
14211.846120613
14213.9487593907
14213.9487593907
14213.9487593907
14213.9487593907
14213.9487593907
14213.9487593907
14219.3930006283
14219.3930006283
14219.3930006283
14219.3930006283
14219.3930006283
14219.3930006283
14219.3930006283
14219.3930006283
14219.3930006283
14219.3930006283
14219.3930006283
14219.3930006283
14219.3930006283
14219.3930006283
14219.3930006283
14219.3930006283
14219.3930006283
14219.3930006283
14219.3930006283
14219.3930006283
14219.5007141837
14219.5007141837
14219.5007141837
14229.1529691324
14229.1529691324
14229.1529691324
14232.1513146936
14238.7257726367
14238.7257726367
14238.7257726367
14238.7257726367
14240.7738829196
14242.6426274006
14242.6426274006
14242.6426274006
14242.6426274006
14242.6426274006
14242.6426274006
14242.6426274006
14242.6426274006
14242.6426274006
14242.6426274006
14242.6426274006
14242.6426274006
14242.6426274006
14242.6426274006
14242.6426274006
14242.6426274006
14242.6426274006
14242.6426274006
14246.5394752392
14246.5394752392
14246.5394752392
14246.5394752392
14246.5394752392
14246.5394752392
14246.5394752392
14246.5394752392
14246.5394752392
14246.5394752392
14249.7908704977
14249.7908704977
14251.3138612529
14251.3138612529
14251.3138612529
14251.3138612529
14251.3138612529
14251.3138612529
14251.3138612529
14251.3138612529
14251.3138612529
14251.5486805379
14251.9135877107
14251.9135877107
14251.9135877107
14251.9135877107
14251.9135877107
14252.9325092808
14252.9325092808
14252.9325092808
14252.9325092808
14252.9325092808
14252.9325092808
14252.9325092808
14252.9325092808
14252.9680306433
14252.9680306433
14252.9680306433
14252.9680306433
14252.9680306433
14252.9680306433
14252.9680306433
14259.2656684923
14259.2656684923
14262.4638333097
14269.4154499992
14269.4154499992
14269.4154499992
14269.4154499992
14273.1263258738
14273.1263258738
14274.3770054998
14274.3770054998
14274.3770054998
14274.3770054998
14274.3770054998
14274.3770054998
14274.3770054998
14274.3770054998
14274.3770054998
14274.3770054998
14274.3770054998
14274.3770054998
14278.3069922937
14278.3069922937
14280.4274779214
14285.9736922331
14285.9736922331
14285.9736922331
14285.9736922331
14285.9736922331
14285.9736922331
14285.9736922331
14289.7878206167
14290.7711951698
14290.7711951698
14290.7711951698
14290.7711951698
14290.7711951698
14295.5643916849
14295.5643916849
14295.5643916849
14296.4776201727
14297.2100732728
14297.2100732728
14298.6495524212
14298.6495524212
14298.6495524212
14298.6495524212
14298.6495524212
14298.6495524212
14298.6495524212
14298.6495524212
14298.6495524212
14298.6495524212
14298.6495524212
14298.6495524212
14298.6495524212
14298.6495524212
14302.4450060563
14302.4450060563
14302.4450060563
14302.4450060563
14302.4450060563
14302.4450060563
14302.4450060563
14302.4450060563
14305.0729868499
14305.4916024557
14308.5243713919
14308.5243713919
14308.5243713919
14308.5243713919
14308.5243713919
14308.5243713919
14308.5243713919
14308.5243713919
14312.6186691181
14312.6186691181
14312.6186691181
14312.6186691181
14312.6186691181
14312.6186691181
14312.6186691181
14312.6186691181
14312.6186691181
14312.6186691181
14312.6186691181
14316.3748293536
14323.1374207619
14323.5426376639
14323.5426376639
14323.5426376639
14323.5426376639
14323.5426376639
14323.5426376639
14323.5426376639
14325.2201024913
14325.2201024913
14325.2201024913
14325.2201024913
14325.2201024913
14325.2201024913
14325.2201024913
14325.2201024913
14325.2201024913
14325.2201024913
14325.2201024913
14325.2201024913
14325.2201024913
14325.2201024913
14325.2201024913
14325.2201024913
14325.2201024913
14325.2201024913
14329.0854114491
14329.0854114491
14329.0854114491
14329.0854114491
14329.0854114491
14329.0854114491
14333.5853261847
14333.5853261847
14333.5853261847
14333.5853261847
14333.5853261847
14333.5853261847
14333.5853261847
14339.6279364033
14339.6279364033
14339.6279364033
14345.2719387736
14345.2719387736
14345.2719387736
14345.2719387736
14345.2719387736
14345.2719387736
14350.434923356
14350.434923356
14350.434923356
14350.434923356
14350.8431356889
14352.1495612806
14352.1495612806
14352.1495612806
14352.1495612806
14352.1495612806
14354.4886390039
14354.4886390039
14354.4886390039
14354.4886390039
14354.4886390039
14354.4886390039
14354.4886390039
14354.4886390039
14354.4886390039
14354.4886390039
14355.6271136378
14355.6271136378
14357.0598897164
14357.0598897164
14357.0598897164
14357.0598897164
14357.0598897164
14364.8468792675
14364.8468792675
14365.1045531504
14368.9294852607
14368.9294852607
14368.9294852607
14373.2205830582
14373.2205830582
14373.2205830582
14373.2205830582
14373.2205830582
14373.2205830582
14373.2205830582
14379.0474992652
14379.0474992652
14379.6807975512
14379.6807975512
14379.6807975512
14381.7266524934
14381.7266524934
14381.7266524934
14381.7266524934
14381.7266524934
14389.8422508887
14389.8422508887
14389.8422508887
14389.8422508887
14392.1395374057
14392.1395374057
14392.1395374057
14392.1395374057
14392.1395374057
14392.1395374057
14392.1395374057
14395.3799176729
14395.3799176729
14395.3799176729
14395.3799176729
14395.3799176729
14395.3799176729
14395.3799176729
14395.3799176729
14395.3799176729
14395.3799176729
14395.3799176729
14395.3799176729
14399.0055320737
14399.0055320737
14399.0055320737
14399.0055320737
14405.2864611146
14405.2864611146
14405.2864611146
14405.2864611146
14405.2864611146
14405.2864611146
14405.2864611146
14405.2864611146
14405.2864611146
14405.2864611146
14405.2864611146
14405.2864611146
14408.7849921053
14408.7849921053
14408.7849921053
14412.6228429567
14412.6228429567
14412.6228429567
14412.6228429567
14415.7162407404
14415.7162407404
14415.7162407404
14415.7162407404
14415.7162407404
14415.7162407404
14415.7162407404
14415.7162407404
14416.7448561697
14416.7448561697
14417.5154315034
14417.5154315034
14417.5154315034
14417.5154315034
14417.5154315034
14417.5154315034
14417.5154315034
14417.5154315034
14417.5154315034
14417.5154315034
14417.5154315034
14417.5154315034
14418.6495837114
14418.9284155581
14422.1094133056
14422.1094133056
14422.1094133056
14422.1094133056
14422.1094133056
14422.1094133056
14422.1094133056
14422.1094133056
14422.1094133056
14425.2303373037
14427.3605425343
14427.4248546638
14427.4248546638
14427.4248546638
14427.4248546638
14427.4248546638
14427.4248546638
14427.4248546638
14432.7543057146
14433.3517531822
14433.3517531822
14433.3517531822
14433.3517531822
14433.3517531822
14438.8266621346
14438.8266621346
14438.8266621346
14438.8266621346
14439.1216533759
14439.1216533759
14439.1216533759
14439.1216533759
14439.1216533759
14440.3680239019
14441.1351698926
14441.1351698926
14441.1351698926
14441.1351698926
14441.1351698926
14441.1351698926
14441.1351698926
14441.1351698926
14441.9790488626
14441.9790488626
14441.9790488626
14441.9790488626
14441.9790488626
14441.9790488626
14441.9790488626
14441.9790488626
14441.9790488626
14443.6867124742
14443.6867124742
14443.6867124742
14443.6867124742
14443.6867124742
14443.6867124742
14443.6867124742
14443.6867124742
14443.6867124742
14443.6867124742
14443.6867124742
14443.6867124742
14443.6867124742
14443.6867124742
14443.6867124742
14445.7755702635
14445.7755702635
14445.7755702635
14445.7755702635
14445.7755702635
14445.7755702635
14445.7755702635
14445.7755702635
14445.7755702635
14445.7755702635
14445.7755702635
14448.7200390671
14448.7200390671
14448.7200390671
14448.7200390671
14448.7200390671
14448.7200390671
14448.7200390671
14448.7200390671
14449.6516296931
14453.8999077437
14453.8999077437
14453.8999077437
14460.6130138934
14460.6130138934
14460.6130138934
14460.6130138934
14461.4643275382
14461.4643275382
14461.4643275382
14461.7851345589
14461.7851345589
14462.5957053826
14462.5957053826
14462.5957053826
14462.5957053826
14462.5957053826
14462.5957053826
14462.5957053826
14462.5957053826
14462.5957053826
14462.5957053826
14476.1801093925
14476.1801093925
14476.1801093925
14476.1801093925
14476.1801093925
14476.1801093925
14476.1801093925
14476.1801093925
14476.1801093925
14476.1801093925
14476.1801093925
14476.6018500772
14476.6018500772
14476.6018500772
14477.0293382414
14477.0293382414
14477.2626842427
14477.2626842427
14477.2626842427
14477.2626842427
14477.2626842427
14477.2626842427
14477.2626842427
14477.2626842427
14477.2626842427
14477.2626842427
14477.2626842427
14477.2626842427
14477.2626842427
14477.2626842427
14478.3030422034
14478.3030422034
14478.3030422034
14478.3030422034
14478.3030422034
14478.3030422034
14478.3030422034
14478.7145965199
14478.7145965199
14479.2150009287
14479.2150009287
14479.2150009287
14479.2150009287
14479.2150009287
14479.2150009287
14479.2150009287
14479.2150009287
14479.2150009287
14484.9476842627
14484.9476842627
14484.9476842627
14484.9476842627
14485.5266500149
14485.5266500149
14485.5266500149
14485.5266500149
14485.5266500149
14485.5266500149
14485.5266500149
14485.5266500149
14485.5266500149
14485.5266500149
14485.5266500149
14489.6329495632
14491.2014174544
14491.82082128
14491.82082128
14491.82082128
14491.82082128
14491.82082128
14494.8871577213
14494.8871577213
14494.8871577213
14494.8871577213
14494.8871577213
14494.8871577213
14494.8871577213
14494.8871577213
14494.8871577213
14494.8871577213
14494.8871577213
14494.8871577213
14496.29604068
14496.4459430484
14496.4459430484
14496.4459430484
14496.4459430484
14496.4459430484
14497.3472888355
14497.3472888355
14497.3472888355
14497.3472888355
14497.3472888355
14497.3472888355
14497.3472888355
14497.3472888355
14497.3472888355
14497.3472888355
14497.3472888355
14497.3472888355
14497.3472888355
14497.3472888355
14497.3472888355
14497.3472888355
14498.1786073833
14498.1786073833
14498.1786073833
14498.1786073833
14498.1786073833
14498.1786073833
14498.1786073833
14498.1786073833
14498.1786073833
14498.1786073833
14498.1786073833
14498.7796071666
14501.0236787469
14501.0236787469
14501.0236787469
14501.0236787469
14501.0236787469
14501.0236787469
14501.0236787469
14501.0236787469
14501.0236787469
14501.0236787469
14501.0236787469
14501.0236787469
14501.0236787469
14501.0236787469
14501.0236787469
14501.6968614055
14501.6968614055
14501.6968614055
14501.6968614055
14501.6968614055
14502.4116272344
14502.4116272344
14502.4116272344
14502.4116272344
14502.4116272344
14502.4116272344
14502.4116272344
14502.4116272344
14502.4116272344
14502.4116272344
14502.4116272344
14502.4116272344
14502.4116272344
14502.4116272344
14502.4116272344
14502.4116272344
14502.4116272344
14502.4116272344
14502.4116272344
14502.4116272344
14502.4116272344
14502.4116272344
14502.4116272344
14504.1950989833
14505.8912170835
14505.8912170835
14506.2420374807
14506.2420374807
14507.9160687894
14507.9160687894
14508.4894660296
14508.4894660296
14508.4894660296
14508.4894660296
14513.1047712796
14513.1047712796
14513.9143892564
14514.8850729055
14514.8850729055
14514.8850729055
14514.8850729055
14515.6935212116
14515.6935212116
14515.6935212116
14516.6056698176
14516.6056698176
14516.6056698176
14517.4125219888
14517.4125219888
14517.4125219888
14517.4125219888
14521.1317586124
14521.1317586124
14521.4306003388
14521.4306003388
14521.4306003388
14521.4306003388
14522.3611905417
14522.3611905417
14522.3611905417
14522.3611905417
14522.3611905417
14522.3611905417
14522.3611905417
14525.4919763078
14525.4919763078
14525.4919763078
14525.4919763078
14525.4919763078
14525.4919763078
14525.4919763078
14530.9964034832
14530.9964034832
14531.3557127264
14531.3557127264
14531.3557127264
14532.0753055913
14532.0753055913
14532.0753055913
14532.0753055913
14532.6620860649
14532.8747805791
14532.8747805791
14532.8747805791
14532.8747805791
14532.8747805791
14532.8747805791
14532.8747805791
14532.8747805791
14532.8747805791
14532.8747805791
14532.8747805791
14532.8747805791
14532.8747805791
14532.8747805791
14532.8747805791
14532.8747805791
14537.4207737271
14537.4207737271
14537.4207737271
14537.7634718945
14537.7634718945
14537.8473429392
14537.8473429392
14540.4857428205
14540.6929749135
14540.6929749135
14540.6929749135
14540.6929749135
14540.6929749135
14541.6476991258
14541.6476991258
14541.6476991258
14541.6476991258
14541.6476991258
14541.6476991258
14541.6476991258
14541.6476991258
14541.6476991258
14541.6476991258
14548.8411143711
14551.3692363259
14551.3692363259
14551.3692363259
14551.3692363259
14551.3692363259
14551.3692363259
14554.3559807317
14554.3559807317
14554.3559807317
14555.3761896399
14555.3761896399
14555.3761896399
14555.3761896399
14556.966327605
14556.966327605
14556.966327605
14556.966327605
14556.966327605
14556.966327605
14556.966327605
14560.236037364
14560.236037364
14560.236037364
14560.236037364
14560.236037364
14560.236037364
14562.0004934379
14562.0004934379
14562.0004934379
14562.0004934379
14562.0004934379
14562.0004934379
14562.0004934379
14562.0004934379
14562.0004934379
14562.0004934379
14562.0004934379
14562.3285608965
14562.3285608965
14562.3285608965
14562.3285608965
14563.5057064999
14563.5057064999
14563.5057064999
14563.5057064999
14563.5057064999
14563.5057064999
14563.5057064999
14563.5057064999
14563.5057064999
14563.5057064999
14563.5057064999
14563.5057064999
14563.5057064999
14563.5057064999
14563.5057064999
14563.5057064999
14563.5057064999
14563.5057064999
14563.5057064999
14563.5057064999
14563.5057064999
14563.5057064999
14563.5057064999
14563.5057064999
14563.5057064999
14563.5057064999
14563.5057064999
14563.5057064999
14563.5057064999
14563.5057064999
14563.5057064999
14563.5057064999
14563.5057064999
14563.5057064999
14563.5057064999
14563.5057064999
14563.5057064999
14563.5057064999
14563.5057064999
14563.5057064999
14563.5057064999
14563.5057064999
14563.5057064999
14563.5057064999
14564.6910213459
14564.6910213459
14564.6910213459
14564.6910213459
14564.6910213459
14574.0408142215
14574.210982404
14574.210982404
14575.3733822726
14575.3733822726
14575.3733822726
14575.3733822726
14575.3733822726
14582.5259206605
14582.5259206605
14582.5259206605
14582.5259206605
14582.5259206605
14589.7712312898
14589.7712312898
14589.7712312898
14589.7712312898
14589.7712312898
14605.2967139414
14605.2967139414
14605.2967139414
14605.2967139414
14605.2967139414
14605.2967139414
14605.2967139414
14605.2967139414
14605.2967139414
14605.2967139414
14607.2951600071
14607.2951600071
14607.7365146792
14607.7365146792
14608.8703417503
14608.8703417503
14611.7697580884
14611.7697580884
14611.7697580884
14620.1461581358
14620.1461581358
14620.1461581358
14620.1461581358
14620.1461581358
14620.1461581358
14621.4636101033
14621.4636101033
14621.4636101033
14621.4636101033
14621.4636101033
14621.4636101033
14621.4636101033
14621.4636101033
14621.4636101033
14621.4636101033
14621.4636101033
14621.4636101033
14621.4636101033
14621.8566846639
14621.8566846639
14621.8566846639
14621.8566846639
14623.9350126269
14623.9350126269
14623.9350126269
14623.9350126269
14623.9350126269
14632.7922026329
14632.7922026329
14632.7922026329
14632.7922026329
14632.7922026329
14632.7922026329
14632.7922026329
14632.7922026329
14632.7922026329
14632.7922026329
14632.7922026329
14632.7922026329
14632.7922026329
14634.2447315852
14634.2447315852
14634.2447315852
14634.2447315852
14634.2447315852
14637.6456047538
14637.6456047538
14637.6456047538
14637.6456047538
14637.6456047538
14637.6456047538
14637.6456047538
14637.6456047538
14637.6456047538
14640.8464069736
14640.8464069736
14640.8464069736
14640.8464069736
14640.8464069736
14640.8464069736
14640.8464069736
14640.8464069736
14640.8464069736
14640.8464069736
14640.8464069736
14640.8464069736
14640.8464069736
14641.1131022629
14641.1131022629
14641.1131022629
14641.1131022629
14641.1131022629
14641.1131022629
14641.1131022629
14641.1131022629
14641.1131022629
14641.1131022629
14641.1131022629
14641.1131022629
14646.6336164308
14646.6336164308
14646.6336164308
14646.6336164308
14646.6336164308
14646.6336164308
14646.6336164308
14646.6336164308
14646.6336164308
14646.6336164308
14646.6336164308
14659.5940220312
14659.5940220312
14659.5940220312
14659.5940220312
14661.3413899655
14661.556695996
14661.556695996
14661.556695996
14661.556695996
14661.556695996
14661.556695996
14666.1411262573
14666.1411262573
14666.1411262573
14666.1411262573
14666.1411262573
14671.3063149224
14671.3063149224
14671.3063149224
14671.3063149224
14673.4593502872
14674.8146318722
14674.8146318722
14677.3829294649
14677.3829294649
14677.3829294649
14677.3829294649
14677.3829294649
14677.3829294649
14678.4731030558
14678.4731030558
14678.4731030558
14684.7830590554
14684.7830590554
14684.7830590554
14684.7830590554
14684.7830590554
14684.7830590554
14684.7830590554
14684.7830590554
14684.7830590554
14684.7830590554
14684.7830590554
14684.7830590554
14685.8796725437
14685.8796725437
14685.8796725437
14685.8796725437
14685.8796725437
14685.8796725437
14685.8796725437
14685.8796725437
14685.8796725437
14685.8796725437
14685.8796725437
14685.8796725437
14685.8796725437
14687.5150928662
14687.5150928662
14687.5150928662
14687.5150928662
14687.5150928662
14687.5150928662
14687.5150928662
14697.3021681852
14697.3021681852
14697.3021681852
14697.3021681852
14697.6069526442
14697.6069526442
14697.6069526442
14697.6069526442
14698.6184036474
14698.6184036474
14698.6184036474
14698.6184036474
14698.6184036474
14698.6184036474
14698.6184036474
14698.6184036474
14698.6184036474
14698.6184036474
14698.6184036474
14702.4597472772
14702.4597472772
14702.4597472772
14702.4597472772
14702.4597472772
14704.3356335662
14704.3356335662
14704.3356335662
14704.3356335662
14704.3356335662
14704.3356335662
14704.3356335662
14704.3356335662
14704.3356335662
14704.3356335662
14704.3356335662
14704.3356335662
14704.3356335662
14704.8781227484
14704.8781227484
14704.8781227484
14704.8781227484
14704.8781227484
14704.8781227484
14704.8781227484
14704.8781227484
14705.4443469134
14705.4443469134
14705.4443469134
14709.1491280502
14709.1491280502
14711.569634497
14711.569634497
14711.569634497
14711.569634497
14711.569634497
14712.7513799531
14712.7513799531
14712.7513799531
14712.7513799531
14712.7513799531
14712.7513799531
14712.7513799531
14712.7513799531
14712.7513799531
14712.7513799531
14712.7513799531
14713.5141899303
14713.5141899303
14713.5141899303
14713.5141899303
14713.5141899303
14713.5141899303
14713.5141899303
14713.5141899303
14713.5141899303
14713.5141899303
14716.6060026639
14716.6060026639
14716.6060026639
14716.6060026639
14716.6060026639
14716.6060026639
14717.9079176019
14717.9079176019
14719.5791226157
14719.5791226157
14719.5791226157
14719.5791226157
14719.5791226157
14719.5791226157
14719.5791226157
14719.5791226157
14719.5791226157
14719.5791226157
14719.5791226157
14719.5791226157
14719.5791226157
14719.5791226157
14728.6948590326
14728.6948590326
14728.6948590326
14728.6948590326
14728.6948590326
14728.6948590326
14729.0508768812
14729.0508768812
14729.0508768812
14735.2175459733
14735.2175459733
14735.2175459733
14735.2175459733
14735.2175459733
14735.2175459733
14735.2175459733
14735.2175459733
14735.2175459733
14735.2175459733
14735.2175459733
14735.2175459733
14735.2175459733
14735.2175459733
14735.2175459733
14735.3819306491
14735.3819306491
14735.3819306491
14735.3819306491
14735.3819306491
14735.3819306491
14735.3819306491
14735.3819306491
14736.1446920452
14736.1446920452
14736.1446920452
14739.2895482789
14739.2895482789
14739.2895482789
14739.2895482789
14739.2895482789
14739.2895482789
14739.2895482789
14739.4800501311
14739.6815293827
14739.6815293827
14739.6815293827
14739.6815293827
14739.6815293827
14739.6815293827
14739.6815293827
14739.6815293827
14739.6815293827
14739.6815293827
14739.6815293827
14739.6815293827
14739.6815293827
14739.6815293827
14739.6815293827
14739.6815293827
14739.6815293827
14739.6815293827
14739.6815293827
14739.6815293827
14739.6815293827
14744.4437799491
14749.7086548699
14749.7086548699
14749.7086548699
14749.7086548699
14749.7086548699
14755.1253713557
14755.4209997766
14755.4209997766
14755.4209997766
14755.4209997766
14755.4209997766
14756.0658988251
14756.0658988251
14757.7075374486
14769.553469248
14769.8272337831
14769.8272337831
14769.8272337831
14771.4302106742
14771.4302106742
14771.4302106742
14771.4302106742
14771.4302106742
14771.4302106742
14771.4302106742
14771.4302106742
14771.4302106742
14771.4302106742
14771.4302106742
14771.4302106742
14771.4302106742
14771.4302106742
14771.4302106742
14771.4302106742
14771.4302106742
14771.4302106742
14771.4302106742
14771.4302106742
14771.4302106742
14771.4302106742
14771.4302106742
14771.5318299855
14771.5318299855
14771.5318299855
14771.5318299855
14771.5318299855
14771.5318299855
14771.5318299855
14771.5318299855
14771.5318299855
14771.5318299855
14771.5318299855
14771.5318299855
14771.5318299855
14771.5318299855
14771.5318299855
14771.5318299855
14771.5318299855
14771.5318299855
14771.5318299855
14771.5318299855
14771.5318299855
14771.9128735884
14771.9128735884
14771.9128735884
14771.9128735884
14771.9128735884
14771.9128735884
14771.9128735884
14772.1764708581
14772.1764708581
14772.1764708581
14776.8277260189
14776.8277260189
14776.8277260189
14776.8277260189
14776.8277260189
14776.8277260189
14776.8277260189
14776.8277260189
14776.8277260189
14776.8277260189
14776.8277260189
14776.8277260189
14776.8277260189
14776.8277260189
14776.8277260189
14781.2464416911
14781.2464416911
14782.127007362
14782.127007362
14783.1918263573
14783.1918263573
14783.1918263573
14783.1918263573
14783.1918263573
14783.1918263573
14783.1918263573
14783.1918263573
14783.1918263573
14783.1918263573
14783.1918263573
14783.1918263573
14783.1918263573
14783.1918263573
14787.7376583873
14787.7376583873
14787.7376583873
14787.7376583873
14790.6476807381
14790.6476807381
14790.6476807381
14790.6476807381
14790.6476807381
14790.6476807381
14792.8337308762
14792.8337308762
14792.8337308762
14792.8337308762
14794.6466130652
14794.6466130652
14794.6466130652
14794.6466130652
14794.6466130652
14794.6466130652
14797.1232059583
14797.1232059583
14797.1232059583
14797.6465359169
14797.6465359169
14797.6465359169
14797.6465359169
14798.2656820285
14798.2656820285
14798.2656820285
14798.2656820285
14798.2656820285
14798.2656820285
14798.2656820285
14798.2656820285
14798.2656820285
14798.2656820285
14798.2656820285
14798.2656820285
14798.2656820285
14798.2656820285
14798.2656820285
14798.2656820285
14798.2656820285
14800.8033002229
14808.1083362481
14808.1083362481
14808.1083362481
14808.1083362481
14808.1083362481
14808.1083362481
14808.1083362481
14808.1083362481
14808.1083362481
14808.1083362481
14808.1083362481
14808.1083362481
14808.1083362481
14808.1083362481
14809.1134999544
14809.1134999544
14809.1134999544
14809.1134999544
14809.1134999544
14811.404996516
14811.404996516
14811.404996516
14811.404996516
14811.404996516
14811.404996516
14811.5739655928
14811.5739655928
14811.5739655928
14811.5739655928
14811.5739655928
14814.9637086636
14814.9637086636
14814.9637086636
14814.9637086636
14814.9637086636
14814.9637086636
14814.9637086636
14814.9637086636
14814.9637086636
14814.9637086636
14815.3656535632
14815.3656535632
14815.3656535632
14815.3656535632
14815.3656535632
14815.3656535632
14815.3656535632
14815.6443800767
14819.4867632969
14819.4867632969
14819.4867632969
14819.4867632969
14819.4867632969
14819.4867632969
14819.4867632969
14819.4867632969
14819.4867632969
14819.4867632969
14819.4867632969
14819.4867632969
14819.4867632969
14819.4867632969
14819.4867632969
14819.4867632969
14821.2995397627
14821.2995397627
14821.2995397627
14821.2995397627
14821.2995397627
14821.2995397627
14821.2995397627
14821.2995397627
14821.2995397627
14821.2995397627
14821.2995397627
14821.2995397627
14821.2995397627
14821.2995397627
14821.2995397627
14821.2995397627
14821.2995397627
14821.2995397627
14823.6894333807
14823.6894333807
14823.6894333807
14823.6894333807
14823.6894333807
14823.6894333807
14824.1808122497
14824.1808122497
14824.1808122497
14824.1808122497
14824.1808122497
14824.1808122497
14824.1808122497
14824.1808122497
14824.1808122497
14824.1808122497
14824.1808122497
14824.1808122497
14824.1808122497
14824.1808122497
14824.1808122497
14824.1808122497
14824.1808122497
14824.4111666259
14824.4111666259
14824.4111666259
14824.4111666259
14824.4111666259
14824.4111666259
14824.4111666259
14824.4111666259
14831.7149999853
14836.1491095215
14836.1491095215
14836.1491095215
14836.1491095215
14836.1491095215
14836.1491095215
14836.1491095215
14836.1491095215
14836.1491095215
14836.1491095215
14836.1491095215
14836.1491095215
14836.1491095215
14836.1491095215
14839.439708246
14839.439708246
14839.439708246
14839.439708246
14839.439708246
14839.439708246
14839.439708246
14839.439708246
14839.439708246
14841.2907675151
14841.2907675151
14841.2907675151
14841.2907675151
14841.2907675151
14848.798325795
14848.798325795
14854.8736313825
14854.8736313825
14854.8736313825
14854.8736313825
14854.8736313825
14854.8736313825
14854.8736313825
14854.8736313825
14854.8736313825
14854.8736313825
14854.8736313825
14854.8736313825
14854.8736313825
14860.2960137369
14860.2960137369
14860.2960137369
14860.2960137369
14860.2960137369
14860.2960137369
14860.2960137369
14860.2960137369
14860.2960137369
14860.2960137369
14860.2960137369
14860.2960137369
14861.1572537076
14861.1572537076
14861.1572537076
14861.1572537076
14861.1572537076
14861.1572537076
14861.1572537076
14861.1572537076
14864.9068153798
14864.9068153798
14864.9068153798
14864.9068153798
14864.9068153798
14864.9068153798
14864.9068153798
14864.9068153798
14864.9068153798
14864.9068153798
14864.9068153798
14864.9068153798
14864.9068153798
14864.9068153798
14864.9068153798
14864.9068153798
14864.9068153798
14864.9068153798
14869.1475989632
14869.1475989632
14872.1059284232
14872.1059284232
14872.1059284232
14872.1059284232
14872.1059284232
14872.4394701045
14872.4394701045
14872.4394701045
14872.4394701045
14872.4394701045
14872.4394701045
14872.4394701045
14872.4394701045
14872.4394701045
14872.4394701045
14872.4394701045
14872.4394701045
14872.4394701045
14872.4394701045
14872.4394701045
14872.4394701045
14872.4394701045
14872.4394701045
14872.4394701045
14875.4318898024
14875.4318898024
14875.4318898024
14875.4318898024
14875.4318898024
14875.4318898024
14875.4318898024
14875.4318898024
14875.4318898024
14875.4318898024
14875.4318898024
14875.4318898024
14875.4318898024
14875.4318898024
14875.4318898024
14875.4318898024
14875.4318898024
14875.4318898024
14875.4318898024
14878.0501248937
14878.0501248937
14878.0501248937
14878.0501248937
14878.0501248937
14878.0501248937
14878.0501248937
14878.0501248937
14878.0501248937
14878.0501248937
14878.0501248937
14878.0501248937
14878.0501248937
14878.0501248937
14878.0501248937
14878.4874720831
14878.4874720831
14878.4874720831
14878.4874720831
14878.4874720831
14878.4874720831
14878.4874720831
14878.4874720831
14878.4874720831
14878.4874720831
14878.4874720831
14878.4874720831
14878.4874720831
14878.4874720831
14878.4874720831
14878.4874720831
14878.4874720831
14878.4874720831
14879.7005115322
14879.7005115322
14879.7005115322
14879.7005115322
14879.7005115322
14879.7005115322
14879.7005115322
14879.7005115322
14879.7005115322
14879.7005115322
14879.7005115322
14880.5869087506
14880.5869087506
14880.5869087506
14880.5869087506
14880.5869087506
14880.5869087506
14880.5869087506
14880.5869087506
14883.6882659762
14883.6882659762
14883.6882659762
14883.6882659762
14883.6882659762
14883.6882659762
14883.6882659762
14883.6882659762
14883.6882659762
14883.6882659762
14883.6882659762
14883.6882659762
14883.6882659762
14883.6882659762
14884.5540655337
14884.5540655337
14884.5540655337
14884.5540655337
14884.5540655337
14884.5540655337
14884.5540655337
14884.5540655337
14884.5540655337
14884.5540655337
14884.5540655337
14884.5540655337
14889.5619860302
14890.9216829784
14890.9216829784
14890.9216829784
14890.9216829784
14895.5073861468
14895.5073861468
14895.5073861468
14895.5073861468
14895.5073861468

