2672.32666799013
3001.40562804697
3030.4439666129
3056.53252054416
3072.67798065099
3073.01777772742
3083.41365701607
3083.41365701607
3083.45666700733
3083.45666700733
3083.46269185011
3083.46269185011
3083.46269185011
3084.22269320842
3084.33259118007
3084.35859546256
3084.36040857349
3098.88499887069
3098.88499887069
3098.89089144305
3098.89089144305
3098.89089144305
3098.89089144305
3098.89128582908
3105.05723027149
3105.05723027149
3125.49767041736
3125.51222997099
3125.51222997099
3131.8529934154
3131.8529934154
3131.8529934154
3166.60924314409
3166.64352560983
3169.1036949848
3169.44012909364
3171.32251220166
3185.67473841149
3185.79903474834
3185.82778164987
3185.85850777902
3199.05533366654
3199.10034265024
3199.12236119391
3199.12236119391
3204.75208250334
3204.76401782785
3204.76401782785
3206.07174843103
3208.2399497093
3208.24556240357
3223.57290621253
3223.82752427149
3223.82752427149
3223.82752427149
3223.82752427149
3223.82752427149
3223.8322271243
3223.8322271243
3223.8322271243
3223.8322271243
3227.93524766352
3227.93524766352
3230.16156256425
3232.65897670124
3242.71377790964
3242.71681658954
3242.73886904213
3248.89529746898
3249.18696012921
3249.19681855454
3249.19681855454
3263.5108265403
3263.71891488518
3263.79320416617
3263.79320416617
3267.30359570591
3267.30359570591
3267.31104782808
3267.31104782808
3267.31104782808
3267.31104782808
3267.31104782808
3267.31104782808
3267.31104782808
3271.47190775637
3271.4924380822
3271.4924380822
3271.4924380822
3271.4924380822
3271.4924380822
3271.4924380822
3271.4924380822
3271.4924380822
3271.4924380822
3271.4924380822
3271.96773834563
3271.98154587896
3272.74708386486
3276.32111157388
3276.32111157388
3294.63441419019
3294.6957653825
3294.71041096828
3294.71041096828
3294.74970602332
3294.74970602332
3296.20253711291
3296.35548746051
3298.90218831601
3308.29907278388
3308.32315084277
3308.32315084277
3308.37715580219
3308.38251733246
3323.74688761089
3323.74688761089
3326.5339608402
3326.53708928522
3326.53708928522
3326.55807495728
3326.55807495728
3330.7884180559
3330.79649930341
3330.79649930341
3330.79649930341
3330.79649930341
3330.79649930341
3330.79649930341
3330.80308977781
3330.80308977781
3341.09319737417
3341.10289429149
3341.4234154208
3341.43419638816
3341.43419638816
3341.4465503769
3341.4465503769
3341.4465503769
3341.4465503769
3341.4465503769
3344.67381523143
3344.68479096292
3349.88059470526
3349.91408295838
3349.92999976347
3349.92999976347
3349.92999976347
3349.9375292117
3349.9375292117
3349.93918072932
3349.94769355454
3355.9466125264
3355.94813365912
3355.94813365912
3355.96977529847
3355.96977529847
3364.48855222046
3364.51227958137
3364.52946942556
3364.53580117922
3365.96731268886
3366.00146334407
3366.00165306344
3366.00165306344
3366.00165306344
3366.01017669101
3366.01851856015
3366.01851856015
3366.01851856015
3366.01851856015
3366.01851856015
3366.02002773378
3366.02002773378
3371.39359784956
3371.4175336114
3371.41823222213
3382.57560296114
3385.89148838992
3385.91020366385
3387.52102373872
3387.52330381766
3392.07695181742
3392.1506879559
3392.17020999829
3392.17020999829
3392.17020999829
3392.18687273462
3392.18687273462
3392.18687273462
3392.18687273462
3392.1951960057
3392.1951960057
3392.20750108078
3403.26340347347
3403.31882142755
3403.31882142755
3403.31882142755
3403.320746363
3403.38701831207
3403.45562196337
3403.45562196337
3403.45562196337
3403.45562196337
3403.45562196337
3403.45768566381
3403.45768566381
3403.45768566381
3403.45768566381
3403.46309683621
3403.46309683621
3403.46309683621
3403.46309683621
3403.46309683621
3403.46309683621
3407.85269844212
3407.85269844212
3407.87192909386
3407.87192909386
3407.87192909386
3407.87192909386
3407.88816521185
3407.88816521185
3407.88816521185
3417.95192592067
3422.42912722528
3428.17132368854
3433.09087867501
3433.11140721862
3433.11140721862
3434.15901032212
3434.17185935818
3434.18253048414
3434.18253048414
3434.18253048414
3434.19520020438
3434.19520020438
3437.09864204612
3437.10447798234
3437.10934180665
3437.10934180665
3437.10934180665
3440.39420651949
3440.4031288593
3440.4329761694
3443.52085672762
3443.52085672762
3443.52872263108
3453.54902223324
3453.5780504387
3453.5780504387
3453.57845397026
3453.5794136745
3453.5794136745
3453.5794136745
3453.5794136745
3453.5794136745
3469.69892331592
3469.73389398439
3469.75031369049
3469.75031369049
3469.75031369049
3470.32268157059
3470.32636802554
3470.34409229438
3470.35237589455
3473.50660200238
3473.52219180129
3473.52219180129
3473.52219180129
3473.52361881412
3473.52361881412
3482.81258522281
3482.81258522281
3482.82514171511
3482.82514171511
3483.19282450802
3483.21590211569
3483.22187817049
3483.2350540116
3483.2350540116
3483.2350540116
3486.01116780121
3486.02127508196
3486.0224820785
3486.0224820785
3486.03884533104
3486.04692987464
3486.04692987464
3486.04692987464
3486.04692987464
3486.04692987464
3486.04692987464
3486.04692987464
3486.04692987464
3488.38855629679
3488.38855629679
3488.38855629679
3488.3892422175
3488.3892422175
3488.3892422175
3488.3892422175
3488.3892422175
3488.3892422175
3488.3892422175
3488.39470760703
3488.39470760703
3488.39470760703
3488.39470760703
3488.39536759482
3488.39536759482
3488.39536759482
3488.39536759482
3488.39611920975
3490.44372635033
3495.74797781467
3495.75438622344
3495.76853155637
3495.76853155637
3497.79731940793
3497.81077538068
3497.8189902045
3497.83084309005
3497.83084309005
3497.83212259256
3497.83212259256
3497.83212259256
3497.83212259256
3497.83212259256
3497.83212259256
3497.83212259256
3497.83212259256
3497.83212259256
3497.83536331091
3497.83536331091
3497.83536331091
3497.83536331091
3497.83536331091
3497.83536331091
3497.83536331091
3497.83536331091
3497.83536331091
3497.84255036788
3506.00721269897
3506.05702658327
3506.09047819755
3506.09608330081
3506.09608330081
3506.11407490515
3506.11407490515
3506.11407490515
3506.12660046991
3506.12660046991
3506.12660046991
3506.12660046991
3506.12660046991
3506.12660046991
3506.12660046991
3516.09558476514
3516.1493071312
3516.1493071312
3516.15330893565
3516.15993956174
3516.15993956174
3517.28450920716
3517.29447001069
3517.29508551261
3517.29508551261
3517.29508551261
3517.29585720668
3517.29585720668
3517.29585720668
3517.30458028101
3517.30458028101
3524.11945860799
3524.12392651719
3524.15129851387
3524.15129851387
3524.15129851387
3524.16833607471
3524.16833607471
3524.16833607471
3524.16833607471
3524.16833607471
3524.16833607471
3524.16833607471
3524.16833607471
3524.16833607471
3524.16833607471
3524.16833607471
3524.16833607471
3524.16833607471
3524.16833607471
3524.16833607471
3524.16833607471
3524.16833607471
3531.7061918022
3531.75227042673
3531.75227042673
3531.75227042673
3531.76410816628
3531.76410816628
3531.76410816628
3531.76410816628
3531.76410816628
3531.76410816628
3531.76410816628
3531.76410816628
3531.76410816628
3531.76410816628
3531.76410816628
3531.76410816628
3531.76410816628
3531.76410816628
3531.76410816628
3531.76410816628
3531.76410816628
3531.76410816628
3531.76410816628
3531.76410816628
3531.76410816628
3531.76410816628
3531.76410816628
3531.76410816628
3531.76410816628
3531.76410816628
3531.76410816628
3531.76410816628
3543.1145328259
3543.13216039078
3543.16938944857
3543.16938944857
3543.16938944857
3543.16938944857
3543.16938944857
3543.16938944857
3543.16938944857
3543.16938944857
3543.16938944857
3543.16938944857
3543.16938944857
3543.16938944857
3543.16938944857
3543.16938944857
3543.16938944857
3543.16938944857
3543.16938944857
3547.07236403777
3547.10711087588
3553.23712798081
3553.23915494097
3560.17759832701
3560.17759832701
3560.17759832701
3560.17807398406
3560.18140031628
3560.19480436767
3560.19480436767
3560.19480436767
3560.19480436767
3560.19480436767
3560.20326544269
3560.20326544269
3560.20326544269
3560.20326544269
3560.20326544269
3560.20326544269
3560.20326544269
3561.99085994679
3566.76995066812
3566.80037800902
3566.80920972675
3566.81139867443
3566.83807677658
3566.83807677658
3566.83807677658
3566.84368477503
3566.84405713966
3566.84405713966
3566.85887181517
3566.85887181517
3566.85887181517
3567.55667850907
3567.57441763836
3567.57441763836
3567.57441763836
3567.57852931193
3567.57852931193
3567.57852931193
3567.57852931193
3567.57852931193
3567.57852931193
3567.57852931193
3567.57852931193
3567.57852931193
3567.57852931193
3567.580398934
3567.580398934
3567.580398934
3567.580398934
3567.580398934
3570.08888744725
3570.09639106679
3570.09639106679
3570.10244523024
3570.1062793124
3570.1062793124
3570.1062793124
3570.1062793124
3570.1062793124
3570.12099300373
3570.12099300373
3570.12099300373
3570.12099300373
3570.12099300373
3570.12099300373
3570.12099300373
3570.12099300373
3570.12099300373
3570.12099300373
3570.12099300373
3570.12099300373
3570.12099300373
3570.12099300373
3570.12099300373
3570.12099300373
3570.12099300373
3570.12099300373
3570.12099300373
3570.12099300373
3570.12099300373
3570.12099300373
3570.12099300373
3570.12099300373
3570.12099300373
3570.12099300373
3570.12099300373
3570.12099300373
3570.12099300373
3570.94515602085
3570.95756449703
3570.95756449703
3570.96349273134
3570.96349273134
3570.96349273134
3570.96349273134
3570.96349273134
3570.96349273134
3572.31767041117
3572.32449340797
3572.33000281742
3572.33000281742
3572.33076060489
3572.33076060489
3572.33076060489
3572.33076060489
3572.33076060489
3572.33076060489
3576.56398684962
3577.07063706282
3577.07067238662
3577.11216216137
3577.11216216137
3577.13536621664
3577.13536621664
3577.13536621664
3577.13536621664
3577.13536621664
3577.13536621664
3577.13536621664
3577.13536621664
3577.14250683088
3577.14250683088
3577.15375189342
3577.15375189342
3577.15375189342
3577.15375189342
3577.15375189342
3577.15375189342
3577.15375189342
3586.49495133137
3586.54568602017
3586.54568602017
3586.54568602017
3586.54718903245
3586.54718903245
3586.54718903245
3586.54765321077
3586.54765321077
3586.55297761034
3586.56023436483
3586.56574372138
3586.56574372138
3586.56574372138
3586.56574372138
3586.56574372138
3586.56574372138
3586.56574372138
3586.56574372138
3586.56574372138
3586.56574372138
3586.56574372138
3586.56574372138
3586.56574372138
3586.56574372138
3586.56574372138
3586.56574372138
3586.56574372138
3586.56574372138
3586.56574372138
3586.56574372138
3586.56574372138
3586.56574372138
3586.56574372138
3586.56574372138
3586.56574372138
3591.56042646229
3591.62057224082
3591.62057224082
3591.62057224082
3591.62057224082
3591.62057224082
3591.62057224082
3591.62057224082
3591.62057224082
3591.62057224082
3591.62057224082
3591.62057224082
3591.62057224082
3591.62057224082
3591.62057224082
3591.62057224082
3591.62057224082
3591.62057224082
3591.62057224082
3591.62057224082
3591.62057224082
3591.62057224082
3591.62057224082
3591.62057224082
3591.62057224082
3591.62057224082
3591.62057224082
3591.62057224082
3591.62057224082
3591.62057224082
3591.62057224082
3591.62057224082
3591.62057224082
3591.62057224082
3591.62057224082
3591.62057224082
3591.62057224082
3591.62057224082
3591.62057224082
3591.62057224082
3591.62057224082
3591.62057224082
3591.62057224082
3591.62057224082
3591.62057224082
3591.62057224082
3591.62057224082
3591.62057224082
3591.62057224082
3591.62057224082
3591.62057224082
3591.62057224082
3591.62057224082
3591.62057224082
3591.62057224082
3591.62057224082
3591.62057224082
3593.93464079543
3593.94364717613
3599.2951456137
3599.29555376289
3599.32682819274
3599.32682819274
3599.35278398744
3599.35278398744
3599.35278398744
3599.35278398744
3599.35278398744
3599.35278398744
3599.35278398744
3599.35278398744
3600.24743031549
3600.26863828115
3606.79063646945
3606.79063646945
3606.82017395956
3606.82017395956
3606.82017395956
3606.82799507672
3606.82799507672
3606.82799507672
3606.82799507672
3606.82799507672
3606.82799507672
3606.82799507672
3606.82799507672
3606.82799507672
3606.82799507672
3606.82799507672
3606.83049010385
3606.83049010385
3606.83049010385
3606.83429888595
3606.83429888595
3606.83429888595
3606.83429888595
3606.83429888595
3606.83429888595
3606.83429888595
3606.83429888595
3606.83429888595
3606.84811988869
3606.84811988869
3606.84811988869
3613.19171294572
3613.20060239287
3613.20060239287
3613.21382488941
3613.22124296898
3613.22124296898
3613.22124296898
3613.22124296898
3613.22124296898
3613.22124296898
3613.22124296898
3613.22124296898
3613.22124296898
3613.22124296898
3613.22124296898
3613.22124296898
3613.22124296898
3613.22124296898
3613.22124296898
3613.22124296898
3613.22124296898
3613.22124296898
3613.22124296898
3613.22124296898
3613.22124296898
3613.22124296898
3613.22124296898
3613.22124296898
3613.23353380209
3613.23353380209
3613.23353380209
3613.23353380209
3613.23353380209
3613.23353380209
3613.23353380209
3613.23353380209
3613.23353380209
3613.23353380209
3613.23353380209
3613.23353380209
3613.23353380209
3613.23353380209
3613.23353380209
3613.23353380209
3613.23353380209
3613.23353380209
3613.23353380209
3613.23353380209
3613.23353380209
3613.23353380209
3613.23353380209
3613.23353380209
3613.23353380209
3613.23353380209
3613.23353380209
3613.23353380209
3613.9984574026
3614.04387663388
3614.04387663388
3614.04387663388
3614.04387663388
3614.04387663388
3614.04387663388
3614.04387663388
3614.04387663388
3614.04387663388
3614.04387663388
3614.04387663388
3614.54361779655
3614.54361779655
3614.54361779655
3614.54361779655
3614.56827527755
3614.56854002549
3614.56854002549
3614.56854002549
3614.56854002549
3614.56854002549
3614.56854002549
3614.56854002549
3614.56854002549
3614.56854002549
3614.56854002549
3614.56854002549
3614.56854002549
3614.59369220143
3614.59369220143
3614.59369220143
3614.59369220143
3614.59369220143
3614.59369220143
3614.59369220143
3614.59369220143
3614.59369220143
3614.59369220143
3614.59369220143
3614.59369220143
3614.59369220143
3614.59369220143
3614.59369220143
3614.59369220143
3614.59369220143
3614.59369220143
3614.59369220143
3614.59369220143
3614.59369220143
3614.59369220143
3614.59369220143
3614.59369220143
3614.59369220143
3614.59369220143
3614.59369220143
3614.59369220143
3614.59369220143
3614.59369220143
3614.59369220143
3614.59369220143
3614.59369220143
3615.65703271326
3615.66636495626
3615.67063165039
3615.67063165039
3615.67063165039
3616.60476204762
3616.62501158629
3616.62501158629
3616.64130389304
3616.64622218656
3616.65715720144
3616.65715720144
3616.65715720144
3616.65715720144
3616.65715720144
3616.68224094626
3616.68224094626
3616.68224094626
3616.68224094626
3617.5593404507
3617.5593404507
3617.57674729682
3631.7434453067
3631.7621709975
3631.77003031308
3631.77003031308
3631.77003031308
3631.77003031308
3631.77015252597
3631.77469559494
3631.77469559494
3631.77469559494
3631.77469559494
3631.77469559494
3631.77469559494
3631.77469559494
3631.77469559494
3631.77469559494
3631.77469559494
3631.77469559494
3631.80664879591
3631.80664879591
3631.80664879591
3631.80664879591
3631.80664879591
3631.80664879591
3631.80664879591
3631.80664879591
3631.80664879591
3631.80664879591
3631.80664879591
3631.80664879591
3631.80664879591
3631.80664879591
3631.80664879591
3631.80664879591
3631.80664879591
3631.80664879591
3631.80664879591
3631.80664879591
3631.80664879591
3631.80664879591
3631.80664879591
3631.80664879591
3631.80664879591
3631.80664879591
3631.80664879591
3631.80664879591
3631.80664879591
3631.80664879591
3631.80664879591
3631.80664879591
3631.80664879591
3631.80664879591
3631.80664879591
3631.80664879591
3631.80664879591
3631.80664879591
3631.80664879591
3631.80664879591
3631.80664879591
3631.80664879591
3631.80664879591
3631.80664879591
3631.80664879591
3631.80664879591
3631.80664879591
3631.80664879591
3631.80664879591
3631.80664879591
3631.80664879591
3631.80664879591
3631.80664879591
3631.80664879591
3631.80664879591
3631.80664879591
3631.80664879591
3631.80664879591
3631.80664879591
3631.80664879591
3631.80664879591
3631.80664879591
3631.80664879591
3631.80664879591
3631.80664879591
3631.80664879591
3631.80664879591
3631.80664879591
3631.80664879591
3631.80664879591
3631.80664879591
3631.80664879591
3631.80664879591
3631.80664879591
3631.80664879591
3631.80664879591
3631.80664879591
3631.80664879591
3631.80664879591
3631.80664879591
3631.80664879591
3631.80664879591
3636.78306094588
3636.7948924657
3636.80717157139
3636.80717157139
3636.80717157139
3636.80717157139
3636.80717157139
3636.80717157139
3636.80717157139
3636.80717157139
3636.80717157139
3637.68416477465
3637.68416477465
3637.70096917945
3637.71092167082
3637.71092167082
3637.71092167082
3637.71503725632
3639.46892341209
3639.57031313824
3639.57031313824
3639.57031313824
3639.57031313824
3639.57031313824
3639.57031313824
3639.57031313824
3639.57031313824
3639.57031313824
3639.57031313824
3639.57031313824
3639.57031313824
3639.57031313824
3639.57031313824
3639.57031313824
3639.57031313824
3639.57031313824
3639.57031313824
3639.57031313824
3639.57031313824
3639.57031313824
3639.57031313824
3639.57031313824
3639.57031313824
3639.57031313824
3639.57031313824
3639.57031313824
3639.57031313824
3639.57031313824
3639.57031313824
3639.57031313824
3639.57031313824
3639.57031313824
3639.57031313824
3639.57031313824
3639.57031313824
3639.57031313824
3639.57031313824
3639.57031313824
3640.25602336301
3640.25602336301
3640.2626877189
3640.2626877189
3640.2626877189
3640.2626877189
3640.2626877189
3640.2626877189
3640.2626877189
3640.27320660524
3640.27320660524
3640.27320660524
3640.27320660524
3640.27907366308
3640.27907366308
3640.27907366308
3640.27907366308
3640.27907366308
3640.27907366308
3640.27907366308
3640.27907366308
3640.27907366308
3640.27907366308
3640.27907366308
3640.27907366308
3640.27907366308
3640.27907366308
3640.27907366308
3640.28096511465
3640.28096511465
3640.28096511465
3640.28096511465
3640.28096511465
3640.28096511465
3640.28096511465
3640.28096511465
3640.28096511465
3640.28096511465
3640.2861910641
3640.2861910641
3640.2861910641
3640.2861910641
3640.2861910641
3640.2861910641
3640.2861910641
3640.2861910641
3640.2861910641
3640.2861910641
3640.2861910641
3640.2861910641
3640.2861910641
3640.2861910641
3640.2861910641
3640.2861910641
3640.2861910641
3640.2861910641
3640.2861910641
3640.2861910641
3640.2861910641
3640.2861910641
3640.2861910641
3640.2861910641
3640.2861910641
3640.2861910641
3640.2861910641
3640.2861910641
3640.2861910641
3640.2861910641
3640.2861910641
3640.2861910641
3640.2861910641
3640.2861910641
3640.2861910641
3640.2861910641
3640.2861910641
3640.2861910641
3640.2861910641
3641.11204416015
3641.15012152878
3641.15012152878
3641.17238583578
3641.17238583578
3641.1731261697
3641.1731261697
3641.1731261697
3641.1731261697
3641.1731261697
3641.1731261697
3641.1731261697
3641.1731261697
3641.1731261697
3641.1731261697
3641.1731261697
3641.75433633212
3641.78631378362
3641.78832259055
3641.78832259055
3641.78832259055
3641.78832259055
3641.78832259055
3641.78832259055
3641.78832259055
3641.78832259055
3641.78832259055
3641.78832259055
3641.78832259055
3641.78832259055
3641.78832259055
3641.78832259055
3641.78832259055
3641.78832259055
3641.78832259055
3641.78832259055
3641.78832259055
3641.78832259055
3641.78832259055
3641.78832259055
3641.78832259055
3641.78832259055
3641.78832259055
3641.78832259055
3641.79249601241
3641.79521351293
3641.79521351293
3641.79521351293
3641.79521351293
3641.79521351293
3641.79521351293
3641.79521351293
3641.79521351293
3641.79521351293
3641.79521351293
3641.79521351293
3641.79521351293
3641.79521351293
3642.64333598521
3642.65714465672
3642.65714465672
3647.75661038897
3647.75661038897
3647.75661038897
3647.76538420321
3647.76813331766
3648.66087096053
3648.67212726878
3648.67212726878
3648.67279957617
3648.67279957617
3648.67279957617
3648.67279957617
3648.67279957617
3648.67766443725
3648.67766443725
3648.67766443725
3648.67766443725
3648.67766443725
3653.18979878605
3653.26791563926
3653.27621087468
3653.29306138585
3653.29306138585
3653.29306138585
3653.29306138585
3653.29306138585
3653.30458021777
3653.30458021777
3653.30458021777
3653.30458021777
3653.30458021777
3653.30458021777
3653.30458021777
3653.30458021777
3653.30458021777
3653.30458021777
3653.30458021777
3653.30458021777
3653.30458021777
3653.30458021777
3653.30458021777
3653.30458021777
3653.30458021777
3653.30458021777
3653.30458021777
3653.30458021777
3653.30458021777
3653.30458021777
3653.30458021777
3653.30874960311
3653.30874960311
3653.30874960311
3653.30874960311
3653.30874960311
3653.30874960311
3653.30874960311
3655.25183467736
3655.2618615703
3655.28106484471
3655.28961033135
3655.28961033135
3655.28961033135
3655.28961033135
3655.29297312491
3655.29297312491
3655.29297312491
3655.29297312491
3655.29297312491
3655.29810086471
3655.29810086471
3655.3028887489
3655.3028887489
3655.3028887489
3655.3028887489
3655.3028887489
3655.3028887489
3655.3028887489
3655.3028887489
3655.3028887489
3655.3028887489
3655.3028887489
3655.3028887489
3655.3028887489
3655.3028887489
3655.3028887489
3655.3028887489
3655.3028887489
3655.3028887489
3655.3028887489
3655.3028887489
3655.3028887489
3655.3028887489
3655.3028887489
3655.3028887489
3655.3028887489
3655.3028887489
3655.3028887489
3655.3028887489
3655.3028887489
3658.18266600518
3658.2247982227
3658.2247982227
3658.2247982227
3658.2247982227
3658.2247982227
3658.2247982227
3658.2247982227
3658.2247982227
3658.2247982227
3658.2247982227
3658.2247982227
3658.2247982227
3658.2247982227
3658.2247982227
3658.2247982227
3658.2247982227
3658.2247982227
3658.2247982227
3658.2247982227
3658.2247982227
3658.2247982227
3658.2247982227
3658.2247982227
3658.2247982227
3658.2247982227
3658.2247982227
3658.2247982227
3658.2247982227
3658.2247982227
3658.2247982227
3658.2247982227
3658.2247982227
3658.2247982227
3658.2247982227
3658.2247982227
3658.2247982227
3658.2247982227
3658.2247982227
3658.2247982227
3658.2247982227
3658.2247982227
3658.2247982227
3658.2247982227
3658.2247982227
3658.2247982227
3658.2247982227
3658.2247982227
3658.2247982227
3658.2247982227
3658.2247982227
3658.2247982227
3658.2247982227
3658.2247982227
3658.2247982227
3658.2247982227
3662.90788869797
3662.90955900549
3662.90955900549
3662.90955900549
3662.92285920067
3662.92285920067
3662.92761888484
3662.92850159861
3667.02495428906
3667.0415722443
3667.04587047231
3667.04587047231
3667.05177898473
3667.05177898473
3667.05177898473
3667.05177898473
3667.05177898473
3667.05177898473
3667.05177898473
3667.05177898473
3667.05177898473
3667.07002921675
3667.07479971956
3667.07479971956
3667.07479971956
3667.07899840123
3667.07899840123
3667.07899840123
3667.07899840123
3667.07899840123
3667.07899840123
3669.24329320188
3669.24329320188
3669.25262318064
3669.26023133898
3669.26213123074
3669.26213123074
3669.26213123074
3669.26213123074
3669.28213093323
3669.28213093323
3669.28213093323
3669.28213093323
3669.28213093323
3669.28213093323
3669.28213093323
3669.28213093323
3669.28213093323
3669.28213093323
3669.28213093323
3669.28213093323
3669.28213093323
3669.28213093323
3669.28213093323
3669.28213093323
3669.28213093323
3669.28213093323
3669.28213093323
3669.28213093323
3669.29258313309
3669.29258313309
3669.29258313309
3669.29258313309
3669.29258313309
3669.29258313309
3669.29258313309
3669.29258313309
3669.29258313309
3669.29258313309
3669.29258313309
3669.29258313309
3669.29258313309
3669.29258313309
3669.29258313309
3669.29258313309
3669.29258313309
3669.29258313309
3669.29258313309
3669.29258313309
3669.29258313309
3669.29258313309
3669.29258313309
3669.29258313309
3669.29258313309
3669.29258313309
3669.29258313309
3669.29258313309
3669.29258313309
3669.29258313309
3669.29258313309
3669.29258313309
3669.29258313309
3669.29258313309
3669.29258313309
3669.29258313309
3669.29258313309
3669.29258313309
3669.29258313309
3669.29258313309
3669.29258313309
3669.29258313309
3669.29258313309
3669.29258313309
3669.29258313309
3669.29258313309
3669.29258313309
3669.29258313309
3669.29258313309
3669.29258313309
3669.29258313309
3669.29258313309
3669.29258313309
3669.29258313309
3669.29258313309
3669.29258313309
3669.29258313309
3669.29258313309
3669.29258313309
3669.29258313309
3669.29258313309
3669.29258313309
3669.29258313309
3669.37930131387
3669.37930131387
3669.41209611604
3669.41209611604
3669.41209611604
3669.41209611604
3669.41209611604
3669.41209611604
3669.41209611604
3669.41209611604
3669.41209611604
3669.41209611604
3669.41209611604
3669.41209611604
3669.41209611604
3669.41209611604
3669.41209611604
3669.41209611604
3669.41209611604
3669.41209611604
3669.41209611604
3669.41209611604
3669.41209611604
3669.41209611604
3669.41209611604
3669.41209611604
3669.41209611604
3669.41209611604
3669.41209611604
3669.41209611604
3669.41209611604
3669.41209611604
3669.41209611604
3669.41209611604
3669.41209611604
3669.41209611604
3669.41209611604
3669.41209611604
3669.41209611604
3669.41209611604
3669.41209611604
3669.41209611604
3669.41209611604
3669.41209611604
3669.41209611604
3669.41209611604
3669.41209611604
3669.41209611604
3669.41209611604
3669.41209611604
3669.41209611604
3669.41209611604
3669.41209611604
3669.41209611604
3669.41209611604
3669.41209611604
3669.41209611604
3669.41209611604
3669.41209611604
3669.45724950854
3669.45724950854
3669.45724950854
3669.45724950854
3669.45724950854
3669.45724950854
3669.45724950854
3669.45724950854
3669.45724950854
3669.45724950854
3669.45724950854
3669.45724950854
3669.45724950854
3669.45724950854
3669.45724950854
3669.45724950854
3669.45724950854
3669.45724950854
3669.45724950854
3669.45724950854
3669.46554533033
3669.46554533033
3669.46554533033
3669.46554533033
3669.46554533033
3669.46554533033
3669.46554533033
3669.46554533033
3669.46554533033
3669.46554533033
3669.46554533033
3669.46554533033
3669.46554533033
3669.46554533033
3669.46554533033
3669.46554533033
3669.46554533033
3669.46554533033
3669.46554533033
3673.43923149199
3673.4506481315
3673.4506481315
3673.46253212746
3673.46790894229
3673.46790894229
3673.99013707568
3673.99277285997
3674.01016529021
3674.01495920484
3674.01495920484
3674.01905031072
3674.01905031072
3674.01905031072
3674.01905031072
3674.01905031072
3674.01905031072
3674.01905031072
3674.02442804866
3674.02442804866
3674.02442804866
3674.02442804866
3674.02442804866
3674.02442804866
3674.02442804866
3674.02442804866
3674.04058770628
3674.04058770628
3674.04058770628
3674.04058770628
3674.04058770628
3674.04058770628
3674.04058770628
3674.04058770628
3674.04058770628
3674.04058770628
3674.04058770628
3674.04150879512
3674.05852417233
3674.05852417233
3674.05852417233
3674.05852417233
3674.05852417233
3674.05852417233
3674.05852417233
3674.05852417233
3674.05852417233
3674.05852417233
3674.05852417233
3674.05852417233
3674.05852417233
3674.05852417233
3674.05852417233
3674.05852417233
3674.05852417233
3674.05852417233
3674.05852417233
3674.05852417233
3674.05852417233
3674.05852417233
3674.05852417233
3674.05852417233
3674.05852417233
3674.05852417233
3674.05852417233
3674.05852417233
3674.05852417233
3674.05852417233
3674.05852417233
3674.05852417233
3674.05852417233
3674.79849159794
3674.80093195969
3674.82776789106
3674.82776789106
3674.82776789106
3674.82776789106
3675.96816329294
3675.98958652435
3675.98958652435
3675.98958652435
3675.99982139912
3676.01072980688
3676.01072980688
3676.01072980688
3676.01072980688
3676.01072980688
3676.01072980688
3676.01072980688
3676.01072980688
3676.01072980688
3676.01072980688
3676.01072980688
3676.01072980688
3676.01072980688
3676.01260357448
3676.01260357448
3676.01260357448
3676.01649500667
3676.01649500667
3676.01649500667
3676.01649500667
3676.01649500667
3676.01649500667
3676.01649500667
3676.01649500667
3676.01649500667
3676.01649500667
3676.01649500667
3676.01649500667
3676.01649500667
3676.11836848309
3676.15399069974
3676.15650345417
3676.19056375836
3676.19056375836
3676.19056375836
3676.19056375836
3676.19056375836
3676.19056375836
3676.19056375836
3676.19056375836
3676.19056375836
3676.19056375836
3676.19056375836
3676.19056375836
3676.19056375836
3676.19056375836
3676.19056375836
3676.19056375836
3676.19056375836
3676.19056375836
3676.19056375836
3676.19056375836
3676.19056375836
3676.19056375836
3676.19056375836
3676.19056375836
3676.19056375836
3676.19056375836
3676.19056375836
3676.19056375836
3676.19056375836
3676.19056375836
3676.19056375836
3676.19056375836
3676.19056375836
3676.19056375836
3676.19056375836
3682.59974320722
3682.60036510356
3682.60942105964
3682.60942105964
3682.60942105964
3682.60942105964
3682.60942105964
3682.60942105964
3682.60942105964
3682.60942105964
3682.60942105964
3682.63101107236
3682.63101107236
3682.63101107236
3682.63101107236
3682.63101107236
3682.63101107236
3682.63101107236
3682.63101107236
3682.63101107236
3682.63101107236
3682.63101107236
3682.63101107236
3682.63101107236
3682.63101107236
3682.63101107236
3682.63101107236
3682.63101107236
3682.63101107236
3682.63101107236
3682.63101107236
3682.63101107236
3682.63101107236
3682.63101107236
3682.63101107236
3682.63101107236
3682.63101107236
3685.129916333
3685.13159361977
3685.1359248032
3685.1359248032
3685.1359248032
3685.14988485017
3685.16701070116
3685.16701070116
3685.16701070116
3685.16701070116
3685.16701070116
3685.16868474613
3685.16868474613
3685.16868474613
3685.16868474613
3685.16868474613
3685.16868474613
3685.16868474613
3685.16868474613
3685.16868474613
3685.16868474613
3685.16868474613
3685.16868474613
3685.16868474613
3685.16868474613
3685.16868474613
3685.16868474613
3691.97508196688
3691.97508196688
3691.97508196688
3691.97508196688
3691.97508196688
3691.97713396754
3691.97865756562
3691.98626215633
3691.99413448454
3692.00229725149
3692.00229725149
3692.00229725149
3692.00229725149
3692.00229725149
3692.00229725149
3692.00229725149
3692.00229725149
3692.00229725149
3692.00229725149
3692.00229725149
3692.00229725149
3692.00229725149
3692.00229725149
3692.00229725149
3692.00229725149
3692.00229725149
3692.00229725149
3692.00229725149
3692.00229725149
3692.00229725149
3692.00229725149
3692.00229725149
3692.00229725149
3692.00229725149
3692.00229725149
3692.00229725149
3692.00229725149
3692.00229725149
3692.00229725149
3692.00229725149
3692.00229725149
3692.00229725149
3692.00229725149
3692.00229725149
3692.00229725149
3692.00229725149
3692.00229725149
3692.00229725149
3692.00229725149
3692.00229725149
3692.00229725149
3692.00229725149
3692.00229725149
3692.00229725149
3692.00229725149
3692.00229725149
3692.00229725149
3692.00229725149
3692.00229725149
3692.00229725149
3692.00229725149
3692.00229725149
3692.00229725149
3692.00229725149
3692.00229725149
3692.00229725149
3692.00229725149
3692.00229725149
3692.00229725149
3692.00229725149
3692.00229725149
3692.00229725149
3692.00229725149
3692.00229725149
3692.00229725149
3692.00229725149
3692.00229725149
3692.00229725149
3692.00229725149
3692.00229725149
3692.00229725149
3692.00229725149
3692.00229725149
3692.00229725149
3692.00229725149
3692.00229725149
3692.00229725149
3692.00229725149
3692.00229725149
3692.00229725149
3692.00229725149
3692.00229725149
3692.00229725149
3692.00229725149
3692.00229725149
3692.00229725149
3692.92438046179
3692.95872908886
3692.95872908886
3692.95872908886
3692.95872908886
3692.95872908886
3692.95872908886
3692.95872908886
3692.95872908886
3692.95872908886
3692.95872908886
3692.95872908886
3692.95872908886
3692.95872908886
3692.95872908886
3692.95872908886
3692.95872908886
3692.95872908886
3692.95872908886
3692.95872908886
3692.95872908886
3694.94083953921
3694.94083953921
3694.94083953921
3694.94083953921
3694.94083953921
3694.94183893111
3694.94183893111
3694.95322820459
3694.95322820459
3694.95322820459
3694.95322820459
3694.95322820459
3694.95322820459
3694.95322820459
3694.95322820459
3694.95322820459
3694.95322820459
3694.95322820459
3694.95322820459
3694.95322820459
3694.95322820459
3694.95322820459
3694.95322820459
3694.95322820459
3694.95322820459
3694.95322820459
3694.95512473599
3694.95512473599
3694.95512473599
3695.73121913082
3695.74669975539
3695.75458284808
3695.75458284808
3695.75458284808
3695.7620747146
3695.76887660386
3695.76887660386
3695.76887660386
3695.77242357123
3695.77242357123
3695.77242357123
3695.77242357123
3695.77242357123
3695.77242357123
3695.77242357123
3699.99285762253
3700.02076881456
3700.02160438236
3700.02160438236
3700.02241731894
3700.02241731894
3700.02241731894
3700.02402439162
3700.02402439162
3700.03809944649
3700.03809944649
3700.03809944649
3700.03809944649
3700.03809944649
3700.03809944649
3700.03809944649
3700.03809944649
3700.03809944649
3700.03809944649
3700.03809944649
3700.03809944649
3700.03809944649
3700.03809944649
3700.03809944649
3700.03809944649
3700.03809944649
3700.03809944649
3700.03809944649
3700.03809944649
3700.03809944649
3700.03809944649
3700.03809944649
3700.03809944649
3700.03809944649
3700.03809944649
3700.03809944649
3700.03809944649
3700.03809944649
3700.03809944649
3700.03809944649
3700.03809944649
3700.03809944649
3700.03809944649
3700.03809944649
3700.03809944649
3705.07763413968
3705.0790288815
3705.0790288815
3705.0790288815
3705.0790288815
3705.07984870858
3705.07984870858
3705.07984870858
3705.07984870858
3705.07984870858
3705.07984870858
3705.07984870858
3705.07984870858
3705.07984870858
3705.07984870858
3705.07984870858
3705.07984870858
3705.07984870858
3705.07984870858
3705.07984870858
3705.07984870858
3705.07984870858
3705.08853699036
3705.08853699036
3705.08853699036
3705.08853699036
3705.08853699036
3705.08853699036
3705.08853699036
3705.08853699036
3705.08853699036
3705.08853699036
3705.08853699036
3705.08853699036
3705.08853699036
3705.08853699036
3705.09162069907
3705.09162069907
3705.09162069907
3705.09162069907
3705.09162069907
3705.09162069907
3705.09162069907
3705.09162069907
3711.68356017246
3711.69627373385
3711.70941419641
3711.70941419641
3711.70941419641
3711.70941419641
3722.16229032217
3722.16229032217
3722.16229032217
3722.16229032217
3722.16229032217
3722.16229032217
3722.16229032217
3722.16229032217
3722.16229032217
3722.16575725124
3722.16575725124
3722.16575725124
3722.16575725124
3722.16575725124
3722.16575725124
3722.16575725124
3722.16575725124
3722.16575725124
3722.16575725124
3722.16575725124
3722.16575725124
3722.16575725124
3722.16575725124
3722.16575725124
3722.16575725124
3722.17339482055
3722.17339482055
3722.17339482055
3722.17339482055
3722.17339482055
3722.17339482055
3722.17339482055
3722.17339482055
3722.17339482055
3722.17339482055
3722.17339482055
3722.17339482055
3722.17339482055
3722.17339482055
3722.17339482055
3722.17339482055
3722.17339482055
3722.17339482055
3722.17339482055
3722.17339482055
3722.17339482055
3722.17339482055
3722.17339482055
3722.17339482055
3722.17339482055
3722.17339482055
3722.17339482055
3722.17339482055
3722.17339482055
3722.17339482055
3722.17339482055
3722.17339482055
3722.17339482055
3722.17339482055
3722.17339482055
3722.17339482055
3722.17339482055
3722.17339482055
3722.17339482055
3722.17339482055
3722.17339482055
3722.17339482055
3722.17339482055
3722.17339482055
3722.17339482055
3722.17339482055
3722.17339482055
3722.17339482055
3723.10090142574
3723.12647898303
3723.12647898303
3723.12647898303
3723.12647898303
3723.12647898303
3729.0208764548
3729.0365443993
3729.0365443993
3729.0365443993
3729.0395814681
3729.0395814681
3729.05410437661
3729.05410437661
3729.05410437661
3729.05410437661
3729.05410437661
3729.05410437661
3729.05410437661
3729.05410437661
3729.05410437661
3729.05410437661
3729.05410437661
3729.05410437661
3729.05410437661
3729.05410437661
3729.05410437661
3729.05410437661
3729.05410437661
3729.05410437661
3729.05410437661
3729.05410437661
3729.05410437661
3729.05410437661
3729.07050848254
3729.07050848254
3729.07050848254
3729.07050848254
3729.07050848254
3729.07050848254
3729.07050848254
3729.07050848254
3729.07050848254
3729.07050848254
3729.07050848254
3729.07050848254
3729.07050848254
3729.07050848254
3729.07050848254
3729.07050848254
3729.07050848254
3729.07050848254
3729.07050848254
3729.07050848254
3729.07050848254
3729.07050848254
3729.07050848254
3729.07050848254
3729.07050848254
3729.07050848254
3729.07050848254
3729.07050848254
3729.07050848254
3729.07050848254
3729.07050848254
3729.07050848254
3729.07050848254
3729.07050848254
3729.07050848254
3729.07050848254
3729.07050848254
3730.52649709586
3730.54820236213
3730.54820236213
3730.54820236213
3730.54820236213
3730.54820236213
3730.54820236213
3730.54820236213
3730.54820236213
3730.54820236213
3730.54820236213
3730.54820236213
3730.54820236213
3730.54820236213
3730.90934437394
3730.97520177988
3730.99921566377
3730.99921566377
3730.99921566377
3730.99921566377
3730.99921566377
3730.9997213829
3730.9997213829
3731.29514455447
3731.29527920648
3731.34577560449
3731.34577560449
3731.34756308938
3731.34756308938
3731.34756308938
3731.34756308938
3731.34756308938
3731.35426964412
3731.35426964412
3731.35426964412
3731.35426964412
3731.35426964412
3731.35426964412
3731.35426964412
3731.35426964412
3731.37855191191
3731.37855191191
3731.37855191191
3731.37855191191
3731.37855191191
3731.37855191191
3731.37855191191
3731.37855191191
3731.37855191191
3731.37855191191
3731.37855191191
3731.37855191191
3731.37855191191
3731.37855191191
3731.37855191191
3731.37855191191
3731.37855191191
3731.38319343765
3731.38319343765
3731.38319343765
3731.38319343765
3731.38319343765
3731.38319343765
3731.38605454483
3731.38605454483
3731.38605454483
3731.38605454483
3731.38605454483
3731.38773073988
3731.38773073988
3731.38773073988
3731.38773073988
3731.38773073988
3731.38773073988
3731.38773073988
3731.38773073988
3731.38773073988
3731.38773073988
3731.38773073988
3731.38773073988
3731.38773073988
3731.38773073988
3731.39924869607
3731.39924869607
3731.39924869607
3731.39924869607
3731.39924869607
3731.39924869607
3731.39924869607
3731.39924869607
3731.39924869607
3731.39924869607
3731.39924869607
3731.39924869607
3731.39924869607
3731.39924869607
3731.39924869607
3731.39924869607
3731.39924869607
3731.39924869607
3731.39924869607
3731.39924869607
3731.39924869607
3731.39924869607
3731.39924869607
3731.39924869607
3731.39924869607
3731.39924869607
3731.39924869607
3731.39924869607
3731.39924869607
3731.39924869607
3731.39924869607
3731.39924869607
3731.39924869607
3731.39924869607
3731.39924869607
3731.39924869607
3731.39924869607
3731.39924869607
3731.39924869607
3731.39924869607
3731.39924869607
3731.39924869607
3731.39924869607
3731.39924869607
3731.39924869607
3731.39924869607
3731.39924869607
3731.39924869607
3731.39924869607
3731.39924869607
3731.39924869607
3731.39924869607
3731.39924869607
3731.39924869607
3731.39924869607
3731.39924869607
3731.39924869607
3731.39924869607
3731.39924869607
3731.39924869607
3731.39924869607
3731.39924869607
3731.39924869607
3731.39924869607
3731.39924869607
3731.39924869607
3731.39924869607
3731.39924869607
3731.39924869607
3731.39924869607
3731.39924869607
3731.39924869607
3731.39924869607
3731.39924869607
3731.39924869607
3731.39924869607
3731.39924869607
3731.39924869607
3731.39924869607
3731.76389284383
3731.78820683912
3731.78820683912
3731.78820683912
3731.81089652843
3731.81089652843
3731.81089652843
3731.81089652843
3731.81089652843
3731.81089652843
3731.81089652843
3731.81089652843
3731.81089652843
3731.81089652843
3731.81089652843
3731.81089652843
3731.81089652843
3731.81106284155
3735.76102413576
3735.78054371633
3735.80059919425
3735.80059919425
3735.80059919425
3735.80059919425
3735.80617053042
3735.80617053042
3735.80617053042
3735.80617053042
3735.80617053042
3735.81946985739
3735.81946985739
3735.81946985739
3735.81946985739
3735.81946985739
3735.81946985739
3735.82722380947
3735.82722380947
3735.82722380947
3735.82722380947
3735.82722380947
3735.82722380947
3735.82722380947
3735.82722380947
3735.82722380947
3735.82722380947
3735.82722380947
3735.82722380947
3735.82722380947
3735.82722380947
3735.82722380947
3735.82722380947
3735.82722380947
3735.82722380947
3735.82722380947
3735.82722380947
3735.82722380947
3735.82722380947
3735.82722380947
3735.82722380947
3735.82722380947
3735.82722380947
3735.82722380947
3735.82722380947
3735.82722380947
3735.82722380947
3735.82722380947
3735.82722380947
3735.82722380947
3735.82722380947
3735.82722380947
3735.82722380947
3735.82722380947
3735.82722380947
3735.82722380947
3735.82722380947
3735.82722380947
3735.82722380947
3735.82722380947
3735.82722380947
3735.82722380947
3735.82722380947
3735.82722380947
3735.82722380947
3735.82722380947
3735.82722380947
3735.82722380947
3735.82722380947
3735.82722380947
3735.82722380947
3735.82722380947
3735.82722380947
3735.82722380947
3735.82722380947
3735.82722380947
3735.82722380947
3735.82722380947
3735.82722380947
3735.82722380947
3735.82722380947
3735.82722380947
3735.82722380947
3735.82722380947
3735.82722380947
3735.82722380947
3735.82722380947
3735.82722380947
3735.82722380947
3735.82722380947
3735.82722380947
3735.82722380947
3735.82722380947
3735.82722380947
3735.82722380947
3735.82722380947
3735.82722380947
3735.82722380947
3735.82722380947
3735.82722380947
3742.61546184598
3742.62124467513
3742.63111293206
3742.64700114066
3742.64700114066
3742.66254968053
3742.66254968053
3742.66254968053
3742.66254968053
3742.66254968053
3742.66254968053
3742.66254968053
3742.66254968053
3742.66254968053
3742.66254968053
3742.66254968053
3742.66254968053
3742.66254968053
3742.66254968053
3742.66254968053
3742.66254968053
3742.66254968053
3742.66254968053
3742.66254968053
3742.66531167191
3742.66531167191
3742.66531167191
3742.66531167191
3742.66531167191
3742.66531167191
3742.66531167191
3744.80973957814
3744.82349719645
3744.82349719645
3744.8444683048
3744.8444683048
3744.8444683048
3744.8444683048
3744.8499168143
3744.86297918383
3744.86297918383
3744.86297918383
3744.86297918383
3744.86297918383
3744.86297918383
3744.86297918383
3744.86297918383
3744.86297918383
3744.86297918383
3744.86297918383
3744.86297918383
3744.86297918383
3744.86297918383
3744.86297918383
3744.86297918383
3744.86297918383
3744.86297918383
3744.86297918383
3744.86297918383
3744.86297918383
3744.86297918383
3744.86297918383
3744.86297918383
3744.86297918383
3744.86297918383
3744.86297918383
3744.86297918383
3744.86297918383
3744.86297918383
3744.86297918383
3744.86297918383
3744.86297918383
3744.86297918383
3744.86297918383
3744.86297918383
3744.86297918383
3744.86297918383
3744.86297918383
3744.86297918383
3744.86297918383
3744.86297918383
3744.86297918383
3744.86297918383
3744.86297918383
3744.86297918383
3744.86297918383
3744.86297918383
3744.86297918383
3744.86297918383
3744.86297918383
3744.86297918383
3744.86297918383
3744.86297918383
3744.86297918383
3744.86297918383
3744.86297918383
3744.86297918383
3744.86297918383
3744.86297918383
3744.86297918383
3744.86297918383
3744.86297918383
3744.86297918383
3744.86297918383
3744.86297918383
3744.86297918383
3744.86297918383
3744.86297918383
3744.86297918383
3744.86297918383
3744.86297918383
3744.86297918383
3744.86297918383
3744.86297918383
3744.86297918383
3744.86297918383
3744.86297918383
3744.86297918383
3744.86297918383
3744.86297918383
3744.86297918383
3744.86297918383
3744.86297918383
3744.86297918383
3744.86297918383
3744.86297918383
3744.86297918383
3744.86297918383
3744.86297918383
3744.86297918383
3744.86297918383
3744.86297918383
3744.86297918383
3744.86297918383
3744.86297918383
3744.86297918383
3744.86297918383
3744.86297918383
3744.86297918383
3744.86297918383
3744.86297918383
3744.86297918383
3744.86297918383
3744.86297918383
3744.86297918383
3744.86297918383
3744.86297918383
3744.86297918383
3744.86297918383
3744.86297918383
3744.86297918383
3744.86297918383
3744.86297918383
3744.86297918383
3744.86297918383
3744.86297918383
3744.86297918383
3744.86297918383
3744.86297918383
3744.86297918383
3744.86297918383
3744.86297918383
3744.86297918383
3744.86297918383
3744.86297918383
3744.86297918383
3744.86297918383
3744.86297918383
3744.86297918383
3744.86297918383
3744.86297918383
3744.86297918383
3744.86297918383
3744.86297918383
3744.86297918383
3744.86297918383
3744.86297918383
3744.86297918383
3744.86297918383
3744.86297918383
3744.86297918383
3744.86297918383
3748.10845616075
3751.2948986024
3751.30658039957
3751.30658039957
3751.31819746979
3751.31819746979
3751.31819746979
3751.32460972818
3751.34594872041
3751.34594872041
3751.34594872041
3751.34594872041
3751.34594872041
3751.34594872041
3751.34594872041
3751.34594872041
3751.34594872041
3751.34594872041
3751.34594872041
3751.34594872041
3751.34594872041
3751.34594872041
3751.34594872041
3751.34594872041
3751.34594872041
3751.34594872041
3751.34594872041
3751.34594872041
3751.34594872041
3751.34594872041
3751.3547847228
3751.3547847228
3751.3547847228
3751.3547847228
3751.36130976191
3751.36130976191
3751.36130976191
3751.36130976191
3751.36130976191
3751.36130976191
3751.36130976191
3751.36130976191
3751.36130976191
3751.36130976191
3751.36130976191
3751.36130976191
3751.36130976191
3751.36130976191
3751.36130976191
3751.36130976191
3751.36130976191
3751.36130976191
3751.36130976191
3751.36130976191
3751.36130976191
3751.36130976191
3751.36130976191
3751.36130976191
3751.36130976191
3751.36130976191
3751.36130976191
3751.36130976191
3751.36130976191
3751.36130976191
3751.36130976191
3751.36130976191
3751.36130976191
3751.36130976191
3751.36130976191
3751.36130976191
3751.36130976191
3751.36130976191
3751.36130976191
3751.36130976191
3751.36130976191
3751.36130976191
3751.36130976191
3751.36130976191
3751.36130976191
3751.36130976191
3751.36130976191
3751.36130976191
3751.36130976191
3751.36130976191
3751.36130976191
3751.36130976191
3751.36130976191
3751.36130976191
3751.36130976191
3751.36130976191
3751.36130976191
3751.36130976191
3751.36130976191
3751.36130976191
3751.36130976191
3751.36130976191
3751.36130976191
3751.36130976191
3751.36130976191
3751.36130976191
3751.36130976191
3751.36130976191
3751.36130976191
3751.36130976191
3751.36130976191
3751.36130976191
3751.36130976191
3751.36130976191
3751.36130976191
3751.36130976191
3751.36130976191
3751.36130976191
3751.36130976191
3751.36130976191
3751.36130976191
3751.36130976191
3751.36130976191
3751.36130976191
3751.36130976191
3752.73199200232
3752.75756594825
3752.75756594825
3752.75756594825
3752.75756594825
3752.75756594825
3752.75756594825
3752.75756594825
3752.75756594825
3752.75756594825
3752.75756594825
3752.75756594825
3752.75756594825
3752.75756594825
3752.75756594825
3752.75756594825
3752.75756594825
3752.75879287471
3752.75879287471
3752.75879287471
3752.75879287471
3752.75879287471
3752.75879287471
3752.75879287471
3752.76622330499
3752.76622330499
3752.76622330499
3752.76622330499
3752.76622330499
3752.76622330499
3752.76622330499
3752.76622330499
3752.77298166029
3752.77298166029
3752.77298166029
3752.77298166029
3752.77298166029
3752.77298166029
3752.77298166029
3752.77298166029
3752.77298166029
3752.77298166029
3752.77298166029
3752.77298166029
3752.77298166029
3752.77298166029
3752.77298166029
3752.77298166029
3752.77298166029
3752.77298166029
3752.77298166029
3752.77298166029
3752.77298166029
3752.77298166029
3752.77298166029
3752.77298166029
3752.77298166029
3752.77298166029
3752.77298166029
3752.77298166029
3752.77298166029
3752.77298166029
3752.77298166029
3752.77298166029
3752.77298166029
3752.77298166029
3752.77298166029
3752.77298166029
3752.77298166029
3752.77298166029
3752.77298166029
3752.77298166029
3752.77298166029
3752.77298166029
3752.77298166029
3752.77298166029
3752.77298166029
3752.77298166029
3752.77298166029
3752.77298166029
3752.77298166029
3752.77298166029
3752.77298166029
3752.77298166029
3752.77298166029
3752.77298166029
3752.77298166029
3752.77298166029
3752.77298166029
3752.77298166029
3752.77298166029
3752.77298166029
3752.77298166029
3752.77298166029
3752.77298166029
3752.77298166029
3752.77298166029
3752.77298166029
3752.77298166029
3752.77298166029
3752.77298166029
3752.77298166029
3752.77298166029
3752.77298166029
3752.77298166029
3752.77298166029
3752.77298166029
3752.77298166029
3752.77298166029
3752.77298166029
3752.77298166029
3752.77298166029
3752.77298166029
3752.77298166029
3752.77298166029
3752.77298166029
3752.77298166029
3752.77298166029
3752.77298166029
3752.77298166029
3752.77298166029
3752.77298166029
3752.77298166029
3752.77298166029
3752.77298166029
3752.77298166029
3752.77298166029
3752.77298166029
3752.77298166029
3752.77298166029
3752.77298166029
3752.77298166029
3752.77298166029
3752.77298166029
3752.77298166029
3752.77298166029
3752.77298166029
3752.77298166029
3752.77298166029
3752.77298166029
3752.77298166029
3752.77298166029
3752.77298166029
3752.77298166029
3752.77298166029
3752.77298166029
3752.77298166029
3752.77298166029
3752.77298166029
3752.77298166029
3752.77298166029
3752.77298166029
3752.77298166029
3752.77298166029
3752.77298166029
3752.77298166029
3752.77298166029
3752.77298166029
3752.77298166029
3752.77298166029
3752.77298166029
3752.77298166029
3752.77298166029
3752.77298166029
3752.77298166029
3752.77298166029
3752.77298166029
3752.77298166029
3752.77298166029
3752.77298166029
3752.77298166029
3752.77298166029
3752.77298166029
3752.77298166029
3752.77298166029
3752.77298166029
3752.77298166029
3752.77298166029
3752.77298166029
3752.77298166029
3752.77298166029
3752.77298166029
3752.77298166029
3752.77298166029
3752.77298166029
3752.77298166029
3752.77298166029
3752.77298166029
3752.77298166029
3752.77298166029
3752.77298166029
3752.77298166029
3752.77298166029
3752.77298166029
3752.77298166029
3752.77298166029
3752.77298166029
3752.77298166029
3752.77298166029
3752.77298166029
3752.77298166029
3752.77298166029
3752.77298166029
3752.77298166029
3757.5537859844
3757.5537859844
3757.56337456602
3757.57589828111
3757.58591929878
3757.58864238926
3757.58864238926
3757.58864238926
3757.58864238926
3757.58864238926
3757.58864238926
3757.58864238926
3757.58864238926
3757.58864238926
3757.58864238926
3757.58864238926
3757.58864238926
3757.58864238926
3757.58864238926
3757.58864238926
3757.58864238926
3757.58864238926
3757.58864238926
3757.58864238926
3757.58864238926
3757.58864238926
3757.58864238926
3757.58864238926
3757.58864238926
3757.58864238926
3757.58864238926
3757.58864238926
3757.58864238926
3757.58864238926
3757.58864238926
3757.58864238926
3757.58864238926
3757.58864238926
3757.58864238926
3757.58864238926
3757.58864238926
3757.58864238926
3757.58864238926
3757.58864238926
3757.58864238926
3757.58864238926
3757.58864238926
3757.58864238926
3757.58864238926
3757.58864238926
3757.58864238926
3757.58864238926
3757.58864238926
3757.58864238926
3757.58864238926
3757.58864238926
3757.58864238926
3757.58864238926
3757.58864238926
3757.58864238926
3757.58864238926
3757.58864238926
3757.58864238926
3757.58864238926
3757.58864238926
3757.58864238926
3757.58864238926
3757.58864238926
3757.58864238926
3757.58864238926
3757.58864238926
3757.58864238926
3757.58864238926
3757.58864238926
3762.08325919688
3762.08325919688
3762.0924232121
3762.09814272939
3762.09814272939
3762.09814272939
3762.09908792656
3762.09908792656
3762.09908792656
3762.10557805497
3762.10557805497
3762.10557805497
3762.10909142572
3762.10909142572
3762.10909142572
3762.11349173308
3762.11349173308
3762.11349173308
3762.11349173308
3762.11349173308
3762.1230958706
3762.1230958706
3762.1230958706
3762.1230958706
3762.1230958706
3762.1230958706
3762.1230958706
3762.1230958706
3762.1230958706
3762.1230958706
3762.1230958706
3762.1230958706
3762.1230958706
3762.1230958706
3762.1230958706
3762.1230958706
3762.1230958706
3762.1230958706
3762.1230958706
3762.1230958706
3762.1230958706
3762.1230958706
3762.1230958706
3762.1230958706
3762.1230958706
3762.1230958706
3762.1230958706
3762.1230958706
3762.1230958706
3762.1230958706
3769.79347826557
3769.88371317902
3769.8924542646
3769.8924542646
3769.8924542646
3769.8924542646
3769.8924542646
3769.8924542646
3769.8924542646
3769.8924542646
3769.8924542646
3769.8924542646
3769.8924542646
3769.8924542646
3769.8924542646
3769.8924542646
3769.8924542646
3769.8924542646
3769.8924542646
3769.8924542646
3769.8924542646
3769.8924542646
3769.8924542646
3769.8924542646
3769.8924542646
3769.89769272194
3769.89769272194
3769.89769272194
3769.89769272194
3769.89769272194
3769.89769272194
3769.89769272194
3769.89769272194
3769.89769272194
3769.89769272194
3769.89769272194
3769.89769272194
3769.89769272194
3769.89769272194
3769.89769272194
3769.89769272194
3769.89769272194
3769.89769272194
3769.89769272194
3769.89769272194
3769.89769272194
3769.89769272194
3769.89769272194
3769.89769272194
3769.89769272194
3769.89769272194
3769.89769272194
3769.89769272194
3769.89769272194
3769.89769272194
3769.89769272194
3769.89769272194
3769.89769272194
3769.89769272194
3769.89769272194
3769.89769272194
3769.89769272194
3769.89769272194
3769.89769272194
3769.89769272194
3769.89769272194
3769.89769272194
3769.89769272194
3769.89769272194
3769.89769272194
3769.89769272194
3769.89769272194
3769.89769272194
3769.89769272194
3769.89769272194
3769.89769272194
3769.89769272194
3769.89769272194
3769.89769272194
3769.89769272194
3769.89769272194
3769.89769272194
3769.89769272194
3769.89769272194
3769.89769272194
3769.89769272194
3769.89769272194
3769.89769272194
3769.89769272194
3769.89769272194
3769.89769272194
3769.89769272194
3769.89769272194
3769.89769272194
3769.89769272194
3769.89769272194
3769.89769272194
3769.89769272194
3769.89769272194
3769.89769272194
3769.89769272194
3769.89769272194
3769.89769272194
3769.89769272194
3769.89769272194
3780.1340627832
3780.16926044973
3780.16926044973
3780.16926044973
3780.16926044973
3780.17504625615
3780.17504625615
3780.17504625615
3780.17504625615
3780.17504625615
3780.17504625615
3785.62888534564
3785.64188749051
3786.36193829527
3786.36193829527
3786.37685023142
3786.39257152052
3786.39257152052
3786.39257152052
3786.39257152052
3786.40435988635
3786.40435988635
3786.40435988635
3786.40435988635
3786.40435988635
3791.01161108338
3791.01161108338
3791.01161108338
3791.01161108338
3791.01161108338
3791.01161108338
3791.01299509544
3791.01479912341
3791.01479912341
3791.01479912341
3791.01479912341
3791.01479912341
3791.01479912341
3791.01479912341
3791.01479912341
3791.01479912341
3791.01479912341
3791.01479912341
3791.01479912341
3791.01479912341
3791.02820756931
3791.02820756931
3791.02820756931
3791.03433932875
3791.03433932875
3791.03433932875
3791.03433932875
3791.03433932875
3791.03433932875
3791.03433932875
3791.03433932875
3791.03433932875
3791.03433932875
3791.03433932875
3791.03433932875
3791.0398283153
3791.0398283153
3791.0398283153
3791.0398283153
3791.0398283153
3791.0398283153
3791.0398283153
3791.0398283153
3791.0398283153
3791.0398283153
3791.0398283153
3791.0398283153
3791.0398283153
3791.0398283153
3791.0398283153
3791.0398283153
3791.0398283153
3791.0398283153
3791.0398283153
3791.0398283153
3791.0398283153
3791.0398283153
3791.0398283153
3791.0398283153
3791.0398283153
3791.0398283153
3791.0398283153
3791.0398283153
3791.0398283153
3791.0398283153
3791.0398283153
3791.0398283153
3791.0398283153
3791.0398283153
3791.0398283153
3791.0398283153
3791.0398283153
3791.0398283153
3791.0398283153
3791.0398283153
3791.0398283153
3791.0398283153
3791.0398283153
3791.0398283153
3791.0398283153
3791.0398283153
3791.64493702263
3791.66492589395
3791.66492589395
3791.70388214531
3791.70388214531
3791.70388214531
3791.70388214531
3791.70388214531
3791.70388214531
3791.70388214531
3791.70388214531
3791.70388214531
3791.70388214531
3791.70388214531
3791.70388214531
3791.70388214531
3791.70388214531
3791.70388214531
3791.70388214531
3791.70388214531
3791.70388214531
3791.70388214531
3791.70388214531
3791.70388214531
3791.70388214531
3791.70388214531
3791.70388214531
3791.70388214531
3791.70388214531
3791.70388214531
3791.70388214531
3791.70388214531
3791.70388214531
3791.70388214531
3791.70388214531
3791.70388214531
3791.70388214531
3791.70388214531
3791.70388214531
3791.70388214531
3791.70388214531
3791.70388214531
3791.70388214531
3791.70388214531
3791.70388214531
3791.70388214531
3791.70388214531
3791.70388214531
3791.70388214531
3791.70388214531
3791.70388214531
3791.70388214531
3791.70388214531
3791.70388214531
3791.70388214531
3791.70388214531
3791.70388214531
3793.99199567754
3793.99271518627
3793.99271518627
3793.99271518627
3793.99577351966
3793.99577351966
3794.00128078478
3794.00293023703
3794.00293023703
3794.00293023703
3794.00706927049
3794.00706927049
3794.00706927049
3794.00706927049
3794.00873461371
3794.00873461371
3794.00873461371
3794.00873461371
3794.00873461371
3794.00873461371
3794.00873461371
3794.00873461371
3794.00873461371
3794.00873461371
3794.00873461371
3794.00873461371
3794.00873461371
3794.00873461371
3794.00873461371
3794.00873461371
3794.00873461371
3794.00873461371
3794.00873461371
3794.00873461371
3794.00873461371
3794.00873461371
3795.34017082011
3795.34710166232
3795.36054057603
3795.36321616111
3795.36321616111
3795.36321616111
3795.36321616111
3795.36321616111
3795.36321616111
3795.36479213108
3795.37022558527
3795.37022558527
3795.37022558527
3795.37022558527
3795.37022558527
3795.37022558527
3795.37022558527
3795.37022558527
3800.21513650257
3800.23305709735
3800.24363735687
3800.24363735687
3800.24363735687
3800.24363735687
3800.24363735687
3800.25469312003
3800.25469312003
3800.25469312003
3800.25469312003
3800.25469312003
3800.25469312003
3800.27267252093
3800.27267252093
3800.27267252093
3800.27267252093
3800.27267252093
3800.27267252093
3800.27267252093
3800.27267252093
3800.27267252093
3800.27267252093
3800.27267252093
3800.27267252093
3800.27267252093
3800.27267252093
3800.27267252093
3800.27267252093
3800.27267252093
3800.27267252093
3800.27267252093
3800.27267252093
3800.27267252093
3800.27267252093
3800.27267252093
3800.27267252093
3800.27267252093
3800.27267252093
3800.27267252093
3800.27267252093
3800.27267252093
3800.27267252093
3800.27267252093
3800.27267252093
3800.27267252093
3800.27267252093
3800.27267252093
3800.27267252093
3800.27267252093
3800.27267252093
3800.27267252093
3800.27267252093
3800.27267252093
3800.27267252093
3800.27267252093
3800.27267252093
3800.27267252093
3800.27267252093
3800.27267252093
3800.27267252093
3800.27267252093
3800.27267252093
3800.27267252093
3800.27267252093
3800.27267252093
3800.27267252093
3800.27267252093
3800.27267252093
3800.27267252093
3800.27267252093
3800.27267252093
3800.27267252093
3800.27267252093
3800.27267252093
3800.27267252093
3800.27267252093
3800.27267252093
3800.27267252093
3800.27267252093
3800.27267252093
3800.27267252093
3800.27267252093
3800.27267252093
3800.27267252093
3800.27267252093
3800.27267252093
3800.27267252093
3800.27267252093
3800.27267252093
3800.27267252093
3800.27267252093
3800.27267252093
3806.3576433034
3806.37255347319
3806.37976766029
3814.64698526666
3814.65995624638
3814.65995624638
3814.65995624638
3814.66209754507
3814.66933753241
3814.66933753241
3814.69508806998
3814.69508806998
3814.69508806998
3814.69508806998
3814.69508806998
3814.69508806998
3814.69508806998
3814.69508806998
3814.70269241425
3814.70269241425
3814.70269241425
3814.7047282728
3814.7047282728
3814.7047282728
3814.7047282728
3814.7047282728
3814.7106205251
3814.7106205251
3814.7106205251
3814.7106205251
3814.7106205251
3814.7106205251
3814.7106205251
3814.7106205251
3814.7106205251
3814.7106205251
3814.7106205251
3814.7106205251
3814.7106205251
3814.7106205251
3814.7106205251
3814.7106205251
3814.7106205251
3814.7106205251
3814.7106205251
3814.7106205251
3814.7106205251
3814.7106205251
3814.7106205251
3814.7106205251
3814.7106205251
3814.7106205251
3814.7106205251
3814.7106205251
3814.7106205251
3814.7106205251
3814.7106205251
3814.7106205251
3814.7106205251
3814.7106205251
3814.7106205251
3814.7106205251
3814.7106205251
3814.7106205251
3814.7106205251
3814.7106205251
3814.7106205251
3814.7106205251
3814.7106205251
3814.7106205251
3814.7106205251
3814.7106205251
3814.7106205251
3814.7106205251
3814.7106205251
3814.7106205251
3814.7106205251
3814.7106205251
3814.7106205251
3814.7106205251
3814.7106205251
3814.7106205251
3814.7106205251
3814.7106205251
3814.7106205251
3814.7106205251
3814.7106205251
3814.7106205251
3814.7106205251
3814.7106205251
3814.7106205251
3814.7106205251
3814.7106205251
3819.57384423828
3819.59890172096
3819.59890172096
3819.59890172096
3819.59890172096
3819.59890172096
3819.59890172096
3819.59890172096
3819.59890172096
3819.59890172096
3819.59890172096
3819.59890172096
3819.59890172096
3819.59890172096
3819.59890172096
3819.59890172096
3819.59890172096
3819.59890172096
3819.59890172096
3819.59890172096
3819.59890172096
3819.59890172096
3819.59890172096
3819.59890172096
3819.59890172096
3819.59890172096
3819.59890172096
3819.60857763356
3819.60857763356
3819.60857763356
3819.60857763356
3819.60857763356
3819.60857763356
3819.60857763356
3819.60857763356
3819.60857763356
3819.60857763356
3819.60857763356
3822.80471745624
3822.81354125176
3822.85361382285
3822.85361382285
3822.85361382285
3822.85361382285
3822.85361382285
3822.85361382285
3822.85361382285
3822.85361382285
3822.85361382285
3822.85361382285
3822.85361382285
3822.85361382285
3822.85361382285
3822.85361382285
3822.85361382285
3822.85361382285
3822.85361382285
3822.85361382285
3822.85361382285
3822.85361382285
3822.85361382285
3822.85361382285
3822.85361382285
3822.85361382285
3822.85361382285
3822.85361382285
3822.85361382285
3822.85361382285
3822.85361382285
3822.85361382285
3822.85361382285
3822.85361382285
3822.85361382285
3822.85361382285
3822.85361382285
3822.85361382285
3822.85361382285
3822.85361382285
3822.85361382285
3822.85361382285
3822.85361382285
3822.85361382285
3822.85361382285
3822.85361382285
3822.85361382285
3822.85361382285
3822.85361382285
3822.85361382285
3822.85361382285
3822.85361382285
3822.85361382285
3822.85361382285
3822.85361382285
3822.85361382285
3822.85361382285
3822.85361382285
3822.85361382285
3822.85361382285
3822.85361382285
3822.85361382285
3822.85361382285
3822.85361382285
3822.85361382285
3822.85361382285
3822.85361382285
3822.85361382285
3822.85361382285
3822.85361382285
3822.85361382285
3822.85361382285
3822.85361382285
3822.85361382285
3822.85361382285
3822.85361382285
3822.85361382285
3822.85361382285
3822.85361382285
3822.85361382285
3822.85361382285
3822.85361382285
3822.85361382285
3822.85361382285
3822.85361382285
3822.85361382285
3822.85361382285
3822.85361382285
3822.85361382285
3822.85361382285
3822.85361382285
3822.85361382285
3822.85361382285
3822.85361382285
3822.85361382285
3822.85361382285
3822.85361382285
3822.85361382285
3822.85361382285
3822.85361382285
3822.85361382285
3822.85361382285
3822.85361382285
3822.85361382285
3822.85361382285
3822.85361382285
3822.85361382285
3822.85361382285
3822.85361382285
3822.85361382285
3822.85361382285
3822.85361382285
3822.85361382285
3823.38702645968
3823.4229833663
3823.4229833663
3823.44968199915
3823.44968199915
3823.44968199915
3823.44968199915
3823.44968199915
3823.44968199915
3823.44968199915
3823.44968199915
3823.45509921494
3823.45509921494
3823.45509921494
3823.45509921494
3823.45509921494
3823.45509921494
3823.45509921494
3823.45509921494
3823.46249298503
3823.46249298503
3823.46249298503
3823.46249298503
3823.46249298503
3823.46249298503
3823.46249298503
3823.46249298503
3823.46249298503
3823.46249298503
3823.46249298503
3823.46249298503
3823.46249298503
3823.46249298503
3823.46249298503
3823.46249298503
3823.46249298503
3823.46249298503
3823.46249298503
3823.46249298503
3823.46249298503
3823.46249298503
3823.46249298503
3823.46249298503
3823.46249298503
3823.46249298503
3823.46249298503
3823.46249298503
3823.46249298503
3823.46249298503
3823.46249298503
3823.46249298503
3823.46249298503
3823.46249298503
3823.46249298503
3823.46249298503
3823.46249298503
3823.46249298503
3823.46249298503
3823.46249298503
3823.46249298503
3823.46249298503
3823.46249298503
3823.46249298503
3823.46249298503
3823.46249298503
3823.46249298503
3823.46249298503
3823.46249298503
3823.46249298503
3823.46249298503
3823.46249298503
3823.46249298503
3823.46249298503
3823.46249298503
3823.46249298503
3823.46249298503
3823.46249298503
3823.46249298503
3823.46249298503
3823.46249298503
3824.06102204438
3824.06102204438
3824.06102204438
3824.06102204438
3824.06102204438
3824.06575581454
3824.06575581454
3824.06575581454
3824.06575581454
3824.06575581454
3824.06575581454
3824.06575581454
3824.06575581454
3824.06575581454
3824.06575581454
3824.06575581454
3824.06575581454
3824.06575581454
3824.06575581454
3824.06575581454
3824.06575581454
3824.06865752222
3824.06865752222
3833.86087536423
3833.86087536423
3833.86921937949
3833.86921937949
3833.86921937949
3833.87237077358
3833.87237077358
3833.87237077358
3833.87237077358
3833.87237077358
3833.87237077358
3833.87237077358
3833.87237077358
3833.89258701994
3833.89258701994
3833.89258701994
3833.89258701994
3833.89258701994
3833.89258701994
3833.89258701994
3833.89258701994
3833.89258701994
3833.89258701994
3833.89258701994
3833.89258701994
3833.89258701994
3833.89258701994
3833.89258701994
3833.89258701994
3833.89258701994
3833.89258701994
3833.89258701994
3833.89258701994
3833.89258701994
3833.89258701994
3833.89258701994
3833.89258701994
3833.89258701994
3833.89258701994
3833.89258701994
3833.89258701994
3833.89258701994
3833.89258701994
3833.89258701994
3833.89258701994
3833.89258701994
3833.89258701994
3833.89258701994
3833.89258701994
3833.89258701994
3833.89258701994
3833.89258701994
3833.89258701994
3833.89258701994
3833.89258701994
3833.89258701994
3833.89258701994
3833.89258701994
3833.89258701994
3833.89258701994
3833.89258701994
3833.89258701994
3833.89258701994
3833.89258701994
3833.89258701994
3833.89258701994
3833.89258701994
3837.79126060051
3837.79126060051
3837.79918647384
3837.79918647384
3837.79918647384
3837.79918647384
3837.79918647384
3837.79918647384
3837.79918647384
3837.80093559192
3837.80093559192
3837.80093559192
3837.80093559192
3837.80093559192
3837.80269247304
3837.80269247304
3837.80269247304
3837.80269247304
3837.82371436297
3837.82371436297
3837.82371436297
3837.82371436297
3837.82371436297
3837.82371436297
3837.82371436297
3837.82371436297
3837.82371436297
3837.82371436297
3837.82371436297
3837.82371436297
3837.82371436297
3837.82371436297
3837.82371436297
3837.82371436297
3837.82371436297
3837.82371436297
3837.82371436297
3837.82371436297
3837.82371436297
3837.82371436297
3837.82371436297
3837.82371436297
3837.82371436297
3837.82371436297
3837.82371436297
3837.82371436297
3837.82371436297
3837.82371436297
3837.82371436297
3837.82371436297
3837.82371436297
3837.82371436297
3837.82371436297
3837.82371436297
3837.82371436297
3837.82371436297
3837.82371436297
3837.82371436297
3837.82371436297
3837.82371436297
3837.82371436297
3837.82371436297
3837.82371436297
3837.82371436297
3837.82371436297
3837.82371436297
3837.82371436297
3837.82371436297
3837.82371436297
3837.82371436297
3837.82371436297
3837.82371436297
3837.82371436297
3837.82371436297
3837.82371436297
3837.82371436297
3837.82371436297
3837.82371436297
3837.82371436297
3837.82371436297
3837.82371436297
3837.82371436297
3837.82371436297
3837.82371436297
3841.20627318915
3841.2139001895
3841.2139001895
3841.2139001895
3841.2139001895
3841.22351491197
3845.21987188472
3845.24668115314
3845.26935089319
3845.26935089319
3845.26935089319
3845.26935089319
3845.26935089319
3845.26935089319
3845.26935089319
3845.26935089319
3845.26935089319
3845.26935089319
3845.26935089319
3845.27878238704
3845.27878238704
3845.27878238704
3845.27878238704
3845.27878238704
3845.27878238704
3845.29254000571
3845.29254000571
3845.29254000571
3845.29254000571
3845.29254000571
3845.29254000571
3845.29254000571
3845.29254000571
3845.29254000571

