2662.60734881627
2838.70694435089
2929.8848576997
2991.38447323449
3062.99681062453
3122.03113137155
3170.685496764
3184.53031486339
3214.6058967783
3245.58326822866
3261.63113682059
3274.41761826924
3300.72437797345
3303.25537238195
3333.01802712713
3342.04807839074
3352.81819352848
3370.10576563731
3374.15517409683
3374.15517409683
3375.90566742556
3384.03710655726
3403.16829348434
3407.51835005765
3411.04562944815
3417.01733873879
3435.89936572142
3453.83126072364
3467.72573375718
3469.37387351977
3475.94412712886
3477.29892102622
3480.04178321178
3480.04178321178
3480.04178321178
3480.0597080992
3480.0597080992
3482.74689913012
3488.01150753511
3494.18533984788
3494.99824068012
3494.99824068012
3499.93762069431
3502.03588003133
3502.03588003133
3512.65879258216
3517.97254297403
3519.71408189087
3519.71408189087
3519.71408189087
3519.71408189087
3519.71408189087
3519.71408189087
3524.86264896123
3525.70902274477
3530.66995757318
3530.66995757318
3535.70907890395
3540.63900020709
3551.89111505251
3551.89111505251
3552.65675198619
3560.7342947282
3568.47936103098
3570.14687549947
3570.14687549947
3570.14687549947
3584.37285322251
3586.36016915193
3588.76533635893
3589.69476737855
3592.10831267105
3594.03330184275
3594.59149054382
3595.45786924471
3599.58109798732
3599.58109798732
3599.58109798732
3599.58109798732
3599.58109798732
3599.58109798732
3608.41780807695
3615.46464395135
3615.46464395135
3618.07921699267
3622.26714920791
3622.26714920791
3622.26714920791
3623.5832247199
3623.5832247199
3623.5832247199
3623.5832247199
3632.09716683933
3637.80653669872
3637.80653669872
3637.80653669872
3639.35581475368
3639.35581475368
3643.46871226146
3643.46871226146
3645.84052060098
3647.61805514247
3647.61805514247
3647.61805514247
3648.12667137665
3650.65788464598
3658.60194971358
3668.61862649167
3669.73872633668
3674.35953872605
3674.35953872605
3674.35953872605
3674.35953872605
3676.2702105532
3676.2702105532
3678.06326633446
3679.02476323119
3679.02476323119
3687.04218891837
3687.04218891837
3687.76465884186
3689.87627209364
3689.87627209364
3689.87627209364
3689.87627209364
3689.87627209364
3689.87627209364
3689.87627209364
3689.87627209364
3689.87627209364
3689.87627209364
3689.87627209364
3690.12471875741
3692.61323934858
3695.586659536
3697.75594238775
3701.47428374022
3701.47428374022
3702.7571243788
3704.31501844813
3704.31501844813
3704.31501844813
3704.31501844813
3704.31501844813
3705.44254779609
3707.92047294794
3710.03896150371
3710.03896150371
3710.03896150371
3710.03896150371
3710.03896150371
3710.03896150371
3710.03896150371
3710.81182856825
3711.31491232551
3713.61496828281
3713.61496828281
3716.29429672129
3716.29429672129
3716.29429672129
3716.29429672129
3716.29429672129
3716.29429672129
3716.29429672129
3717.52630382287
3717.81141591203
3717.81141591203
3717.81141591203
3717.81141591203
3718.27908744014
3718.27908744014
3718.27908744014
3718.27908744014
3718.27908744014
3718.60446451452
3720.26427247105
3720.26427247105
3723.93811875138
3724.16804227056
3724.16804227056
3724.16804227056
3724.16804227056
3724.16804227056
3724.16804227056
3724.16804227056
3724.16804227056
3724.16804227056
3724.71194169121
3726.33973029665
3726.33973029665
3726.33973029665
3726.33973029665
3726.33973029665
3727.12591071704
3727.12591071704
3727.14697583452
3727.14697583452
3727.14697583452
3727.14697583452
3727.14697583452
3727.14697583452
3727.14697583452
3727.14697583452
3727.14697583452
3727.14697583452
3727.14697583452
3727.14697583452
3727.14697583452
3727.14697583452
3727.14697583452
3727.14697583452
3727.14697583452
3727.14697583452
3727.14697583452
3727.14697583452
3727.14697583452
3727.14697583452
3729.19693014983
3729.78910986281
3729.78910986281
3729.78910986281
3729.78910986281
3729.78910986281
3729.78910986281
3729.78910986281
3729.78910986281
3736.88002067838
3736.88002067838
3736.88002067838
3736.88002067838
3736.88002067838
3736.88002067838
3736.88002067838
3736.88002067838
3736.88002067838
3736.88002067838
3736.88002067838
3736.88002067838
3736.88002067838
3736.88002067838
3741.39494929309
3742.38411695539
3742.38411695539
3742.38411695539
3742.38411695539
3742.38411695539
3742.38411695539
3742.38411695539
3742.38411695539
3742.38411695539
3742.38411695539
3742.38411695539
3742.38411695539
3742.38411695539
3742.38411695539
3742.38411695539
3744.7268348184
3744.7268348184
3744.7268348184
3744.7268348184
3744.7268348184
3744.7268348184
3744.7268348184
3744.91272972974
3746.13271069505
3747.07809268419
3747.25762118568
3748.96456818311
3748.96456818311
3748.97050857063
3749.28113169758
3749.28113169758
3749.28113169758
3749.47646897416
3749.47646897416
3749.47646897416
3749.47646897416
3749.47646897416
3749.47646897416
3749.47646897416
3749.47646897416
3754.51404001212
3755.67969475371
3755.67969475371
3755.67969475371
3755.67969475371
3755.67969475371
3755.67969475371
3755.67969475371
3755.67969475371
3755.67969475371
3755.67969475371
3755.67969475371
3755.67969475371
3755.67969475371
3755.67969475371
3755.67969475371
3757.51433145123
3762.39108320875
3762.39108320875
3762.39108320875
3762.39108320875
3762.39679069761
3763.31024090068
3763.31024090068
3763.31024090068
3763.31024090068
3763.31024090068
3763.31024090068
3763.31024090068
3763.31024090068
3763.31024090068
3763.31024090068
3763.43700419387
3764.00543831436
3764.00543831436
3764.00543831436
3764.00543831436
3764.00543831436
3764.00543831436
3764.00543831436
3764.00543831436
3764.00543831436
3764.49907417042
3764.49907417042
3764.49907417042
3764.49907417042
3764.49907417042
3764.95569271793
3769.57315973266
3769.57315973266
3769.57315973266
3769.57315973266
3769.57315973266
3769.57315973266
3769.57315973266
3769.57315973266
3769.57315973266
3770.40430883136
3779.90197915054
3785.01371975754
3789.15805218058
3789.15805218058
3789.15805218058
3789.15805218058
3789.15805218058
3789.15805218058
3789.15805218058
3789.15805218058
3789.47989966392
3789.47989966392
3789.47989966392
3789.47989966392
3789.47989966392
3789.47989966392
3790.3270354907
3790.3270354907
3793.33826100091
3793.33826100091
3793.33826100091
3793.33826100091
3793.33826100091
3793.72769385554
3793.81252351841
3793.81252351841
3793.81252351841
3793.81252351841
3793.81252351841
3793.81252351841
3793.81252351841
3793.81252351841
3793.81252351841
3793.81252351841
3793.81252351841
3795.16813676304
3795.16813676304
3795.16813676304
3795.16813676304
3795.16813676304
3795.16813676304
3795.16813676304
3795.16813676304
3795.16813676304
3795.16813676304
3795.16813676304
3795.16813676304
3795.16813676304
3795.16813676304
3795.16813676304
3795.16813676304
3795.16813676304
3795.16813676304
3795.16813676304
3795.16813676304
3795.16813676304
3795.16813676304
3795.16813676304
3795.16813676304
3795.16813676304
3795.16813676304
3795.16813676304
3795.16813676304
3795.16813676304
3795.16813676304
3795.16813676304
3795.16813676304
3795.16813676304
3795.16813676304
3795.16813676304
3795.16813676304
3795.16813676304
3795.16813676304
3795.16813676304
3795.16813676304
3795.16813676304
3795.16813676304
3795.16813676304
3795.16813676304
3795.16813676304
3795.16813676304
3795.16813676304
3795.41647234923
3795.41647234923
3795.41647234923
3795.41647234923
3795.96907647189
3797.38544224934
3797.38544224934
3797.38544224934
3797.38544224934
3797.38544224934
3797.38544224934
3797.38544224934
3797.38544224934
3797.38544224934
3797.38544224934
3797.38544224934
3797.38544224934
3797.38544224934
3797.38544224934
3797.38544224934
3797.38544224934
3797.38544224934
3797.38544224934
3800.59490176657
3803.6032681316
3803.6032681316
3803.6032681316
3803.6032681316
3803.6032681316
3803.6032681316
3803.6032681316
3804.25484636782
3804.25484636782
3804.25484636782
3804.25484636782
3804.25484636782
3804.25484636782
3804.25484636782
3804.25484636782
3804.25484636782
3804.25484636782
3804.25484636782
3804.25484636782
3804.25484636782
3804.25484636782
3804.25484636782
3804.25484636782
3804.25484636782
3804.25484636782
3804.25484636782
3804.25484636782
3804.25484636782
3804.25484636782
3804.25484636782
3804.25484636782
3804.25484636782
3804.25484636782
3804.25484636782
3804.25484636782
3804.25484636782
3804.25484636782
3804.25484636782
3804.25484636782
3804.25484636782
3804.25484636782
3804.25484636782
3804.25484636782
3805.90657638008
3811.39089667025
3811.39089667025
3811.39089667025
3811.39089667025
3811.39089667025
3811.39089667025
3811.39089667025
3811.39089667025
3811.39089667025
3811.39089667025
3811.39089667025
3811.39089667025
3811.39089667025
3811.39089667025
3811.39089667025
3811.39089667025
3811.39089667025
3811.39089667025
3814.60612339666
3818.71438603812
3821.93509576117
3822.02664882187
3822.02664882187
3822.02664882187
3822.02664882187
3822.02664882187
3822.02664882187
3824.7057275625
3824.7057275625
3824.7057275625
3832.54332284762
3834.01213508108
3834.01213508108
3834.01213508108
3834.01213508108
3834.01213508108
3834.01213508108
3834.82320372885
3834.82320372885
3834.82320372885
3834.82320372885
3834.82320372885
3834.82320372885
3835.09293593351
3835.09293593351
3835.09293593351
3835.09293593351
3835.09293593351
3835.09293593351
3835.09293593351
3835.09293593351
3835.09293593351
3835.09293593351
3835.09293593351
3835.09293593351
3835.09293593351
3835.09293593351
3835.09293593351
3835.09293593351
3835.09293593351
3835.09293593351
3835.09293593351
3835.09293593351
3835.09293593351
3835.09293593351
3835.09293593351
3835.09293593351
3835.09293593351
3835.09293593351
3835.09293593351
3835.09293593351
3835.09293593351
3835.09293593351
3836.0076471002
3836.0076471002
3836.0076471002
3836.0076471002
3843.15725443315
3843.15725443315
3843.15725443315
3843.15725443315
3843.15725443315
3843.15725443315
3843.34061159258
3843.34061159258
3843.34061159258
3843.34061159258
3843.34061159258
3843.34061159258
3843.34061159258
3843.34061159258
3843.34061159258
3843.34061159258
3843.34061159258
3843.34061159258
3843.34061159258
3843.97624253469
3843.97624253469
3843.97624253469
3843.97624253469
3843.97624253469
3843.97624253469
3843.97624253469
3843.97624253469
3843.97624253469
3845.37260387748
3845.91547155883
3845.91547155883
3845.91547155883
3845.91547155883
3845.91547155883
3845.91547155883
3845.91547155883
3845.91547155883
3845.91547155883
3845.91547155883
3845.91547155883
3845.91547155883
3845.91547155883
3845.91547155883
3845.91547155883
3845.91547155883
3845.97971747681
3846.12040403705
3846.12040403705
3846.12040403705
3846.12040403705
3846.12040403705
3846.12040403705
3846.70006967395
3846.70006967395
3846.70006967395
3846.70006967395
3847.71953179115
3847.71953179115
3847.71953179115
3847.71953179115
3847.71953179115
3847.71953179115
3849.18152481601
3849.18152481601
3849.18152481601
3851.47245126758
3851.47245126758
3851.47245126758
3851.47245126758
3851.47245126758
3851.47245126758
3851.47245126758
3851.47245126758
3851.47245126758
3851.47245126758
3851.47245126758
3851.47245126758
3851.47245126758
3851.47245126758
3851.47245126758
3851.47245126758
3851.47245126758
3851.47245126758
3851.47245126758
3851.47245126758
3851.47245126758
3851.47245126758
3851.47245126758
3851.47245126758
3851.47245126758
3851.47245126758
3851.47245126758
3852.52475879329
3852.52475879329
3852.52475879329
3852.52475879329
3852.52475879329
3852.52475879329
3852.52475879329
3852.52475879329
3852.52475879329
3852.52475879329
3853.41958574721
3856.1875893885
3856.1875893885
3856.1875893885
3856.1875893885
3856.1875893885
3856.1875893885
3856.1875893885
3856.1875893885
3856.1875893885
3856.1875893885
3856.1875893885
3856.1875893885
3856.1875893885
3856.1875893885
3856.1875893885
3856.1875893885
3856.1875893885
3856.1875893885
3856.1875893885
3856.1875893885
3856.1875893885
3856.1875893885
3856.1875893885
3856.1875893885
3856.1875893885
3856.1875893885
3856.1875893885
3856.1875893885
3856.1875893885
3856.1875893885
3856.19854036982
3856.19854036982
3856.19854036982
3859.19865034311
3859.19865034311
3859.19865034311
3859.19865034311
3859.19865034311
3859.19865034311
3859.19865034311
3859.19865034311
3859.44464914363
3860.45742149018
3860.45742149018
3860.45742149018
3861.15007339253
3861.15007339253
3861.15007339253
3861.15007339253
3861.15007339253
3861.15007339253
3861.15007339253
3861.15007339253
3861.30405361098
3861.30405361098
3861.30405361098
3861.30405361098
3861.30405361098
3861.30405361098
3861.30405361098
3861.30405361098
3861.30405361098
3861.30405361098
3861.30405361098
3861.30405361098
3861.30405361098
3861.30405361098
3861.30405361098
3861.30405361098
3861.30405361098
3861.30405361098
3861.30405361098
3861.30405361098
3861.30405361098
3861.30405361098
3861.30405361098
3861.30405361098
3861.30405361098
3861.30405361098
3861.30405361098
3861.30405361098
3861.30405361098
3861.30405361098
3861.30405361098
3861.30405361098
3861.30405361098
3861.30405361098
3861.30405361098
3861.30405361098
3861.77782919511
3861.77782919511
3861.77782919511
3861.77782919511
3861.77782919511
3861.77782919511
3861.77782919511
3861.77782919511
3861.77782919511
3861.77782919511
3861.77782919511
3861.77782919511
3861.77782919511
3861.77782919511
3861.77782919511
3861.77782919511
3861.77782919511
3861.77782919511
3861.77782919511
3861.77782919511
3861.77782919511
3861.77782919511
3861.77782919511
3861.77782919511
3861.77782919511
3861.77782919511
3861.77782919511
3861.77782919511
3861.77782919511
3861.77782919511
3861.77782919511
3861.77782919511
3861.77782919511
3861.77782919511
3861.77782919511
3863.70658337934
3864.43022748661
3864.43022748661
3864.43022748661
3864.43022748661
3864.43022748661
3864.43022748661
3864.43022748661
3864.43022748661
3864.43022748661
3864.43022748661
3864.43022748661
3864.43022748661
3864.43022748661
3865.14447973664
3865.14447973664
3865.14447973664
3865.14447973664
3865.14447973664
3865.14447973664
3865.14447973664
3865.14447973664
3865.14447973664
3865.14447973664
3865.14447973664
3865.14447973664
3865.14447973664
3865.14447973664
3865.14447973664
3865.14447973664
3865.14447973664
3865.14447973664
3865.14447973664
3865.14447973664
3865.14447973664
3865.14447973664
3865.14447973664
3865.14447973664
3865.14447973664
3865.14447973664
3865.14447973664
3869.20131652394
3869.20131652394
3869.20131652394
3869.20131652394
3869.20131652394
3869.20131652394
3869.20131652394
3869.20131652394
3869.20131652394
3869.20131652394
3869.20131652394
3869.20131652394
3869.20131652394
3869.20131652394
3869.20131652394
3869.20131652394
3869.20131652394
3869.20131652394
3869.20131652394
3869.20131652394
3869.20131652394
3869.53260829112
3871.94307637249
3876.15235711312
3876.15235711312
3876.15235711312
3876.15235711312
3876.15235711312
3876.15235711312
3876.15235711312
3876.15235711312
3876.15235711312
3876.15235711312
3876.15235711312
3876.15235711312
3876.15235711312
3876.15235711312
3876.15235711312
3876.15235711312
3876.15235711312
3876.15235711312
3876.58109632475
3876.58109632475
3876.58109632475
3876.58109632475
3876.58109632475
3876.58109632475
3876.58109632475
3876.58109632475
3876.58109632475
3876.58109632475
3876.58109632475
3876.58109632475
3876.58109632475
3876.58109632475
3876.58109632475
3876.58109632475
3876.58109632475
3876.58109632475
3876.58109632475
3876.58109632475
3876.58109632475
3876.58109632475
3877.69106708599
3878.11066797642
3878.11066797642
3878.11066797642
3881.53700756966
3881.53700756966
3881.53700756966
3881.53700756966
3881.53700756966
3881.53700756966
3881.53700756966
3881.53700756966
3881.53700756966
3881.53700756966
3881.53700756966
3881.53700756966
3881.53700756966
3881.53700756966
3881.53700756966
3881.53700756966
3881.53700756966
3881.53700756966
3881.53700756966
3881.53700756966
3881.53700756966
3881.53700756966
3881.53700756966
3881.53700756966
3886.95580890855
3889.60021190864
3889.60021190864
3889.60021190864
3889.60021190864
3889.60021190864
3889.60021190864
3889.60021190864
3891.23776193623
3891.23776193623
3891.23776193623
3891.23776193623
3891.23776193623
3891.23776193623
3891.23776193623
3892.4118380003
3892.4118380003
3892.4118380003
3892.4118380003
3892.4118380003
3892.4118380003
3892.4118380003
3892.4118380003
3892.4118380003
3892.4118380003
3892.4118380003
3892.4118380003
3892.4118380003
3892.4118380003
3892.4118380003
3892.4118380003
3892.4118380003
3892.4118380003
3892.4118380003
3892.4118380003
3892.4118380003
3892.4118380003
3892.4118380003
3892.4118380003
3892.4118380003
3892.4118380003
3892.4118380003
3892.4118380003
3892.4118380003
3892.49519868369
3892.49519868369
3892.49519868369
3892.49519868369
3892.49519868369
3892.49519868369
3892.49519868369
3892.49519868369
3892.49519868369
3892.49519868369
3892.49519868369
3892.49519868369
3892.49519868369
3892.49519868369
3892.49519868369
3892.49519868369
3892.49519868369
3892.49519868369
3892.49519868369
3892.49519868369
3892.49519868369
3897.90717393456
3897.90717393456
3897.90717393456
3897.90717393456
3897.90717393456
3897.90717393456
3897.90717393456
3897.90717393456
3897.90717393456
3897.90717393456
3897.90717393456
3897.90717393456
3897.90717393456
3897.90717393456
3897.90717393456
3897.90717393456
3897.90717393456
3897.90717393456
3897.90717393456
3897.90717393456
3897.90717393456
3897.90717393456
3897.90717393456
3897.90717393456
3897.90717393456
3897.90717393456
3897.90717393456
3897.90717393456
3897.90717393456
3897.90717393456
3897.90717393456
3897.90717393456
3897.90717393456
3897.90717393456
3897.90717393456
3897.90717393456
3897.90717393456
3897.90717393456
3897.90717393456
3897.90717393456
3897.90717393456
3897.90717393456
3897.90717393456
3897.90717393456
3897.90717393456
3897.90717393456
3897.90717393456
3897.90717393456
3897.90717393456
3897.90717393456
3897.90717393456
3897.90717393456
3897.90717393456
3897.90717393456
3897.90717393456
3897.90717393456
3898.67676363445
3898.67676363445
3898.67676363445
3898.67676363445
3898.67676363445
3898.67676363445
3898.67676363445
3898.67676363445
3898.67676363445
3898.67676363445
3898.67676363445
3898.67676363445
3899.3011559312
3900.23162435428
3900.23162435428
3900.23162435428
3900.23162435428
3901.03878553649
3901.03878553649
3901.03878553649
3901.03878553649
3901.03878553649
3902.04831552299
3903.54244156437
3903.54244156437
3903.54244156437
3903.54244156437
3903.54244156437
3903.54244156437
3903.54244156437
3903.54244156437
3905.85524650003
3907.00318052409
3907.00318052409
3907.00318052409
3907.00318052409
3907.00318052409
3907.00318052409
3907.00318052409
3907.00318052409
3907.00318052409
3907.00318052409
3907.00318052409
3907.00318052409
3907.00318052409
3907.00318052409
3907.00318052409
3907.00318052409
3907.00318052409
3911.09887101597
3911.60533369476
3911.60533369476
3911.60533369476
3911.60533369476
3911.60533369476
3911.60533369476
3911.60533369476
3911.60533369476
3911.60533369476
3911.60533369476
3911.60533369476
3911.60533369476
3911.60533369476
3911.60533369476
3911.60533369476
3911.60533369476
3912.51332534437
3914.57441109033
3914.57441109033
3914.57441109033
3914.57441109033
3914.57441109033
3914.57441109033
3914.57441109033
3914.57441109033
3914.57441109033
3914.57441109033
3914.57441109033
3914.57441109033
3914.57441109033
3914.57441109033
3914.57441109033
3914.57441109033
3914.57441109033
3914.57441109033
3914.57441109033
3914.57441109033
3914.57441109033
3914.57441109033
3914.57441109033
3914.57441109033
3914.57441109033
3914.57441109033
3914.57441109033
3914.59483144438
3915.45558997887
3915.45558997887
3915.45558997887
3915.45558997887
3915.45558997887
3915.45558997887
3915.45558997887
3915.45558997887
3915.45558997887
3915.45558997887
3915.45558997887
3915.45558997887
3915.45558997887
3915.45558997887
3915.45558997887
3915.45558997887
3915.45558997887
3915.45558997887
3915.45558997887
3915.45558997887
3915.45558997887
3915.45558997887
3915.45558997887
3915.45558997887
3915.53674066759
3915.53674066759
3915.53674066759
3915.53674066759
3915.62081721611
3915.62081721611
3915.62081721611
3915.62081721611
3915.62081721611
3915.62081721611
3915.62081721611
3915.62081721611
3915.62081721611
3915.62081721611
3915.62081721611
3915.62081721611
3915.62081721611
3915.62081721611
3915.62081721611
3915.62081721611
3915.62081721611
3915.62081721611
3915.62081721611
3915.62081721611
3915.62081721611
3915.62081721611
3915.62081721611
3918.06386822241
3918.13048786738
3918.13048786738
3918.13048786738
3918.13048786738
3918.13048786738
3918.13048786738
3918.13048786738
3918.13048786738
3918.13048786738
3918.13048786738
3918.13048786738
3918.13048786738
3918.13048786738
3918.13048786738
3918.13048786738
3918.13048786738
3918.13048786738
3918.13048786738
3918.13048786738
3918.13048786738
3918.13048786738
3918.13048786738
3918.13048786738
3918.13048786738
3918.13048786738
3926.29723232614
3926.29723232614
3926.29723232614
3926.29723232614
3926.29723232614
3926.30467801699
3927.61847734021
3927.61847734021
3927.61847734021
3927.61847734021
3927.61847734021
3927.61847734021
3927.61847734021
3927.61847734021
3927.61847734021
3927.61847734021
3927.61847734021
3927.61847734021
3927.61847734021
3927.61847734021
3927.61847734021
3927.61847734021
3927.61847734021
3927.61847734021
3927.61847734021
3927.61847734021
3927.61847734021
3927.61847734021
3927.61847734021
3927.61847734021
3927.61847734021
3927.61847734021
3927.61847734021
3927.61847734021
3927.61847734021
3927.61847734021
3927.61847734021
3927.61847734021
3927.61847734021
3927.61847734021
3927.61847734021
3927.61847734021
3927.61847734021
3927.61847734021
3927.61847734021
3927.61847734021
3927.61847734021
3927.61847734021
3927.61847734021
3927.61847734021
3927.61847734021
3927.61847734021
3927.61847734021
3927.61847734021
3927.61847734021
3927.61847734021
3927.61847734021
3927.61847734021
3927.61847734021
3927.61847734021
3927.61847734021
3927.61847734021
3927.61847734021
3927.61847734021
3927.61847734021
3927.61847734021
3927.61847734021
3927.61847734021
3927.61847734021
3927.61847734021
3927.61847734021
3927.61847734021
3927.61847734021
3927.61847734021
3927.61847734021
3927.61847734021
3927.61847734021
3927.61847734021
3927.61847734021
3927.61847734021
3927.61847734021
3927.61847734021
3927.61847734021
3927.61847734021
3927.61847734021
3927.61847734021
3927.61847734021
3927.61847734021
3927.61847734021
3927.61847734021
3927.61847734021
3927.61847734021
3927.61847734021
3927.61847734021
3927.61847734021
3927.61847734021
3927.61847734021
3927.61847734021
3927.61847734021
3927.61847734021
3927.61847734021
3927.61847734021
3927.61847734021
3927.61847734021
3927.61847734021
3928.87773741851
3928.87773741851
3928.87773741851
3928.87773741851
3928.87773741851
3928.87773741851
3928.87773741851
3928.87773741851
3928.87773741851
3928.87773741851
3928.87773741851
3928.87773741851
3928.87773741851
3928.87773741851
3928.87773741851
3928.87773741851
3928.87773741851
3928.87773741851
3928.87773741851
3928.87773741851
3928.87773741851
3928.87773741851
3928.87773741851
3928.87773741851
3928.87773741851
3930.75843448422
3930.75843448422
3930.75843448422
3930.75843448422
3930.75843448422
3930.75843448422
3930.75843448422
3930.75843448422
3930.75843448422
3930.75843448422
3930.75843448422
3930.75843448422
3930.75843448422
3930.75843448422
3930.75843448422
3930.75843448422
3930.75843448422
3930.75843448422
3930.75843448422
3930.75843448422
3934.61821817316
3934.61821817316
3935.49902857928
3935.49902857928
3935.49902857928
3935.49902857928
3935.49902857928
3935.49902857928
3935.49902857928
3935.49902857928
3935.49902857928
3935.49902857928
3935.49902857928
3935.49902857928
3935.49902857928
3935.49902857928
3935.49902857928
3935.49902857928
3935.49902857928
3935.49902857928
3935.49902857928
3935.49902857928
3935.49902857928
3935.49902857928
3935.49902857928
3935.49902857928
3935.49902857928
3935.49902857928
3935.92427081488
3935.92427081488
3935.92427081488
3935.92427081488
3935.92427081488
3935.92427081488
3935.92427081488
3935.92427081488
3935.92427081488
3935.92427081488
3935.92427081488
3935.92427081488
3935.92427081488
3935.92427081488
3935.92427081488
3935.92427081488
3935.92427081488
3935.92427081488
3943.0601819415
3943.0601819415
3944.40521644492
3944.40521644492
3944.40521644492
3944.40521644492
3944.40521644492
3947.34539437868
3947.34539437868
3947.34539437868
3947.34539437868
3947.34539437868
3947.34539437868
3947.34539437868
3947.34539437868
3947.34539437868
3947.34539437868
3947.34539437868
3947.34539437868
3947.34539437868
3950.94703919339
3950.94703919339
3950.94703919339
3950.94703919339
3950.94703919339
3950.94703919339
3950.94703919339
3950.94703919339
3950.94703919339
3950.94703919339
3950.94703919339
3950.94703919339
3950.94703919339
3950.94703919339
3950.94703919339
3950.94703919339
3950.94703919339
3950.94703919339
3950.94703919339
3950.94703919339
3950.94703919339
3950.94703919339
3950.94703919339
3950.94703919339
3950.94703919339
3950.94703919339
3950.94703919339
3950.94703919339
3950.94703919339
3950.94703919339
3950.94703919339
3950.94703919339
3950.94703919339
3950.94703919339
3950.94703919339
3950.94703919339
3950.94703919339
3950.94703919339
3950.94703919339
3950.94703919339
3950.94703919339
3950.94703919339
3950.94703919339
3950.94703919339
3950.94703919339
3952.45174774614
3953.22148443199
3953.22148443199
3953.22148443199
3953.22148443199
3953.22148443199
3953.22148443199
3953.22148443199
3953.22148443199
3953.22148443199
3953.22148443199
3953.22148443199
3953.22148443199
3953.22148443199
3953.22148443199
3953.22148443199
3953.22148443199
3953.22148443199
3953.22148443199
3953.22148443199
3953.22148443199
3953.22148443199
3953.22148443199
3953.22148443199
3953.22148443199
3953.22148443199
3953.22148443199
3953.22148443199
3953.22148443199
3953.22148443199
3953.22148443199
3953.22148443199
3953.22148443199
3953.22148443199
3953.22148443199
3953.36261192351
3953.36261192351
3953.36261192351
3953.36261192351
3953.36261192351
3953.36261192351
3953.36261192351
3953.36261192351
3953.36261192351
3953.36261192351
3953.36261192351
3953.36261192351
3953.36261192351
3953.36261192351
3953.36261192351
3953.36261192351
3953.36261192351
3953.36261192351
3953.36261192351
3953.36261192351
3953.36261192351
3953.36261192351
3953.36261192351
3953.36261192351
3953.36261192351
3953.36261192351
3953.36261192351
3953.36261192351
3953.36261192351
3953.36261192351
3953.36261192351
3953.36261192351
3953.36261192351
3953.36261192351
3953.36261192351
3953.36261192351
3953.36261192351
3953.36261192351
3953.36261192351
3953.36261192351
3953.36261192351
3953.36261192351
3953.36261192351
3953.36261192351
3953.36261192351
3953.36261192351
3953.36261192351
3953.36261192351
3959.67070329871
3959.67070329871
3959.67070329871
3959.67070329871
3959.67070329871
3959.67070329871
3959.67070329871
3959.67070329871
3959.67070329871
3959.67070329871
3959.67070329871
3959.67070329871
3959.67070329871
3959.67070329871
3959.67070329871
3959.67070329871
3959.67070329871
3959.67070329871
3959.67070329871
3959.67070329871
3959.67070329871
3959.67070329871
3959.67070329871
3959.67070329871
3959.67070329871
3959.67070329871
3959.67070329871
3959.67070329871
3959.67070329871
3959.67070329871
3959.67070329871
3959.67070329871
3959.67070329871
3959.67070329871
3959.67070329871
3959.67070329871
3959.67070329871
3959.67070329871
3959.67070329871
3959.67070329871
3959.67070329871
3960.94481284818
3960.94481284818
3960.94481284818
3960.94481284818
3960.94481284818
3963.51185155713
3964.36583664707
3964.36583664707
3964.36583664707
3964.36583664707
3964.36583664707
3964.36583664707
3964.36583664707
3964.36583664707
3964.36583664707
3964.36583664707
3966.57936292457
3967.04506556727
3967.04506556727
3967.71495621509
3967.71495621509
3967.71495621509
3967.71495621509
3967.71495621509
3967.71495621509
3967.71495621509
3967.71495621509
3967.71495621509
3967.71495621509
3967.71495621509
3967.71495621509
3967.71495621509
3967.71495621509
3967.71495621509
3967.71495621509
3967.71495621509
3967.71495621509
3967.71495621509
3967.71495621509
3967.71495621509
3967.71495621509
3967.71495621509
3967.71495621509
3967.71495621509
3967.71495621509
3967.71495621509
3967.71495621509
3967.71495621509
3967.71495621509
3967.71495621509
3967.71495621509
3967.71495621509
3967.71495621509
3967.71495621509
3967.71495621509
3967.71495621509
3967.71495621509
3967.71495621509
3967.71495621509
3967.71495621509
3967.71495621509
3967.71495621509
3967.71495621509
3967.71495621509
3967.73500756944
3967.73500756944
3967.73500756944
3967.73500756944
3967.73500756944
3967.73500756944
3967.73500756944
3967.73500756944
3967.73500756944
3967.73500756944
3967.73500756944
3967.73500756944
3967.73500756944
3967.73500756944
3967.73500756944
3967.73500756944
3967.73500756944
3967.73500756944
3967.73500756944
3967.73500756944
3967.73500756944
3967.73500756944
3967.73500756944
3967.73500756944
3967.73500756944
3967.73500756944
3967.73500756944
3967.73500756944
3967.73500756944
3967.73500756944
3967.73500756944
3967.73500756944
3967.73500756944
3967.73500756944
3967.73500756944
3967.73500756944
3967.73500756944
3967.73500756944
3967.73500756944
3967.73500756944
3967.73500756944
3967.73500756944
3967.73500756944
3967.73500756944
3967.73500756944
3967.73500756944
3967.73500756944
3967.73500756944
3967.73500756944
3967.73500756944
3967.73500756944
3967.73500756944
3967.73500756944
3967.73500756944
3967.73500756944
3967.73500756944
3967.73500756944
3967.73500756944
3967.73500756944
3967.73500756944
3967.73500756944
3967.73500756944
3967.73500756944
3967.73500756944
3967.73500756944
3967.73500756944
3967.73500756944
3967.73500756944
3967.73500756944
3967.73500756944
3967.73500756944
3967.73500756944
3967.73500756944
3967.73500756944
3967.73500756944
3967.73500756944
3967.73500756944
3967.73500756944
3967.73500756944
3967.73500756944
3967.73500756944
3967.73500756944
3967.73500756944
3967.73500756944
3967.73500756944
3967.73500756944
3967.73500756944
3967.73500756944
3967.73500756944
3967.73500756944
3967.73500756944
3967.73500756944
3967.73500756944
3967.73500756944
3967.73500756944
3967.73500756944
3967.73500756944
3967.73500756944
3967.73500756944
3967.73500756944
3967.73500756944
3967.73500756944
3967.73500756944
3967.73500756944
3967.73500756944
3967.73500756944
3967.73500756944
3967.73500756944
3967.73500756944
3967.73500756944
3967.73500756944
3967.73500756944
3967.73500756944
3967.73500756944
3967.73500756944
3967.73500756944
3967.73500756944
3967.73500756944
3967.73500756944
3967.73500756944
3967.73500756944
3967.73500756944
3967.73500756944
3967.73500756944
3967.73500756944
3967.73500756944
3967.73500756944
3967.73500756944
3967.73500756944
3967.73500756944
3967.73500756944
3967.73500756944
3967.73500756944
3967.73500756944
3967.73500756944
3967.73500756944
3967.73500756944
3967.73500756944
3967.73500756944
3967.73500756944
3967.73500756944
3967.73500756944
3968.66995458268
3968.66995458268
3968.66995458268
3968.66995458268
3968.66995458268
3968.66995458268
3968.66995458268
3968.66995458268
3968.66995458268
3968.66995458268
3968.66995458268
3968.66995458268
3968.66995458268
3968.66995458268
3968.66995458268
3968.66995458268
3968.66995458268
3968.66995458268
3968.66995458268
3968.66995458268
3968.74943874002
3968.74943874002
3968.74943874002
3968.74943874002
3968.74943874002
3968.74943874002
3968.74943874002
3968.74943874002
3968.74943874002
3968.74943874002
3968.74943874002
3968.74943874002
3968.74943874002
3968.74943874002
3968.74943874002
3968.74943874002
3968.74943874002
3968.74943874002
3968.74943874002
3968.74943874002
3968.74943874002
3968.74943874002
3968.74943874002
3968.74943874002
3968.74943874002
3968.74943874002
3968.74943874002
3968.74943874002
3968.74943874002
3968.74943874002
3968.74943874002
3968.74943874002
3968.74943874002
3968.74943874002
3968.74943874002
3968.74943874002
3968.74943874002
3968.74943874002
3968.74943874002
3968.74943874002
3968.74943874002
3968.74943874002
3968.74943874002
3968.74943874002
3973.38915961169
3973.38915961169
3973.38915961169
3973.38915961169
3973.38915961169
3973.38915961169
3976.07730165489
3978.25060362621
3978.25060362621
3978.25060362621
3978.25060362621
3978.25060362621
3978.25060362621
3978.25060362621
3978.25060362621
3978.25060362621
3978.25060362621
3978.25060362621
3978.25060362621
3978.25060362621
3978.25060362621
3978.25060362621
3978.25060362621
3978.25060362621
3978.25060362621
3978.25060362621
3978.25060362621
3979.3552756076
3979.3552756076
3979.3552756076
3979.3552756076
3979.3552756076
3979.61612322642
3979.61612322642
3979.61612322642
3979.61612322642
3979.61612322642
3979.61612322642
3979.61612322642
3979.61612322642
3979.61612322642
3979.61612322642
3979.61612322642
3979.61612322642
3979.61612322642
3979.61612322642
3979.61612322642
3979.61612322642
3979.61612322642
3979.61612322642
3979.61612322642
3979.61612322642
3979.61612322642
3979.61612322642
3979.61612322642
3979.61612322642
3979.61612322642
3979.61612322642
3979.61612322642
3979.61612322642
3979.61612322642
3979.61612322642
3979.61612322642
3979.61612322642
3979.61612322642
3979.61612322642
3979.61612322642
3979.61612322642
3979.61612322642
3979.61612322642
3979.61612322642
3979.61612322642
3979.61612322642
3979.61612322642
3979.61612322642
3979.61612322642
3979.61612322642
3979.61612322642
3979.61612322642
3979.61612322642
3979.61612322642
3979.61612322642
3979.61612322642
3979.61612322642
3979.61612322642
3979.61612322642
3979.61612322642
3979.61612322642
3979.61612322642
3979.61612322642
3979.61612322642
3979.61612322642
3979.61612322642
3979.61612322642
3979.61612322642
3979.61612322642
3979.61612322642
3979.61612322642
3979.61612322642
3979.61612322642
3979.61612322642
3979.61612322642
3979.61612322642
3979.61612322642
3979.61612322642
3979.61612322642
3979.61612322642
3979.61612322642
3979.61612322642
3979.61612322642
3979.61612322642
3979.61612322642
3979.61612322642
3979.61612322642
3979.61612322642
3979.61612322642
3979.61612322642
3979.61612322642
3979.61612322642
3979.61612322642
3979.61612322642
3979.61612322642
3979.61612322642
3979.61612322642
3979.61612322642
3979.61612322642
3979.61612322642
3979.61612322642
3979.61612322642
3979.61612322642
3979.61612322642
3979.61612322642
3979.61612322642
3979.61612322642
3979.61612322642
3979.61612322642
3979.61612322642
3979.61612322642
3979.61612322642
3979.61612322642
3979.61612322642
3979.61612322642
3979.61612322642
3979.61612322642
3979.61612322642
3979.61612322642
3979.61612322642
3979.61612322642
3979.61612322642
3979.61612322642
3979.61612322642
3979.61612322642
3979.61612322642
3979.61612322642
3979.61612322642
3979.61612322642
3979.61612322642
3979.61612322642
3979.61612322642
3979.61612322642
3979.61612322642
3979.61612322642
3979.61612322642
3979.61612322642
3979.61612322642
3979.61612322642
3979.61612322642
3979.61612322642
3979.61612322642
3979.61612322642
3979.61612322642
3979.61612322642
3979.61612322642
3979.61612322642
3979.61612322642
3979.61612322642
3979.61612322642
3979.61612322642
3979.61612322642
3979.61612322642
3979.61612322642
3979.61612322642
3979.61612322642
3979.61612322642
3979.61612322642
3979.61612322642
3979.61612322642
3979.61612322642
3979.61612322642
3979.61612322642
3979.61612322642
3979.61612322642
3979.61612322642
3979.61612322642
3979.61612322642
3979.61612322642
3979.61612322642
3979.61612322642
3979.61612322642
3979.61612322642
3979.61612322642
3979.61612322642
3979.61612322642
3979.61612322642
3979.61612322642
3979.61612322642
3979.61612322642
3979.61612322642
3979.61612322642
3979.61612322642
3979.61612322642
3979.61612322642
3979.61612322642
3979.61612322642
3979.61612322642
3979.61612322642
3979.61612322642
3979.61612322642
3979.61612322642
3979.61612322642
3979.61612322642
3979.61612322642
3979.61612322642
3979.61612322642
3979.61612322642
3979.61612322642
3979.61612322642
3979.61612322642
3979.61612322642
3979.61612322642
3979.61612322642
3979.61612322642
3979.61612322642
3979.61612322642
3979.61612322642
3979.61612322642
3979.61612322642
3979.61612322642
3979.61612322642
3979.61612322642
3979.61612322642
3979.61612322642
3979.61612322642
3979.61612322642
3979.61612322642
3979.61612322642
3979.61612322642
3979.61612322642
3979.61612322642
3979.61612322642
3979.61612322642
3979.61612322642
3979.61612322642
3979.61612322642
3979.61612322642
3979.61612322642
3979.61612322642
3979.61612322642
3979.61612322642
3979.61612322642
3979.61612322642
3979.61612322642
3979.61612322642
3979.61612322642
3979.61612322642
3979.61612322642
3979.61612322642
3979.61612322642
3979.61612322642
3979.61612322642
3979.61612322642
3979.61612322642
3979.61612322642
3979.61612322642
3979.61612322642
3979.61612322642
3979.61612322642
3979.61612322642
3979.61612322642
3979.61612322642
3979.61612322642
3979.61612322642
3979.61612322642
3979.61612322642
3979.61612322642
3979.61612322642
3979.61612322642
3979.61612322642
3979.61612322642
3979.61612322642
3979.61612322642
3979.61612322642
3979.61612322642
3979.61612322642
3979.61612322642
3979.61612322642
3979.61612322642
3979.61612322642
3979.61612322642
3979.61612322642
3979.61612322642
3979.61612322642
3979.61612322642
3979.61612322642
3979.61612322642
3979.61612322642
3979.61612322642
3979.61612322642
3979.61612322642
3979.61612322642
3979.61612322642
3979.61612322642
3979.61612322642
3979.61612322642
3979.61612322642
3979.61612322642
3979.61612322642
3979.61612322642
3979.61612322642
3979.61612322642
3979.61612322642
3979.61612322642
3979.61612322642
3979.61612322642
3979.61612322642
3979.61612322642
3979.61612322642
3979.61612322642
3979.61612322642
3979.61612322642
3979.61612322642
3979.61612322642
3979.61612322642
3979.61612322642
3981.19065039504
3982.0773208519
3982.0773208519
3982.0773208519
3982.0773208519
3982.0773208519
3982.0773208519
3982.0773208519
3982.0773208519
3982.0773208519
3982.0773208519
3982.0773208519
3982.0773208519
3982.0773208519
3982.0773208519
3982.0773208519
3982.0773208519
3982.0773208519
3982.0773208519
3982.0773208519
3982.0773208519
3982.0773208519
3982.0773208519
3982.0773208519
3982.0773208519
3982.0773208519
3982.0773208519
3982.0773208519
3982.0773208519
3982.0773208519
3982.0773208519
3982.0773208519
3982.0773208519
3982.0773208519
3982.0773208519
3982.0773208519
3982.0773208519
3982.0773208519
3982.0773208519
3982.0773208519
3982.0773208519
3982.0773208519
3982.0773208519
3982.0773208519
3982.0773208519
3982.0773208519
3983.84224302144
3984.51586439236
3984.51586439236
3984.51586439236
3984.51586439236
3984.51586439236
3984.51586439236
3984.51586439236
3984.51586439236
3984.51586439236
3984.51586439236
3984.51586439236
3984.51586439236
3987.57616947479
3987.57616947479
3987.57616947479
3987.57616947479
3987.57616947479
3987.57616947479
3987.57616947479
3987.57616947479
3987.57616947479
3987.57616947479
3987.57616947479
3987.57616947479
3987.57616947479
3992.04519542884
3992.04519542884
3992.04519542884
3992.04519542884
3992.04519542884
3992.04519542884
3992.04519542884
3992.04519542884
3992.04519542884
3992.04519542884
3992.04519542884
3992.04519542884
3992.04519542884
3992.04519542884
3992.04519542884
3992.04519542884
3992.04519542884
3992.04519542884
3992.04519542884
3992.04519542884
3992.04519542884
3993.61961102648
3993.61961102648
3994.00891306187
3995.584393836
3995.584393836
3995.584393836
3995.584393836
3995.584393836
3995.584393836
3995.584393836
3995.584393836
3995.584393836
3995.584393836
3995.584393836
3995.584393836
3995.584393836
3995.584393836
3995.96634721194
3995.96634721194
3995.96634721194
3995.96634721194
3995.96634721194
3999.26617818019
3999.50467986462
4001.52691653848
4001.84776110577
4001.84776110577
4001.84776110577
4001.84776110577
4001.84776110577
4001.84776110577
4001.84776110577
4001.84776110577
4001.84776110577
4001.84776110577
4001.84776110577
4001.84776110577
4001.84776110577
4001.84776110577
4001.84776110577
4001.84776110577
4001.84776110577
4001.84776110577
4001.84776110577
4001.84776110577
4001.84776110577
4001.84776110577
4001.84776110577
4001.84776110577
4001.84776110577
4001.84776110577
4001.84776110577
4001.84776110577
4001.84776110577
4001.84776110577
4001.84776110577
4001.84776110577
4001.84776110577
4001.84776110577
4001.84776110577
4001.84776110577
4001.84776110577
4001.84776110577
4001.84776110577
4001.84776110577
4001.84776110577
4001.84776110577
4001.84776110577
4001.84776110577
4001.84776110577
4001.84776110577
4001.84776110577
4001.84776110577
4001.84776110577
4001.84776110577
4001.84776110577
4001.84776110577
4001.84776110577
4001.84776110577
4001.84776110577
4001.84776110577
4001.84776110577
4001.84776110577
4001.84776110577
4001.84776110577
4001.84776110577
4001.84776110577
4001.84776110577
4001.84776110577
4001.84776110577
4001.84776110577
4001.84776110577
4001.84776110577
4001.84776110577
4001.84776110577
4001.84776110577
4001.84776110577
4001.84776110577
4001.84776110577
4001.84776110577
4001.84776110577
4001.84776110577
4001.84776110577
4001.84776110577
4001.84776110577
4001.84776110577
4001.84776110577
4001.84776110577
4001.84776110577
4001.84776110577
4001.84776110577
4001.84776110577
4001.84776110577
4001.84776110577
4001.84776110577
4001.84776110577
4001.84776110577
4001.84776110577
4001.84776110577
4001.84776110577
4001.84776110577
4001.84776110577
4001.84776110577
4001.84776110577
4001.84776110577
4001.84776110577
4001.84776110577
4001.84776110577
4001.84776110577
4001.84776110577
4001.84776110577
4001.84776110577
4001.84776110577
4001.84776110577
4001.84776110577
4001.84776110577
4004.27053244795
4004.27053244795
4004.27053244795
4004.27053244795
4004.27053244795
4004.27053244795
4004.27053244795
4004.27053244795
4004.27053244795
4004.27053244795
4004.27053244795
4004.27053244795
4004.27053244795
4004.27053244795
4004.27053244795
4004.27053244795
4004.27053244795
4004.27053244795
4004.27053244795
4004.27053244795
4004.27053244795
4005.1076695405
4005.1076695405
4005.1076695405
4005.1076695405
4005.1076695405
4005.1076695405
4005.1076695405
4005.1076695405
4005.1076695405
4005.1076695405
4005.1076695405
4005.1076695405
4005.1076695405
4005.1076695405
4005.1076695405
4005.1076695405
4005.1076695405
4005.1076695405
4005.1076695405
4005.1076695405
4005.1076695405
4005.1076695405
4005.1076695405
4005.1076695405
4005.1076695405
4005.1076695405
4005.1076695405
4005.1076695405
4005.1076695405
4005.1076695405
4005.1076695405
4005.7696366499
4005.7696366499
4005.7696366499
4005.7696366499
4005.7696366499
4005.7696366499
4005.7696366499
4005.7696366499
4005.7696366499
4005.7696366499
4005.7696366499
4005.7696366499
4005.7696366499
4005.7696366499
4005.7696366499
4005.7696366499
4005.7696366499
4005.7696366499
4005.7696366499
4005.7696366499
4005.7696366499
4005.7696366499
4005.7696366499
4005.7696366499
4005.7696366499
4005.7696366499
4005.7696366499
4005.7696366499
4005.7696366499
4005.7696366499
4005.7696366499
4005.7696366499
4005.7696366499
4005.7696366499
4005.7696366499
4005.7696366499
4005.7696366499
4005.7696366499
4005.7696366499
4005.7696366499
4005.7696366499
4005.7696366499
4005.7696366499
4005.7696366499
4005.7696366499
4005.7696366499
4005.7696366499
4005.7696366499
4005.7696366499
4005.7696366499
4005.7696366499
4005.7696366499
4005.7696366499
4005.7696366499
4005.7696366499
4005.93396962604
4005.93396962604
4005.93396962604
4005.93396962604
4005.93396962604
4005.93396962604
4005.93396962604
4005.93396962604
4005.93396962604
4005.93396962604
4005.93396962604
4005.93396962604
4005.93396962604
4005.93396962604
4005.93396962604
4005.93396962604
4005.93396962604
4005.93396962604
4005.93396962604
4005.93396962604
4005.93396962604
4005.93396962604
4005.93396962604
4005.93396962604
4005.93396962604
4005.93396962604
4005.93396962604
4005.93396962604
4005.93396962604
4005.93396962604
4005.93396962604
4005.93396962604
4005.93396962604
4005.93396962604
4005.93396962604
4005.93396962604
4005.93396962604
4005.93396962604
4005.93396962604
4005.93396962604
4005.93396962604
4005.93396962604
4005.93396962604
4005.93396962604
4005.93396962604
4005.93396962604
4005.93396962604
4005.93396962604
4005.93396962604
4005.93396962604
4005.93396962604
4005.93396962604
4005.93396962604
4005.93396962604
4005.93396962604
4005.93396962604
4005.93396962604
4005.93396962604
4005.93396962604
4005.93396962604
4005.93396962604
4005.93396962604
4005.93396962604
4005.93396962604
4005.93396962604
4005.93396962604
4005.93396962604
4005.93396962604
4005.93396962604
4005.93396962604
4005.93396962604
4005.93396962604
4005.93396962604
4005.93396962604
4005.93396962604
4005.93396962604
4005.93396962604
4005.93396962604
4005.93396962604
4005.93396962604
4005.93396962604
4005.93396962604
4005.93396962604
4005.93396962604
4005.93396962604
4005.93396962604
4005.93396962604
4005.93396962604
4005.93396962604
4005.93396962604
4005.93396962604
4005.93396962604
4005.93396962604
4005.93396962604
4005.93396962604
4005.93396962604
4005.93396962604
4005.93396962604
4005.93396962604
4005.93396962604
4005.93396962604
4005.93396962604
4005.93396962604
4005.93396962604
4005.93396962604
4005.93396962604
4005.93396962604
4005.93396962604
4005.93396962604
4005.93396962604
4005.93396962604
4005.93396962604
4005.93396962604
4005.93396962604
4005.93396962604
4005.93396962604
4005.93396962604
4005.93396962604
4005.93396962604
4005.93396962604
4005.93396962604
4005.93396962604
4005.93396962604
4005.93396962604
4005.93396962604
4005.93396962604
4005.93396962604
4005.93396962604
4005.93396962604
4005.93396962604
4005.93396962604
4005.93396962604
4007.51209276022
4007.51209276022
4007.51209276022
4007.51209276022
4007.51209276022
4007.51209276022
4007.51209276022
4007.51209276022
4007.51209276022
4007.51209276022
4007.51209276022
4007.51209276022
4007.51209276022
4007.51209276022
4007.51209276022
4007.51209276022
4007.51209276022
4007.51209276022
4007.51209276022
4007.51209276022
4007.51209276022
4007.51209276022
4007.51209276022
4007.51209276022
4007.51209276022
4007.51209276022
4007.51209276022
4007.51209276022
4007.51209276022
4007.51209276022
4007.51209276022
4007.51209276022
4007.51209276022
4007.51209276022
4007.51209276022
4007.51209276022
4007.51209276022
4007.51209276022
4007.51209276022
4007.51209276022
4007.51209276022
4007.51209276022
4007.51209276022
4007.51209276022
4007.51209276022
4007.51209276022
4007.51209276022
4007.51209276022
4007.51209276022
4007.51209276022
4007.51209276022
4007.51209276022
4007.51209276022
4007.51209276022
4007.51209276022
4007.51209276022
4007.51209276022
4007.51209276022
4007.51209276022
4007.51209276022
4007.51209276022
4007.51209276022
4007.51209276022
4007.51209276022
4007.51209276022
4007.51209276022
4007.51209276022
4007.51209276022
4007.51209276022
4007.51209276022
4007.51209276022
4007.51209276022
4007.51209276022
4007.51209276022
4007.51209276022
4007.51209276022
4007.51209276022
4007.51209276022
4007.51209276022
4007.51209276022
4007.51209276022
4007.51209276022
4007.51209276022
4007.51209276022
4007.56318597362
4007.56318597362
4007.56318597362
4007.56318597362
4007.56318597362
4007.56318597362
4010.5482203456
4010.5482203456
4010.5482203456
4010.5482203456
4010.5482203456
4010.5482203456
4010.5482203456
4010.5482203456
4010.5482203456
4010.5482203456
4010.5482203456
4010.5482203456
4010.5482203456
4010.5482203456
4010.5482203456
4010.5482203456
4010.5482203456
4010.5482203456
4010.5482203456
4010.5482203456
4010.5482203456
4010.5482203456
4010.5482203456
4010.5482203456
4010.5482203456
4010.5482203456
4010.5482203456
4010.5482203456
4010.5482203456
4010.5482203456
4010.5482203456
4010.5482203456
4010.5482203456
4010.5482203456
4010.5482203456
4010.5482203456
4010.5482203456
4010.5482203456
4010.5482203456
4010.5482203456
4010.5482203456
4010.5482203456
4010.5482203456
4010.5482203456
4010.5482203456
4010.5482203456
4010.5482203456
4010.5482203456
4010.5482203456
4010.5482203456
4010.5482203456
4010.5482203456
4010.5482203456
4010.5482203456
4010.5482203456
4010.5482203456
4010.5482203456
4010.5482203456
4010.5482203456
4010.5482203456
4018.17058130953
4018.17058130953
4018.17058130953
4018.17058130953
4018.17058130953
4018.17058130953
4018.17058130953
4018.17058130953
4018.17058130953
4018.17058130953
4018.17058130953
4018.17058130953
4018.17058130953
4018.17058130953
4018.17058130953
4018.17058130953
4018.17058130953
4018.17058130953
4018.17058130953
4018.17058130953
4018.17058130953
4018.17058130953
4018.17058130953
4018.17058130953
4018.17058130953
4018.17058130953
4018.17058130953
4018.17058130953
4018.17058130953
4018.17058130953
4018.17058130953
4018.17058130953
4018.17058130953
4018.17058130953
4018.17058130953
4018.17058130953
4018.17058130953
4018.17058130953
4018.17058130953
4018.17058130953
4018.17058130953
4018.17058130953
4018.17058130953
4018.17058130953
4018.17058130953
4018.17058130953
4018.17058130953
4018.17058130953
4018.17058130953
4018.17058130953
4018.17058130953
4018.17058130953
4018.17058130953
4018.17058130953
4018.17058130953
4018.17058130953
4018.17058130953
4018.17058130953
4018.17058130953
4018.17058130953
4018.17058130953
4018.17058130953
4018.17058130953
4018.17058130953
4018.17058130953
4018.17058130953
4018.17058130953
4018.17058130953
4018.17058130953
4018.17058130953
4018.17058130953
4018.17058130953
4018.17058130953
4018.17058130953
4018.17058130953
4018.17058130953
4018.17058130953
4018.17058130953
4018.17058130953
4018.17058130953
4018.17058130953
4018.17058130953
4018.17058130953
4018.17058130953
4018.17058130953
4018.17058130953
4018.17058130953
4018.17058130953
4018.17058130953
4018.17058130953
4018.17058130953
4018.17058130953
4018.17058130953
4018.17058130953
4018.17058130953
4018.17058130953
4018.17058130953
4018.17058130953
4018.17058130953
4018.17058130953
4018.17058130953
4018.17058130953
4018.17058130953
4018.17058130953
4018.17058130953
4018.17058130953
4018.17058130953
4018.17058130953
4018.17058130953
4018.17058130953
4018.17058130953
4018.17058130953
4018.17058130953
4018.17058130953
4018.17058130953
4018.17058130953
4018.17058130953
4018.17058130953
4018.17058130953
4018.17058130953
4018.17058130953
4018.17058130953
4018.17058130953
4018.17058130953
4018.17058130953
4018.17058130953
4018.17058130953
4018.17058130953
4018.17058130953
4018.17058130953
4018.17058130953
4018.17058130953
4018.17058130953
4018.17058130953
4018.17058130953
4018.17058130953
4018.17058130953
4018.17058130953
4018.17058130953
4018.17058130953
4018.17058130953
4018.17058130953
4018.17058130953
4018.17058130953
4018.17058130953
4018.17058130953
4018.17058130953
4018.17058130953
4018.17058130953
4018.17058130953
4018.17058130953
4018.17058130953
4018.17058130953
4018.17058130953
4018.17058130953
4018.17058130953
4018.17058130953
4018.17058130953
4018.17058130953
4018.17058130953
4018.17058130953
4018.17058130953
4018.17058130953
4018.17058130953
4018.17058130953
4018.17058130953
4018.17058130953
4018.17058130953
4018.35706012435
4018.35706012435
4018.35706012435
4018.35706012435
4018.35706012435
4018.35706012435
4018.35706012435
4018.35706012435
4018.35706012435
4018.35706012435
4018.35706012435
4018.35706012435
4018.35706012435
4018.35706012435
4018.35706012435
4018.35706012435
4018.35706012435
4018.35706012435
4018.35706012435
4018.35706012435
4018.35706012435
4018.35706012435
4018.35706012435
4018.35706012435
4018.35706012435
4018.35706012435
4018.35706012435
4018.35706012435
4018.35706012435
4018.35706012435
4018.35706012435
4018.35706012435
4018.35706012435
4018.35706012435
4018.35706012435
4018.35706012435
4018.35706012435
4018.35706012435
4018.35706012435
4018.35706012435
4018.35706012435
4018.35706012435
4018.35706012435
4018.35706012435
4018.35706012435
4018.35706012435
4018.35706012435
4018.35706012435
4018.35706012435
4018.35706012435
4018.35706012435
4020.83985306944
4023.5548433131
4024.01829604202
4024.01829604202
4024.01829604202
4024.01829604202
4024.01829604202
4024.01829604202
4024.01829604202
4024.01829604202
4024.01829604202
4024.01829604202
4024.01829604202
4024.01829604202
4024.01829604202
4024.01829604202
4024.01829604202
4024.01829604202
4024.01829604202
4024.01829604202
4024.01829604202
4024.01829604202
4024.01829604202
4024.01829604202
4024.01829604202
4024.01829604202
4024.01829604202
4024.01829604202
4024.01829604202
4024.01829604202
4024.01829604202
4024.01829604202
4024.01829604202
4024.01829604202
4024.01829604202
4024.01829604202
4024.01829604202
4024.01829604202
4024.01829604202
4024.01829604202
4024.01829604202
4024.01829604202
4024.01829604202
4024.01829604202
4024.01829604202
4024.01829604202
4024.01829604202
4024.01829604202
4024.01829604202
4024.01829604202
4024.01829604202
4024.01829604202
4024.01829604202
4024.01829604202
4024.01829604202
4024.01829604202
4024.01829604202
4024.01829604202
4024.01829604202
4024.01829604202
4024.01829604202
4024.01829604202
4024.01829604202
4024.01829604202
4024.01829604202
4024.01829604202
4024.01829604202
4024.01829604202
4024.01829604202
4024.01829604202
4024.01829604202
4024.01829604202
4024.01829604202
4024.01829604202
4024.01829604202
4024.01829604202
4024.01829604202
4024.01829604202
4024.01829604202
4024.01829604202
4024.01829604202
4024.01829604202
4024.01829604202
4024.01829604202
4024.01829604202
4024.01829604202
4024.01829604202
4024.01829604202
4024.01829604202
4024.01829604202
4024.01829604202
4024.01829604202
4024.01829604202
4024.01829604202
4024.01829604202
4024.01829604202
4024.01829604202
4024.01829604202
4024.01829604202
4024.01829604202
4024.01829604202
4024.01829604202
4024.01829604202
4024.01829604202
4024.01829604202
4024.01829604202
4024.01829604202
4024.01829604202
4024.01829604202
4024.01829604202
4024.01829604202
4024.01829604202
4024.01829604202
4024.01829604202
4024.01829604202
4024.01829604202
4024.01829604202
4024.01829604202
4024.01829604202
4024.01829604202
4024.01829604202
4024.01829604202
4028.302663321
4028.302663321
4028.302663321
4028.302663321
4028.302663321
4028.302663321
4029.13915603297
4029.13915603297
4029.13915603297
4029.13915603297
4029.13915603297
4029.13915603297
4029.13915603297
4029.13915603297
4029.13915603297
4029.13915603297
4029.13915603297
4029.13915603297
4029.13915603297
4029.13915603297
4029.13915603297
4029.13915603297
4029.13915603297
4029.13915603297
4029.13915603297
4029.13915603297
4029.13915603297
4029.13915603297
4029.13915603297
4029.13915603297
4029.13915603297
4029.13915603297
4029.13915603297
4029.13915603297
4029.13915603297
4029.13915603297
4030.94138524248
4030.94138524248
4030.94138524248
4030.94138524248
4030.94138524248
4030.94138524248
4030.94138524248
4030.94138524248
4030.94138524248
4030.94138524248
4030.94138524248
4030.94138524248
4030.94138524248
4032.6794872013
4032.6794872013
4032.6794872013
4032.6794872013
4032.6794872013
4032.6794872013
4032.6794872013
4032.6794872013
4032.6794872013
4032.6794872013
4032.6794872013
4032.6794872013
4032.6794872013
4032.6794872013
4032.6794872013
4032.6794872013
4032.6794872013
4032.6794872013
4032.6794872013
4032.6794872013
4032.6794872013
4032.6794872013
4032.6794872013
4032.6794872013
4032.6794872013
4032.6794872013
4032.6794872013
4032.6794872013
4032.6794872013
4032.6794872013
4032.6794872013
4032.6794872013
4032.6794872013
4032.6794872013
4032.6794872013
4032.6794872013
4032.6794872013
4032.6794872013
4032.6794872013
4032.6794872013
4032.6794872013
4032.6794872013
4032.6794872013
4032.6794872013
4032.6794872013
4032.6794872013
4032.6794872013
4032.6794872013
4032.6794872013
4032.6794872013
4032.6794872013
4032.6794872013
4036.4049601117
4036.4049601117
4036.4049601117
4036.4049601117
4036.4049601117
4036.4049601117
4036.4049601117
4036.4049601117
4036.4049601117
4036.4049601117
4036.4049601117
4036.4049601117
4036.4049601117
4036.4049601117
4036.4049601117
4036.4049601117
4036.4049601117
4036.4049601117
4036.4049601117
4036.4049601117
4036.4049601117
4036.4049601117
4036.4049601117
4036.4049601117
4036.4049601117
4036.4049601117
4036.4049601117
4036.4049601117
4036.4049601117
4036.4049601117
4036.4049601117
4036.4049601117
4036.4049601117
4036.4049601117
4036.4049601117
4036.4049601117
4036.4049601117
4036.4049601117
4036.4049601117
4036.4049601117
4036.4049601117
4036.4049601117
4036.4049601117
4036.4049601117
4036.4049601117
4036.4049601117
4036.4049601117
4036.4049601117
4036.4049601117
4036.4049601117
4036.4049601117
4036.4049601117
4036.4049601117
4036.4049601117
4036.4049601117
4036.4049601117
4036.58659881227
4037.01908963223
4037.54451913183
4037.54451913183
4037.54451913183
4037.54451913183
4037.54451913183
4037.54451913183
4037.54451913183
4037.54451913183
4037.54451913183
4037.54451913183
4037.54451913183
4037.54451913183
4037.54451913183
4037.54451913183
4037.54451913183
4037.54451913183
4037.54451913183
4037.54451913183
4037.54451913183
4037.54451913183
4037.54451913183
4037.54451913183
4037.54451913183
4037.54451913183
4037.54451913183
4037.54451913183
4037.54451913183
4037.54451913183
4037.54451913183
4037.54451913183
4037.54451913183
4037.54451913183
4037.54451913183
4037.54451913183
4037.54451913183
4037.54451913183
4037.54451913183
4037.54451913183
4037.54451913183
4037.54451913183
4037.54451913183
4037.54451913183
4037.54451913183
4037.54451913183
4037.54451913183
4038.53901575365
4038.53901575365
4038.53901575365
4038.53901575365
4038.53901575365
4038.53901575365
4038.53901575365
4038.53901575365
4038.53901575365
4038.53901575365
4038.53901575365
4038.53901575365
4038.53901575365
4038.53901575365
4038.53901575365
4038.53901575365
4038.53901575365
4038.53901575365
4038.53901575365
4038.53901575365
4038.53901575365
4038.53901575365
4038.53901575365
4038.53901575365
4038.53901575365
4038.53901575365
4038.53901575365
4038.53901575365
4038.53901575365
4038.53901575365
4038.53901575365
4038.53901575365
4038.53901575365
4038.53901575365
4038.53901575365
4038.53901575365
4038.53901575365
4038.53901575365
4038.53901575365
4038.53901575365
4038.53901575365
4038.53901575365
4038.53901575365
4038.53901575365
4038.53901575365
4038.53901575365
4038.53901575365
4038.53901575365
4038.53901575365
4038.53901575365
4038.53901575365
4038.53901575365
4038.53901575365
4038.53901575365
4038.53901575365
4038.53901575365
4038.53901575365
4038.53901575365
4038.53901575365
4038.53901575365
4038.53901575365
4038.53901575365
4038.53901575365
4038.53901575365
4038.53901575365
4038.53901575365
4038.53901575365
4038.53901575365
4038.53901575365
4038.53901575365
4038.53901575365
4038.53901575365
4038.53901575365
4038.53901575365
4038.53901575365
4038.53901575365
4038.53901575365
4038.53901575365
4038.53901575365
4038.53901575365
4038.53901575365
4038.53901575365
4038.53901575365
4038.53901575365
4038.53901575365
4038.53901575365
4038.53901575365
4038.53901575365
4038.53901575365
4038.53901575365
4038.53901575365
4038.53901575365
4038.53901575365
4038.60918179235
4039.04927611442
4039.04927611442
4039.04927611442
4039.04927611442
4039.04927611442
4039.04927611442
4039.04927611442
4039.04927611442
4039.04927611442
4039.04927611442
4039.04927611442
4039.04927611442
4039.04927611442
4039.04927611442
4039.04927611442
4039.04927611442
4039.04927611442
4039.04927611442
4039.05406483205
4039.2141690802
4039.2141690802
4039.2141690802
4039.2141690802
4039.2141690802
4039.2141690802
4039.2141690802
4039.2141690802
4039.2141690802
4039.2141690802
4039.2141690802
4039.2141690802
4039.2141690802
4039.2141690802
4039.2141690802
4039.2141690802
4039.2141690802
4039.2141690802
4039.2141690802
4039.2141690802
4039.2141690802
4039.2141690802
4039.2141690802
4039.2141690802
4039.2141690802
4039.2141690802
4039.2141690802
4039.2141690802
4039.2141690802
4039.2141690802
4039.2141690802
4039.2141690802
4039.2141690802
4039.2141690802
4039.2141690802
4039.2141690802
4039.2141690802
4039.2141690802
4039.2141690802
4039.2141690802
4039.2141690802
4039.2141690802
4039.2141690802
4039.2141690802
4039.2141690802
4039.2141690802
4039.2141690802
4039.2141690802
4039.2141690802
4039.2141690802
4039.2141690802
4039.2141690802
4039.2141690802
4039.2141690802
4039.2141690802
4039.2141690802
4039.2141690802
4039.2141690802
4039.2141690802
4039.2141690802
4039.2141690802
4039.2141690802
4039.2141690802
4039.2141690802
4039.2141690802
4039.2141690802
4039.2141690802
4039.2141690802
4039.2141690802
4039.2141690802
4039.2141690802
4039.2141690802
4039.2141690802
4039.2141690802
4039.2141690802
4039.2141690802
4039.2141690802
4039.2141690802
4039.2141690802
4039.2141690802
4039.2141690802
4039.2141690802
4039.2141690802
4039.2141690802
4039.2141690802
4039.2141690802
4039.2141690802
4039.2141690802
4039.2141690802
4039.2141690802
4039.2141690802
4039.2141690802
4039.2141690802
4039.2141690802
4039.2141690802
4039.2141690802
4039.2141690802
4039.2141690802
4039.2141690802
4039.2141690802
4039.2141690802
4039.2141690802
4039.2141690802
4039.2141690802
4039.2141690802
4039.2141690802
4039.2141690802
4039.2141690802
4039.2141690802
4039.2141690802
4039.2141690802
4039.2141690802
4039.2141690802
4039.2141690802
4039.2141690802
4039.2141690802
4039.2141690802
4039.2141690802
4039.2141690802
4039.2141690802
4039.2141690802
4039.2141690802
4039.2141690802
4039.2141690802
4039.2141690802
4039.2141690802
4039.2141690802
4039.2141690802
4039.2141690802
4039.2141690802
4039.2141690802
4039.2141690802
4039.2141690802
4039.2141690802
4039.2141690802
4039.2141690802
4039.2141690802
4039.2141690802
4039.2141690802
4039.2141690802
4041.66565010595
4041.66565010595
4041.66565010595
4041.66565010595
4041.66565010595
4041.66565010595
4041.66565010595
4042.03420762445
4042.7890205533
4042.7890205533
4042.7890205533
4042.7890205533
4042.7890205533
4042.7890205533
4042.7890205533
4042.7890205533
4042.7890205533
4042.7890205533
4042.7890205533
4042.7890205533
4042.7890205533
4042.7890205533
4042.7890205533
4051.32730765643
4051.37394925725
4051.37394925725
4051.37394925725
4051.37394925725
4051.37394925725
4051.37394925725
4051.37394925725
4051.37394925725
4051.37394925725
4051.37394925725
4051.37394925725
4051.37394925725
4051.37394925725
4051.37394925725
4051.37394925725
4051.37394925725
4051.37394925725
4051.37394925725
4051.37394925725
4051.37394925725
4051.37394925725
4051.37394925725
4051.37394925725
4051.37394925725
4051.37394925725
4051.37394925725
4051.37394925725
4051.37394925725
4051.37394925725
4051.37394925725
4051.37394925725
4051.37394925725
4051.37394925725
4051.37394925725
4051.37394925725
4051.37394925725
4051.37394925725
4051.37394925725
4051.37394925725
4051.37394925725
4051.37394925725
4051.37394925725
4051.37394925725
4051.37394925725
4051.37394925725
4051.37394925725
4051.37394925725
4051.37394925725
4051.37394925725
4051.37394925725
4051.37394925725
4051.37394925725
4051.37394925725
4051.37394925725
4051.37394925725
4051.37394925725
4051.37394925725
4051.37394925725
4051.37394925725
4051.37394925725
4051.37394925725
4051.37394925725
4051.37394925725
4051.37394925725
4051.37394925725
4051.37394925725
4051.37394925725
4051.37394925725
4051.37394925725
4051.37394925725
4051.37394925725
4051.37394925725
4051.37394925725
4051.37394925725
4051.37394925725
4051.37394925725
4051.37394925725
4051.37394925725
4051.37394925725
4051.37394925725
4051.37394925725
4051.37394925725
4051.37394925725
4051.37394925725
4051.37394925725
4051.37394925725
4051.37394925725
4051.37394925725
4051.37394925725
4051.37394925725
4051.37394925725
4051.37394925725
4051.37394925725
4051.37394925725
4051.37394925725
4051.37394925725
4051.37394925725
4051.37394925725
4051.37394925725
4051.37394925725
4051.37394925725
4051.37394925725
4051.37394925725
4051.37394925725
4051.37394925725
4051.37394925725
4051.37394925725
4051.37394925725
4051.37394925725
4051.37394925725
4051.37394925725
4051.37394925725
4051.37394925725
4051.37394925725
4051.37394925725
4051.37394925725
4051.37394925725
4051.37394925725
4051.37394925725
4051.37394925725
4051.37394925725
4051.37394925725
4051.37394925725
4051.37394925725
4051.37394925725
4051.37394925725
4051.37394925725
4051.37394925725
4051.37394925725
4051.37394925725
4051.37394925725
4051.37394925725
4051.37394925725
4051.37394925725
4051.37394925725
4051.37394925725
4051.37394925725
4051.37394925725
4051.37394925725
4051.37394925725
4051.37394925725
4051.37394925725
4052.47603239569
4052.47603239569
4052.47603239569
4052.47603239569
4052.47603239569
4052.47603239569
4052.47603239569
4052.47603239569
4052.47603239569
4052.47603239569
4052.47603239569
4052.47603239569
4052.47603239569
4052.47603239569
4052.47603239569
4052.47603239569
4052.47603239569
4052.47603239569
4052.47603239569
4052.47603239569
4052.47603239569
4052.47603239569
4052.47603239569
4052.47603239569
4052.47603239569
4052.47603239569
4052.47603239569
4052.47603239569
4052.47603239569
4052.47603239569
4052.47603239569
4052.47603239569
4052.47603239569
4052.47603239569
4052.47603239569
4052.47603239569
4052.47603239569
4052.47603239569
4052.47603239569
4052.47603239569
4052.47603239569
4052.47603239569
4052.47603239569
4052.47603239569
4052.47603239569
4052.47603239569
4052.47603239569
4052.47603239569
4052.47603239569
4052.47603239569
4052.47603239569
4052.47603239569
4052.47603239569
4052.47603239569
4052.47603239569
4052.47603239569
4052.47603239569
4052.47603239569
4052.47603239569
4052.47603239569
4052.47603239569
4052.47603239569
4052.47603239569
4052.47603239569
4052.47603239569
4052.47603239569
4052.47603239569
4052.47603239569
4052.47603239569
4052.47603239569
4052.47603239569
4052.47603239569
4052.61346994935
4052.85782629581
4052.85782629581
4052.85782629581
4052.85782629581
4052.85782629581
4052.85782629581
4052.85782629581
4052.85782629581
4052.85782629581
4052.85782629581
4052.85782629581
4052.85782629581
4052.85782629581
4052.85782629581
4052.85782629581
4052.85782629581
4052.85782629581
4052.85782629581
4052.85782629581
4052.85782629581
4052.85782629581
4052.85782629581
4052.85782629581
4052.85782629581
4052.85782629581
4052.85782629581
4052.85782629581
4052.85782629581
4052.85782629581
4052.85782629581
4052.85782629581
4055.89133463296
4055.89133463296
4055.89133463296
4055.89133463296
4055.89133463296
4055.89133463296
4055.89133463296
4055.89133463296
4055.89133463296
4055.89133463296
4055.89133463296
4055.89133463296
4055.89133463296
4055.89133463296
4055.89133463296
4055.89133463296
4055.89133463296
4055.89133463296
4055.89133463296
4055.89133463296
4055.89133463296
4055.89133463296
4055.89133463296
4055.89133463296
4055.89133463296
4055.89133463296
4055.89133463296
4055.89133463296
4055.89133463296
4055.89133463296
4055.89133463296
4055.89133463296
4055.89133463296
4055.89133463296
4055.89133463296
4055.89133463296
4055.89133463296
4055.89133463296
4055.89133463296
4055.89133463296
4055.89133463296
4055.89133463296
4055.89133463296
4055.89133463296
4055.89133463296
4055.89133463296
4055.89133463296
4055.89133463296
4055.89133463296
4055.89133463296
4055.89133463296
4055.89133463296
4055.89133463296
4055.89133463296
4055.89133463296
4055.89133463296
4055.89133463296
4055.89133463296
4055.89133463296
4055.89133463296
4055.89133463296
4055.89133463296
4055.89133463296
4055.89133463296
4055.89133463296
4055.89133463296
4055.89133463296
4055.89133463296
4055.89133463296
4055.89133463296
4055.89133463296
4055.89133463296
4055.89133463296
4056.91018659627
4057.94120255538
4057.94120255538
4057.94120255538
4057.94120255538
4057.94120255538
4057.94120255538
4057.94120255538
4057.94120255538
4057.94120255538
4057.94120255538
4057.94120255538
4057.94120255538
4057.94120255538
4057.94120255538
4057.94120255538
4057.94120255538
4057.94120255538
4057.94120255538
4057.94120255538
4057.94120255538
4057.94120255538
4057.94120255538
4057.94120255538
4057.94120255538
4057.94120255538
4057.94120255538
4057.94120255538
4058.02788888732
4058.02788888732
4058.02788888732
4058.02788888732
4058.02788888732
4058.02788888732

