4112.45125260252
4505.28148842342
4634.00487147615
4671.84713548798
4682.0206160194
4686.05706693651
4705.45323032455
4723.62236357251
4726.8548462958
4732.54209809223
4740.66780700045
4740.82594193847
4768.56355049856
4771.6673408694
4785.38000366883
4785.39829065561
4785.61227262994
4785.62201349383
4785.62912276592
4785.63431139707
4785.63809826762
4788.26903987868
4802.86507552905
4816.81381428368
4821.65872587178
4822.25488657148
4822.25553511335
4822.25600844514
4822.47310763112
4831.64727218888
4836.900387571
4836.90083179554
4836.90115600837
4836.90139263187
4836.90156532916
4850.71746563204
4852.91266842305
4855.55167517921
4856.84987972331
4856.84991071646
4856.84993333649
4856.8499498455
4861.5389417238
4861.53894955824
4861.53895527613
4867.01621255321
4875.31700305748
4875.42182126405
4876.72080247027
4892.48527180072
4893.59590625651
4893.59590685416
4893.59590729035
4893.59590760869
4899.9419667311
4899.94196689013
4899.94196689126
4906.41940727243
4907.47405513748
4908.39123141266
4908.39123141298
4908.39123141321
4908.39123141338
4908.71973121359
4908.71973121359
4908.71973121359
4908.71973121359
4908.71973121359
4917.91636266601
4918.91973903596
4918.91973903596
4918.91973903596
4925.6896908419
4925.6896908419
4931.76888012971
4931.76888012971
4931.76888012971
4943.8601454429
4943.8601454429
4947.35507782189
4947.35507782189
4947.35507782189
4953.13758049653
4957.03223100723
4957.03223100723
4963.10676638986
4964.18230095515
4964.18230095515
4964.18230095515
4964.18230095515
4964.18230095515
4964.18230095515
4964.18230095515
4964.18230095515
4964.18230095515
4968.38585297463
4969.66585505289
4987.08439161057
4987.08439161057
4987.08439161057
4987.08439161057
4995.66263106864
4996.33096652112
4996.33096652112
4996.33096652112
5010.44671221999
5010.44671221999
5010.44671221999
5011.66051910697
5011.66051910697
5015.19313783347
5015.82680313081
5015.82680313081
5015.82680313081
5015.82680313081
5015.82680313081
5016.26476987281
5016.42642331207
5016.42642331207
5017.39994322873
5017.39994322873
5017.39994322873
5017.39994322873
5017.39994322873
5018.56396750055
5019.47658754013
5019.47658754013
5019.47658754013
5023.82003882155
5023.82003882155
5023.82003882155
5023.9979033143
5024.64096020958
5026.2512608184
5028.1146191017
5028.1146191017
5028.1146191017
5028.1146191017
5028.1146191017
5028.1146191017
5028.1146191017
5028.1146191017
5028.1146191017
5028.1146191017
5028.1146191017
5028.1146191017
5028.1146191017
5028.1146191017
5028.1146191017
5028.1146191017
5030.80933838692
5030.80933838692
5030.80933838692
5030.80933838692
5031.58562106171
5033.76169587116
5033.76169587116
5033.76169587116
5033.76169587116
5033.76169587116
5033.76169587116
5033.76169587116
5035.4736856699
5035.4736856699
5035.4736856699
5035.4736856699
5035.4736856699
5035.4736856699
5035.4736856699
5037.87250505141
5038.83506481424
5038.83506481424
5038.90098873469
5039.09449058387
5042.25776478277
5042.3149217507
5042.31720565494
5042.31887253961
5042.32005043003
5042.3206796933
5049.54106086544
5049.54139605286
5049.54164068604
5049.54181922912
5049.54194953701
5055.50003212426
5056.43461290495
5056.4346635636
5056.43470053632
5056.43472752049
5056.43474721461
5056.43476158817
5056.43477207857
5056.71095375799
5057.10798908042
5057.10799315868
5057.10799613516
5057.56275382872
5066.26470651084
5066.26470766798
5078.3917731305
5078.39177374686
5082.6739697493
5084.76541868462
5084.76541892424
5084.76541909912
5084.76541922676
5084.76541931992
5089.3199377165
5092.09414202099
5092.09414205721
5092.15743785197
5093.52930919034
5093.52930920441
5093.52930921469
5093.52930922219
5093.52930922766
5093.52930923166
5093.52930923457
5094.55175960119
5095.05837334785
5100.47507615424
5102.8481466664
5102.84814666739
5102.84814666811
5102.84814666863
5102.84814666901
5102.84814666929
5114.39493195946
5114.68246366559
5114.70540099007
5114.70540099014
5114.7054009902
5114.70540099024
5114.70540099027
5114.7054009903
5115.02330114818
5115.02330114819
5115.0233011482
5115.02330114821
5115.02330114821
5115.02330114821
5115.02330114822
5115.02330114822
5115.02330114822
5115.02330114822
5115.14475222938
5116.13835919896
5116.13835919896
5116.13835919896
5116.13835919896
5121.63603995014
5121.63603995014
5121.63603995014
5121.63603995014
5121.63603995014
5125.3310179095
5125.86655967059
5125.86655967059
5125.86655967059
5125.86655967059
5125.86655967059
5134.54574887229
5134.54574887229
5134.54574887229
5134.54574887229
5137.99369246848
5137.99369246848
5137.99369246848
5137.99369246848
5137.99369246848
5137.99369246848
5137.99369246848
5137.99369246848
5137.99369246848
5137.99369246848
5137.99369246848
5137.99369246848
5137.99369246848
5137.99369246848
5138.94458372947
5139.55757002955
5139.55757002955
5139.55757002955
5139.55757002955
5139.55757002955
5142.27122006006
5142.27122006006
5142.27122006006
5142.27122006006
5142.27122006006
5142.27122006006
5142.27122006006
5142.27122006006
5142.27122006006
5142.27122006006
5142.27122006006
5147.61902835405
5147.82679761858
5147.82679761858
5147.82679761858
5147.82679761858
5147.82679761858
5147.82679761858
5147.82679761858
5147.82679761858
5147.82679761858
5147.82679761858
5147.82679761858
5155.21169965833
5155.21169965833
5155.21169965833
5156.8983903402
5156.8983903402
5156.8983903402
5156.8983903402
5156.8983903402
5156.8983903402
5156.8983903402
5156.8983903402
5156.8983903402
5156.8983903402
5156.8983903402
5156.8983903402
5156.8983903402
5156.8983903402
5156.8983903402
5156.8983903402
5156.8983903402
5156.8983903402
5156.8983903402
5156.8983903402
5156.8983903402
5156.8983903402
5156.8983903402
5156.8983903402
5156.8983903402
5156.8983903402
5156.8983903402
5156.8983903402
5156.8983903402
5156.8983903402
5156.8983903402
5156.8983903402
5156.8983903402
5156.8983903402
5160.91355396476
5160.91355396476
5160.91355396476
5160.91355396476
5160.91355396476
5160.91355396476
5160.91355396476
5160.91355396476
5160.91355396476
5160.91355396476
5160.91355396476
5160.91355396476
5160.91355396476
5166.86811162608
5166.86811162608
5166.86811162608
5166.86811162608
5166.86811162608
5166.86811162608
5166.86811162608
5166.86811162608
5166.86811162608
5166.86811162608
5166.86811162608
5166.86811162608
5166.86811162608
5166.86811162608
5166.86811162608
5166.86811162608
5166.86811162608
5166.86811162608
5166.86811162608
5166.86811162608
5166.86811162608
5166.86811162608
5169.26688242783
5169.37142633566
5169.37142633566
5169.37142633566
5169.37142633566
5169.37142633566
5169.37142633566
5169.37142633566
5169.37142633566
5169.37142633566
5169.37142633566
5169.37142633566
5169.37142633566
5169.37142633566
5169.37142633566
5171.38411244372
5171.78405204721
5171.78405204721
5171.78405204721
5171.78405204721
5174.8934118545
5175.04244144116
5175.04244144116
5175.04244144116
5175.04244144116
5175.04244144116
5175.81081618519
5175.81081618519
5175.81081618519
5175.81081618519
5175.81081618519
5175.81081618519
5178.98039787628
5179.48800029931
5179.48800029931
5179.48800029931
5179.48800029931
5179.48800029931
5179.48800029931
5179.48800029931
5179.48800029931
5179.48800029931
5179.48800029931
5179.48800029931
5179.48800029931
5179.48800029931
5179.48800029931
5179.48800029931
5179.48800029931
5179.48800029931
5179.48800029931
5179.48800029931
5183.13280202158
5183.13280202158
5183.13280202158
5183.13280202158
5183.13280202158
5183.13280202158
5183.13280202158
5183.13280202158
5183.13280202158
5183.13280202158
5183.13280202158
5183.13280202158
5183.13280202158
5183.13280202158
5183.13280202158
5183.13280202158
5183.13280202158
5183.13280202158
5183.13280202158
5183.13280202158
5186.90918058314
5186.90918058314
5186.90918058314
5186.90918058314
5186.90918058314
5186.90918058314
5186.90918058314
5186.90918058314
5186.90918058314
5186.90918058314
5187.72563858832
5187.72563858832
5187.72563858832
5187.72563858832
5187.72563858832
5187.72563858832
5187.72563858832
5187.72563858832
5187.72563858832
5187.72563858832
5187.72563858832
5187.72563858832
5187.72563858832
5187.72563858832
5187.72563858832
5191.75893269068
5192.28678459084
5192.28678459084
5192.28678459084
5192.28678459084
5192.28678459084
5192.28678459084
5192.28678459084
5192.28678459084
5192.8221455392
5194.53095952792
5194.53095952792
5194.53095952792
5194.53095952792
5194.53095952792
5194.53095952792
5194.53095952792
5194.53095952792
5194.53095952792
5194.53095952792
5195.60250243312
5201.39010474786
5201.60653466407
5201.60653466407
5201.60653466407
5201.60653466407
5201.60653466407
5201.60653466407
5201.60653466407
5201.60653466407
5201.60653466407
5201.60653466407
5201.60653466407
5201.60653466407
5201.60653466407
5201.60653466407
5201.60653466407
5201.60653466407
5201.60653466407
5201.60653466407
5201.60653466407
5201.60653466407
5201.60653466407
5201.60653466407
5201.60653466407
5201.60653466407
5201.60653466407
5201.60653466407
5201.60653466407
5201.60653466407
5201.60653466407
5201.60653466407
5201.60653466407
5201.60653466407
5201.60653466407
5201.60653466407
5201.60653466407
5201.60653466407
5201.60653466407
5201.60653466407
5201.60653466407
5201.60653466407
5201.60653466407
5201.60653466407
5201.60653466407
5201.60653466407
5201.60653466407
5201.60653466407
5201.60653466407
5201.60653466407
5201.60653466407
5201.60653466407
5201.60653466407
5201.60653466407
5201.60653466407
5201.60653466407
5209.1737461247
5209.1737461247
5209.1737461247
5209.1737461247
5209.1737461247
5209.1737461247
5209.1737461247
5209.1737461247
5209.1737461247
5209.1737461247
5211.66634700196
5212.49339236228
5212.49339236228
5212.49339236228
5212.49339236228
5212.49339236228
5212.49339236228
5212.49339236228
5212.49339236228
5212.49339236228
5212.49339236228
5212.49339236228
5212.49339236228
5212.49339236228
5212.49339236228
5212.49339236228
5212.49339236228
5212.49339236228
5212.49339236228
5212.49339236228
5212.49339236228
5212.49339236228
5212.49339236228
5212.49339236228
5212.49339236228
5212.49339236228
5212.49339236228
5212.92219592658
5212.92219592658
5212.92219592658
5212.92219592658
5212.92219592658
5212.92219592658
5213.52130686876
5213.52130686876
5213.52130686876
5214.69182664183
5215.89442087707
5215.89442087707
5215.89442087707
5215.89442087707
5215.89442087707
5217.52322889773
5217.52322889773
5223.90751954897
5223.90751954897
5223.90751954897
5223.90751954897
5223.90751954897
5223.90751954897
5223.90751954897
5223.90751954897
5223.90751954897
5223.90751954897
5223.90751954897
5223.90751954897
5223.90751954897
5223.90751954897
5223.90751954897
5223.90751954897
5223.90751954897
5223.90751954897
5223.90751954897
5223.95181662733
5223.95181662733
5224.30460388004
5224.30460388004
5227.25055294112
5229.00239445866
5230.02755358681
5230.02755358681
5230.02755358681
5230.02755358681
5230.02755358681
5230.02755358681
5230.02755358681
5230.02755358681
5230.02755358681
5230.02755358681
5230.02755358681
5230.02755358681
5230.02755358681
5230.02755358681
5230.02755358681
5230.02755358681
5230.02755358681
5230.02755358681
5230.02755358681
5230.02755358681
5230.02755358681
5230.02755358681
5230.02755358681
5230.02755358681
5230.02755358681
5230.02755358681
5230.02755358681
5230.02755358681
5230.02755358681
5230.02755358681
5230.02755358681
5230.02755358681
5230.61822990916
5230.61822990916
5230.61822990916
5230.61822990916
5230.61822990916
5230.61822990916
5230.61822990916
5230.61822990916
5230.61822990916
5230.61822990916
5230.61822990916
5230.61822990916
5230.61822990916
5230.61822990916
5230.61822990916
5230.61822990916
5230.61822990916
5230.61822990916
5230.61822990916
5230.61822990916
5230.61822990916
5230.61822990916
5230.61822990916
5230.61822990916
5230.61822990916
5230.61822990916
5230.61822990916
5230.61822990916
5230.61822990916
5230.61822990916
5230.61822990916
5230.61822990916
5230.61822990916
5230.61822990916
5230.61822990916
5230.61822990916
5230.61822990916
5230.61822990916
5230.61822990916
5230.61822990916
5230.61822990916
5230.61822990916
5230.61822990916
5231.17584914347
5231.17584914347
5231.17584914347
5231.17584914347
5231.17584914347
5231.17584914347
5231.17584914347
5231.17584914347
5231.17584914347
5231.17584914347
5231.17584914347
5231.17584914347
5231.17584914347
5231.17584914347
5231.17584914347
5231.17584914347
5231.17584914347
5231.17584914347
5231.17584914347
5231.17584914347
5231.17584914347
5231.17584914347
5231.17584914347
5231.17584914347
5231.17584914347
5231.17584914347
5231.17584914347
5231.17584914347
5231.17584914347
5231.17584914347
5231.17584914347
5231.17584914347
5231.17584914347
5232.96897316765
5232.96897316765
5232.96897316765
5232.96897316765
5232.96897316765
5232.96897316765
5232.96897316765
5232.96897316765
5232.96897316765
5232.96897316765
5232.96897316765
5232.96897316765
5232.96897316765
5232.96897316765
5232.96897316765
5232.96897316765
5232.96897316765
5232.96897316765
5232.96897316765
5232.96897316765
5232.96897316765
5232.96897316765
5232.96897316765
5232.96897316765
5236.0338582474
5236.0338582474
5236.0338582474
5236.0338582474
5236.0338582474
5236.0338582474
5236.0338582474
5236.0338582474
5236.0338582474
5236.0338582474
5236.0338582474
5236.0338582474
5236.0338582474
5236.0338582474
5236.0338582474
5236.0338582474
5236.0338582474
5236.0338582474
5236.0338582474
5236.0338582474
5236.0338582474
5236.0338582474
5236.0338582474
5236.0338582474
5236.0338582474
5236.0338582474
5247.20365677788
5247.46851294507
5248.18384752148
5248.18384752148
5248.18384752148
5248.18384752148
5248.18384752148
5248.3619733495
5248.3619733495
5248.3619733495
5248.3619733495
5248.3619733495
5248.3619733495
5248.3619733495
5248.3619733495
5248.3619733495
5248.3619733495
5248.3619733495
5248.3619733495
5248.3619733495
5248.3619733495
5248.3619733495
5248.3619733495
5248.3619733495
5248.3619733495
5248.3619733495
5248.3619733495
5248.3619733495
5248.3619733495
5248.3619733495
5248.3619733495
5248.3619733495
5249.14255324275
5249.14255324275
5249.14255324275
5249.14255324275
5249.14255324275
5249.14255324275
5249.14255324275
5249.14255324275
5249.14255324275
5249.14255324275
5249.14255324275
5249.14255324275
5249.14255324275
5249.14255324275
5252.47040356129
5253.6834762946
5253.6834762946
5253.6834762946
5253.6834762946
5253.6834762946
5253.6834762946
5253.6834762946
5253.6834762946
5253.6834762946
5253.6834762946
5253.6834762946
5253.6834762946
5253.6834762946
5253.6834762946
5253.6834762946
5253.6834762946
5253.6834762946
5253.6834762946
5253.6834762946
5253.6834762946
5253.6834762946
5253.6834762946
5253.6834762946
5253.6834762946
5253.6834762946
5253.6834762946
5253.6834762946
5253.6834762946
5253.6834762946
5253.6834762946
5253.6834762946
5253.6834762946
5253.6834762946
5253.6834762946
5256.65212190835
5256.65212190835
5256.65212190835
5256.65212190835
5256.65212190835
5256.65212190835
5256.65212190835
5256.65212190835
5256.65212190835
5256.65212190835
5256.65212190835
5256.65212190835
5256.65212190835
5256.65212190835
5256.65212190835
5256.65212190835
5256.65212190835
5256.65212190835
5256.65212190835
5256.65212190835
5256.65212190835
5256.65212190835
5256.65212190835
5256.65212190835
5256.65212190835
5256.65212190835
5256.65212190835
5256.65212190835
5256.65212190835
5256.65212190835
5256.65212190835
5256.65212190835
5256.65212190835
5256.65212190835
5256.65212190835
5256.65212190835
5256.65212190835
5256.65212190835
5256.65212190835
5256.65212190835
5256.65212190835
5256.65212190835
5256.65212190835
5256.65212190835
5256.65212190835
5261.51760913749
5262.43589083547
5262.43589083547
5262.43589083547
5262.43589083547
5262.43589083547
5262.43589083547
5263.47591428974
5263.47591428974
5263.47591428974
5263.47591428974
5263.47591428974
5265.34594862445
5265.68584003371
5265.68584003371
5265.68584003371
5265.68584003371
5265.68584003371
5265.68584003371
5265.68584003371
5265.68584003371
5265.68584003371
5265.68584003371
5265.68584003371
5265.68584003371
5265.68584003371
5265.68584003371
5265.68584003371
5265.68584003371
5265.68584003371
5265.68584003371
5265.68584003371
5265.68584003371
5265.68584003371
5265.68584003371
5265.68584003371
5265.68584003371
5265.68584003371
5265.68584003371
5265.68584003371
5265.68584003371
5267.43386945844
5267.84492766917
5267.84492766917
5267.84492766917
5267.84492766917
5267.84492766917
5267.84492766917
5267.84492766917
5267.84492766917
5267.84492766917
5267.84492766917
5267.84492766917
5267.84492766917
5267.84492766917
5267.84492766917
5267.84492766917
5267.84492766917
5267.84492766917
5267.84492766917
5267.84492766917
5267.84492766917
5267.84492766917
5267.84492766917
5267.84492766917
5267.84492766917
5267.84492766917
5267.84492766917
5267.84492766917
5268.43950708329
5268.43950708329
5268.43950708329
5268.43950708329
5275.07111726405
5275.07111726405
5275.07111726405
5275.07111726405
5275.07111726405
5275.07111726405
5275.07111726405
5275.07111726405
5275.07111726405
5275.07111726405
5275.07111726405
5275.07111726405
5275.07111726405
5275.07111726405
5275.07111726405
5275.07111726405
5275.07111726405
5275.07111726405
5275.07111726405
5275.07111726405
5275.07111726405
5275.07111726405
5275.07111726405
5275.07111726405
5275.07111726405
5275.07111726405
5275.07111726405
5275.07111726405
5275.07111726405
5275.07111726405
5275.07111726405
5275.07111726405
5275.07111726405
5275.07111726405
5275.07111726405
5275.07111726405
5275.07111726405
5275.07111726405
5275.07111726405
5275.07111726405
5275.07111726405
5275.07111726405
5275.07111726405
5275.07111726405
5275.07111726405
5275.07111726405
5275.07111726405
5275.07111726405
5275.07111726405
5275.07111726405
5275.07111726405
5275.07111726405
5275.07111726405
5275.07111726405
5275.07111726405
5275.07111726405
5275.07111726405
5275.07111726405
5275.07111726405
5275.07111726405
5275.07111726405
5275.07111726405
5275.32021397091
5276.24154654929
5276.24154654929
5276.24154654929
5276.24154654929
5276.24154654929
5276.24154654929
5276.24154654929
5276.24154654929
5276.24154654929
5276.24154654929
5276.24154654929
5276.24154654929
5276.24154654929
5276.24154654929
5276.24154654929
5276.24154654929
5276.24154654929
5276.24154654929
5276.24154654929
5276.24154654929
5276.24154654929
5276.24154654929
5276.24154654929
5276.24154654929
5276.24154654929
5276.24154654929
5276.24154654929
5276.24154654929
5276.24154654929
5276.24154654929
5276.24154654929
5276.24154654929
5276.24154654929
5276.24154654929
5276.24154654929
5276.24154654929
5276.24154654929
5276.24154654929
5276.24154654929
5276.24154654929
5276.24154654929
5276.24154654929
5276.24154654929
5276.24154654929
5276.24154654929
5276.24154654929
5276.24154654929
5276.24154654929
5276.24154654929
5276.24154654929
5276.24154654929
5276.24154654929
5276.24154654929
5276.24154654929
5276.24154654929
5276.24154654929
5276.24154654929
5276.24154654929
5276.24154654929
5276.24154654929
5276.24154654929
5276.24154654929
5276.24154654929
5276.24154654929
5276.24154654929
5276.24154654929
5276.24154654929
5276.24154654929
5276.24154654929
5276.24154654929
5276.24154654929
5276.24154654929
5276.24154654929
5276.24154654929
5276.24154654929
5276.24154654929
5276.24154654929
5276.24154654929
5276.24154654929
5276.24154654929
5277.83167497207
5279.67015755676
5279.67015755676
5279.67015755676
5279.67015755676
5279.67015755676
5279.67015755676
5279.67015755676
5279.67015755676
5279.67015755676
5279.67015755676
5279.67015755676
5279.67015755676
5279.67015755676
5279.67015755676
5279.67015755676
5279.67015755676
5279.67015755676
5279.67015755676
5279.67015755676
5279.67015755676
5279.67015755676
5279.67015755676
5279.67015755676
5279.67015755676
5279.67015755676
5279.67015755676
5279.67015755676
5279.67015755676
5279.67015755676
5279.67015755676
5279.67015755676
5279.67015755676
5279.67015755676
5279.67015755676
5279.67015755676
5279.67015755676
5279.67015755676
5279.67015755676
5279.67015755676
5279.67015755676
5279.67015755676
5279.67015755676
5279.67015755676
5279.67015755676
5279.67015755676
5279.67015755676
5279.67015755676
5279.67015755676
5279.67015755676
5279.67015755676
5279.67015755676
5279.74195276698
5280.44956261322
5280.44956261322
5280.44956261322
5280.44956261322
5280.44956261322
5280.44956261322
5280.44956261322
5280.44956261322
5280.44956261322
5280.44956261322
5280.44956261322
5280.44956261322
5280.44956261322
5280.44956261322
5280.44956261322
5280.44956261322
5280.44956261322
5280.44956261322
5280.44956261322
5280.44956261322
5280.44956261322
5280.44956261322
5280.44956261322
5280.44956261322
5280.44956261322
5280.44956261322
5280.44956261322
5285.54669080659
5286.09317004764
5286.09317004764
5286.09317004764
5286.09317004764
5286.09317004764
5289.27473918896
5290.12910995111
5290.12910995111
5290.12910995111
5290.12910995111
5290.12910995111
5290.12910995111
5290.12910995111
5290.12910995111
5290.12910995111
5290.12910995111
5290.12910995111
5290.12910995111
5290.12910995111
5290.12910995111
5290.12910995111
5290.12910995111
5290.12910995111
5290.12910995111
5290.12910995111
5290.12910995111
5290.12910995111
5290.12910995111
5290.12910995111
5290.12910995111
5290.12910995111
5290.12910995111
5290.12910995111
5290.12910995111
5290.12910995111
5290.12910995111
5290.12910995111
5290.12910995111
5290.12910995111
5290.12910995111
5290.12910995111
5290.12910995111
5290.12910995111
5290.12910995111
5290.12910995111
5290.12910995111
5290.12910995111
5290.12910995111
5290.12910995111
5290.12910995111
5290.12910995111
5290.12910995111
5290.12910995111
5290.12910995111
5290.12910995111
5290.12910995111
5290.12910995111
5290.12910995111
5290.12910995111
5290.12910995111
5290.12910995111
5290.12910995111
5290.12910995111
5290.12910995111
5290.12910995111
5290.12910995111
5290.12910995111
5290.12910995111
5290.12910995111
5290.12910995111
5290.12910995111
5290.12910995111
5290.12910995111
5290.12910995111
5290.12910995111
5290.12910995111
5290.12910995111
5290.12910995111
5290.12910995111
5290.12910995111
5290.12910995111
5290.12910995111
5290.12910995111
5290.12910995111
5290.12910995111
5290.12910995111
5290.12910995111
5290.12910995111
5290.12910995111
5290.12910995111
5290.12910995111
5290.12910995111
5290.12910995111
5290.12910995111
5290.12910995111
5290.12910995111
5290.12910995111
5290.12910995111
5290.12910995111
5290.12910995111
5290.12910995111
5290.12910995111
5290.12910995111
5290.12910995111
5290.12910995111
5290.12910995111
5290.12910995111
5290.12910995111
5290.12910995111
5290.12910995111
5290.12910995111
5290.12910995111
5290.12910995111
5290.12910995111
5290.12910995111
5290.12910995111
5290.12910995111
5290.12910995111
5290.12910995111
5290.12910995111
5290.12910995111
5290.12910995111
5290.12910995111
5290.12910995111
5290.12910995111
5290.12910995111
5290.12910995111
5290.12910995111
5290.12910995111
5290.12910995111
5290.12910995111
5290.12910995111
5290.12910995111
5290.12910995111
5297.55752265146
5297.96858086219
5297.96858086219
5297.96858086219
5297.96858086219
5297.96858086219
5297.96858086219
5297.96858086219
5297.96858086219
5297.96858086219
5297.96858086219
5297.96858086219
5297.96858086219
5297.96858086219
5297.96858086219
5297.96858086219
5297.96858086219
5297.96858086219
5297.96858086219
5297.96858086219
5297.96858086219
5297.96858086219
5297.96858086219
5297.96858086219
5297.96858086219
5297.96858086219
5297.96858086219
5297.96858086219
5297.96858086219
5297.96858086219
5297.96858086219
5297.96858086219
5297.96858086219
5297.96858086219
5297.96858086219
5298.19122298902
5298.19122298902
5298.19122298902
5298.19122298902
5298.19122298902
5298.19122298902
5298.19122298902
5298.19122298902
5298.19122298902
5298.19122298902
5298.19122298902
5298.19122298902
5298.19122298902
5298.19122298902
5298.19122298902
5300.54847777678
5300.66228296754
5300.66228296754
5300.66228296754
5300.66228296754
5302.04378996247
5302.04378996247
5302.1364481112
5302.1364481112
5302.1364481112
5302.1364481112
5302.1364481112
5302.1364481112
5302.1364481112
5302.1364481112
5302.1364481112
5302.1364481112
5302.1364481112
5302.1364481112
5302.1364481112
5302.1364481112
5302.1364481112
5302.1364481112
5302.1364481112
5302.1364481112
5302.1364481112
5302.1364481112
5302.1364481112
5302.1364481112
5302.1364481112
5302.1364481112
5302.1364481112
5302.1364481112
5302.1364481112
5302.1364481112
5302.1364481112
5302.1364481112
5302.1364481112
5302.1364481112
5302.1364481112
5302.1364481112
5302.1364481112
5302.1364481112
5302.1364481112
5302.1364481112
5302.1364481112
5302.1364481112
5302.1364481112
5302.1364481112
5302.1364481112
5302.1364481112
5302.53540147786
5302.53540147786
5302.53540147786
5302.53540147786
5302.64980584575
5302.64980584575
5302.64980584575
5302.64980584575
5302.64980584575
5302.64980584575
5302.64980584575
5302.64980584575
5302.64980584575
5302.64980584575
5302.64980584575
5302.64980584575
5302.64980584575
5302.64980584575
5302.64980584575
5302.64980584575
5302.64980584575
5302.64980584575
5302.64980584575
5302.64980584575
5302.64980584575
5302.64980584575
5302.64980584575
5302.64980584575
5302.64980584575
5302.64980584575
5302.64980584575
5302.64980584575
5302.64980584575
5302.64980584575
5302.64980584575
5302.64980584575
5302.64980584575
5302.64980584575
5302.64980584575
5302.64980584575
5302.64980584575
5302.64980584575
5302.64980584575
5302.64980584575
5302.64980584575
5302.64980584575
5302.64980584575
5302.64980584575
5302.64980584575
5302.64980584575
5302.64980584575
5302.64980584575
5302.64980584575
5302.64980584575
5302.64980584575
5302.64980584575
5302.64980584575
5302.64980584575
5302.64980584575
5302.64980584575
5302.64980584575
5302.64980584575
5302.64980584575
5302.64980584575
5302.64980584575
5302.64980584575
5302.64980584575
5302.64980584575
5307.40673836013
5307.87351975822
5307.87351975822
5307.87351975822
5307.87351975822
5307.87351975822
5307.87351975822
5307.87351975822
5307.87351975822
5307.87351975822
5307.87351975822
5307.87351975822
5307.87351975822
5307.87351975822
5307.87351975822
5307.87351975822
5307.87351975822
5307.87351975822
5307.87351975822
5307.87351975822
5307.87351975822
5307.87351975822
5307.87351975822
5307.87351975822
5307.87351975822
5307.87351975822
5307.87351975822
5307.87351975822
5307.87351975822
5307.87351975822
5307.87351975822
5307.87351975822
5307.87351975822
5307.87351975822
5307.87351975822
5307.87351975822
5307.87351975822
5307.87351975822
5307.87351975822
5307.87351975822
5307.87351975822
5307.87351975822
5307.87351975822
5307.87351975822
5307.87351975822
5307.87351975822
5307.87351975822
5307.87351975822
5308.45946793502
5308.99799792098
5308.99799792098
5308.99799792098
5308.99799792098
5308.99799792098
5308.99799792098
5308.99799792098
5308.99799792098
5308.99799792098
5308.99799792098
5308.99799792098
5308.99799792098
5308.99799792098
5308.99799792098
5308.99799792098
5308.99799792098
5308.99799792098
5308.99799792098
5308.99799792098
5308.99799792098
5308.99799792098
5308.99799792098
5308.99799792098
5308.99799792098
5308.99799792098
5308.99799792098
5308.99799792098
5308.99799792098
5308.99799792098
5308.99799792098
5308.99799792098
5308.99799792098
5308.99799792098
5308.99799792098
5308.99799792098
5308.99799792098
5308.99799792098
5308.99799792098
5308.99799792098
5308.99799792098
5308.99799792098
5308.99799792098
5308.99799792098
5308.99799792098
5308.99799792098
5308.99799792098
5308.99799792098
5308.99799792098
5308.99799792098
5308.99799792098
5308.99799792098
5308.99799792098
5308.99799792098
5308.99799792098
5308.99799792098
5308.99799792098
5308.99799792098
5310.16921001896
5310.16921001896
5310.16921001896
5310.16921001896
5310.16921001896
5310.16921001896
5310.16921001896
5310.16921001896
5310.16921001896
5310.16921001896
5310.16921001896
5310.16921001896
5310.16921001896
5310.16921001896
5310.16921001896
5310.16921001896
5310.16921001896
5310.16921001896
5310.16921001896
5310.16921001896
5310.16921001896
5310.16921001896
5310.16921001896
5310.16921001896
5310.16921001896
5310.16921001896
5310.16921001896
5310.16921001896
5310.16921001896
5310.4147000835
5311.66589414223
5311.66589414223
5311.66589414223
5311.66589414223
5311.66589414223
5311.66589414223
5311.66589414223
5311.66589414223
5311.66589414223
5311.66589414223
5311.66589414223
5311.66589414223
5311.66589414223
5311.66589414223
5311.66589414223
5311.66589414223
5311.66589414223
5311.66589414223
5311.66589414223
5311.66589414223
5311.66589414223
5311.66589414223
5311.66589414223
5311.66589414223
5311.66589414223
5311.66589414223
5311.66589414223
5311.66589414223
5311.66589414223
5311.66589414223
5311.66589414223
5311.66589414223
5311.66589414223
5311.66589414223
5311.66589414223
5311.66589414223
5311.66589414223
5311.66589414223
5311.66589414223
5311.66589414223
5311.66589414223
5311.66589414223
5311.66589414223
5311.66589414223
5311.66589414223
5311.66589414223
5314.20964352247
5314.82585284232
5314.82585284232
5314.82585284232
5315.99738727449
5315.99738727449
5315.99738727449
5315.99738727449
5315.99738727449
5315.99738727449
5315.99738727449
5315.99738727449
5315.99738727449
5315.99738727449
5315.99738727449
5315.99738727449
5315.99738727449
5315.99738727449
5315.99738727449
5315.99738727449
5315.99738727449
5315.99738727449
5315.99738727449
5315.99738727449
5315.99738727449
5315.99738727449
5315.99738727449
5315.99738727449
5315.99738727449
5315.99738727449
5315.99738727449
5315.99738727449
5315.99738727449
5315.99738727449
5315.99738727449
5315.99738727449
5315.99738727449
5315.99738727449
5315.99738727449
5315.99738727449
5315.99738727449
5315.99738727449
5315.99738727449
5315.99738727449
5315.99738727449
5315.99738727449
5315.99738727449
5315.99738727449
5315.99738727449
5315.99738727449
5315.99738727449
5315.99738727449
5315.99738727449
5315.99738727449
5315.99738727449
5316.01571695748
5316.01571695748
5316.01571695748
5316.01571695748
5316.01571695748
5316.01571695748
5316.01571695748
5316.01571695748
5316.01571695748
5316.01571695748
5316.01571695748
5316.01571695748
5317.86951691731
5317.86951691731
5317.86951691731
5317.86951691731
5317.86951691731
5317.86951691731
5317.86951691731
5317.86951691731
5322.68498166498
5323.06660860483
5323.06660860483
5323.06660860483
5323.06660860483
5323.06660860483
5323.06660860483
5323.06660860483
5326.4182617033
5326.4182617033
5326.4182617033
5326.4182617033
5326.4182617033
5326.4182617033
5326.4182617033
5326.4182617033
5326.4182617033
5326.4182617033
5326.4182617033
5326.4182617033
5326.4182617033
5326.4182617033
5326.4182617033
5326.4182617033
5326.4182617033
5326.4182617033
5326.4182617033
5326.4182617033
5326.4182617033
5326.4182617033
5326.4182617033
5326.4182617033
5326.4182617033
5326.4182617033
5326.4182617033
5326.4182617033
5326.4182617033
5326.4182617033
5326.4182617033
5326.4182617033
5326.4182617033
5326.4182617033
5326.4182617033
5326.4182617033
5326.4182617033
5326.4182617033
5326.4182617033
5326.4182617033
5326.4182617033
5326.4182617033
5326.4182617033
5326.4182617033
5326.4182617033
5326.4182617033
5326.4182617033
5326.4182617033
5326.4182617033
5326.4182617033
5326.4182617033
5326.4182617033
5326.4182617033
5326.4182617033
5326.4182617033
5326.4182617033
5326.4182617033
5326.4182617033
5326.4182617033
5326.4182617033
5326.4182617033
5326.4182617033
5326.4182617033
5326.4182617033
5326.4182617033
5326.4182617033
5326.4182617033
5326.4182617033
5326.4182617033
5326.4182617033
5326.4182617033
5326.4182617033
5326.4182617033
5326.4182617033
5326.4182617033
5326.4182617033
5326.4182617033
5326.4182617033
5326.4182617033
5326.4182617033
5326.4182617033
5326.4182617033
5326.4182617033
5326.4182617033
5326.4182617033
5326.4182617033
5326.4182617033
5326.4182617033
5326.4182617033
5326.4182617033
5326.4182617033
5326.4182617033
5326.4182617033
5326.4182617033
5326.4182617033
5326.4182617033
5326.4182617033
5326.4182617033
5326.4182617033
5326.4182617033
5326.4182617033
5326.4182617033
5326.4182617033
5326.4182617033
5326.4182617033
5326.4182617033
5326.4182617033
5326.4182617033
5326.4182617033
5326.4182617033
5326.4182617033
5326.4182617033
5326.4182617033
5326.4182617033
5326.4182617033
5326.4182617033
5326.4182617033
5326.4182617033
5326.4182617033
5326.4182617033
5327.14469334389
5327.14469334389
5327.14469334389
5327.14469334389
5327.14469334389
5327.14469334389
5327.14469334389
5327.14469334389
5327.14469334389
5327.14469334389
5327.14469334389
5327.14469334389
5327.14469334389
5327.14469334389
5327.14469334389
5327.14469334389
5329.30183040118
5329.30183040118
5329.30183040118
5329.30183040118
5329.30183040118
5329.30183040118
5329.30183040118
5329.30183040118
5329.30183040118
5329.30183040118
5329.30183040118
5329.30183040118
5329.30183040118
5329.30183040118
5329.30183040118
5329.30183040118
5329.30183040118
5329.30183040118
5329.30183040118
5329.30183040118
5329.30183040118
5329.30183040118
5329.30183040118
5329.30183040118
5329.30183040118
5329.30183040118
5329.30183040118
5329.30183040118
5329.30183040118
5329.30183040118
5329.30183040118
5329.30183040118
5329.30183040118
5329.30183040118
5329.30183040118
5329.30183040118
5332.02214309909
5332.02214309909
5332.02214309909
5332.02214309909
5332.02214309909
5332.02214309909
5332.02214309909
5332.02214309909
5332.02214309909
5332.02214309909
5332.02214309909
5332.02214309909
5332.02214309909
5332.02214309909
5332.02214309909
5332.02214309909
5332.02214309909
5332.02214309909
5332.02214309909
5332.02214309909
5332.02214309909
5332.02214309909
5332.02214309909
5332.02214309909
5332.02214309909
5332.02214309909
5332.02214309909
5332.02214309909
5332.02214309909
5332.02214309909
5332.02214309909
5332.02214309909
5332.02214309909
5332.02214309909
5332.02214309909
5332.02214309909
5332.02214309909
5332.02214309909
5332.02214309909
5332.02214309909
5332.02214309909
5332.02214309909
5332.02214309909
5332.02214309909
5332.02214309909
5332.02214309909
5332.02214309909
5332.02214309909
5332.02214309909
5332.02214309909
5332.02214309909
5332.02214309909
5332.02214309909
5332.02214309909
5332.02214309909
5332.02214309909
5332.02214309909
5332.02214309909
5332.02214309909
5332.02214309909
5332.02214309909
5332.02214309909
5332.02214309909
5332.02214309909
5332.02214309909
5332.02214309909
5332.02214309909
5332.02214309909
5332.02214309909
5332.02214309909
5332.02214309909
5332.02214309909
5332.02214309909
5332.02214309909
5332.02214309909
5332.02214309909
5332.02214309909
5332.02214309909
5332.02214309909
5332.02214309909
5332.02214309909
5332.02214309909
5332.02214309909
5332.86744589422
5332.86744589422
5332.86744589422
5332.86744589422
5332.86744589422
5332.86744589422
5332.86744589422
5332.86744589422
5332.86744589422
5332.86744589422
5332.86744589422
5332.86744589422
5332.86744589422
5332.86744589422
5332.86744589422
5332.86744589422
5332.86744589422
5332.86744589422
5332.86744589422
5332.86744589422
5332.86744589422
5332.86744589422
5332.86744589422
5332.86744589422
5332.86744589422
5332.86744589422
5332.86744589422
5332.86744589422
5332.86744589422
5332.86744589422
5332.86744589422
5332.86744589422
5332.86744589422
5332.86744589422
5332.86744589422
5332.86744589422
5332.86744589422
5332.86744589422
5332.86744589422
5332.86744589422
5332.86744589422
5332.86744589422
5332.86744589422
5332.86744589422
5332.86744589422
5332.86744589422
5332.86744589422
5332.86744589422
5332.86744589422
5332.86744589422
5332.86744589422
5332.86744589422
5332.86744589422
5332.86744589422
5332.86744589422
5332.86744589422
5332.86744589422
5332.86744589422
5332.86744589422
5332.86744589422
5332.86744589422
5332.86744589422
5332.86744589422
5332.86744589422
5332.86744589422
5332.86744589422
5332.86744589422
5332.86744589422
5332.86744589422
5332.86744589422
5332.86744589422
5332.86744589422
5332.86744589422
5332.86744589422
5332.86744589422
5332.86744589422
5332.86744589422
5332.86744589422
5332.86744589422
5332.86744589422
5332.86744589422
5332.86744589422
5332.86744589422
5332.86744589422
5332.86744589422
5332.86744589422
5332.86744589422
5332.86744589422
5332.86744589422
5332.86744589422
5332.86744589422
5332.86744589422
5332.86744589422
5335.13661504206
5335.13661504206
5335.13661504206
5335.13661504206
5335.13661504206
5335.13661504206
5335.13661504206
5335.13661504206
5335.13661504206
5335.13661504206
5335.13661504206
5335.13661504206
5335.13661504206
5335.13661504206
5335.13661504206
5335.13661504206
5335.13661504206
5335.13661504206
5335.13661504206
5335.13661504206
5335.13661504206
5335.13661504206
5335.13661504206
5335.13661504206
5335.13661504206
5335.13661504206
5335.13661504206
5335.13661504206
5335.13661504206
5335.13661504206
5335.13661504206
5335.13661504206
5335.13661504206
5335.13661504206
5335.13661504206
5335.13661504206
5335.13661504206
5335.13661504206
5335.13661504206
5335.13661504206
5335.13661504206
5335.13661504206
5335.13661504206
5335.13661504206
5335.13661504206
5335.13661504206
5335.13661504206
5335.13661504206
5335.13661504206
5335.13661504206
5335.13661504206
5335.13661504206
5335.13661504206
5335.13661504206
5335.13661504206
5335.13661504206
5335.13661504206
5335.13661504206
5335.13661504206
5335.13661504206
5335.13661504206
5335.13661504206
5335.13661504206
5335.13661504206
5335.13661504206
5335.13661504206
5335.13661504206
5335.13661504206
5335.13661504206
5335.13661504206
5335.13661504206
5335.13661504206
5335.13661504206
5335.13661504206
5335.13661504206
5336.8624560047
5336.96693658082
5336.96693658082
5336.96693658082
5336.96693658082
5336.96693658082
5336.96693658082
5336.96693658082
5336.96693658082
5336.96693658082
5336.96693658082
5336.96693658082
5336.96693658082
5336.96693658082
5336.96693658082
5336.96693658082
5336.96693658082
5336.96693658082
5336.96693658082
5336.96693658082
5336.96693658082
5336.96693658082
5336.96693658082
5336.96693658082
5336.96693658082
5336.96693658082
5336.96693658082
5336.96693658082
5336.96693658082
5336.96693658082
5336.96693658082
5336.96693658082
5336.96693658082
5336.96693658082
5336.96693658082
5336.96693658082
5336.96693658082
5336.96693658082
5336.96693658082
5336.96693658082
5336.96693658082
5336.96693658082
5336.96693658082
5336.96693658082
5336.96693658082
5336.96693658082
5336.96693658082
5338.1548600917
5340.04527057033
5340.04527057033
5340.04527057033
5340.04527057033
5340.04527057033
5340.16147684236
5340.16147684236
5341.31156379212
5341.31156379212
5342.49826028578
5343.66828302059
5343.8613740788
5343.8613740788
5343.8613740788
5343.8613740788
5347.17348221931
5347.17348221931
5347.17348221931
5348.60682445956
5350.68147285434
5350.68147285434
5350.68147285434
5353.08661120897
5353.08661120897
5353.08661120897
5353.08661120897
5353.22865201908
5353.22865201908
5353.22865201908
5353.22865201908
5353.22865201908
5355.92042366294
5355.92042366294
5355.92042366294
5355.92042366294
5355.92042366294
5355.92042366294
5355.92042366294
5355.92042366294
5355.92042366294
5355.92042366294
5364.94442528937
5365.52251433385
5365.52251433385
5365.52251433385
5365.52251433385
5365.52251433385
5365.52251433385
5365.52251433385
5365.52251433385
5368.20311471246
5368.20311471246
5368.20311471246
5370.02942754723
5370.19412374622
5370.19412374622
5370.19412374622
5370.19412374622
5370.19412374622
5370.19412374622
5370.19412374622
5370.19412374622
5370.19412374622
5371.47168395027
5372.4916715832
5372.4916715832
5372.4916715832
5372.4916715832
5372.4916715832
5372.4916715832
5374.89150609548
5374.89150609548
5374.89150609548
5374.89150609548
5374.89150609548
5380.29371094681
5381.37284892317
5381.37284892317
5381.37284892317
5381.37284892317
5381.37284892317
5384.11625242499
5384.49787936483
5384.49787936483
5384.49787936483
5387.15577878865
5387.15577878865
5391.80348047005
5392.17656305418
5392.17656305418
5393.92991191715
5394.78723081837
5394.78723081837
5394.78723081837
5394.78723081837
5394.78723081837
5394.78723081837
5394.78723081837
5394.78723081837
5394.78723081837
5394.78723081837
5394.78723081837
5394.78723081837
5394.78723081837
5394.78723081837
5394.78723081837
5394.78723081837
5394.78723081837
5394.78723081837
5394.78723081837
5394.78723081837
5394.78723081837
5394.78723081837
5394.78723081837
5394.78723081837
5394.78723081837
5394.78723081837
5394.78723081837
5394.78723081837
5394.78723081837
5395.65651198138
5395.65651198138
5395.65651198138
5395.65651198138
5395.65651198138
5395.65651198138
5395.65651198138
5395.65651198138
5398.28931863501
5398.28931863501
5398.28931863501
5398.28931863501
5402.72806666052
5402.72806666052
5402.72806666052
5402.72806666052
5403.44634071824
5409.05342451525
5410.29171100865
5410.29171100865
5410.29171100865
5410.29171100865
5410.67002048929
5410.67002048929
5410.67002048929
5410.67002048929
5411.21602059482
5411.21602059482
5411.21602059482
5411.21602059482
5411.21602059482
5411.21602059482
5411.79547552288
5411.79547552288
5411.79547552288
5411.79547552288
5411.79547552288
5412.09993643256
5412.49655433438
5412.49655433438
5412.49655433438
5412.49655433438
5412.53107094818
5412.53107094818
5412.53107094818
5412.53107094818
5412.53107094818
5412.53107094818
5412.53107094818
5412.53107094818
5416.98996232458
5416.98996232458
5416.98996232458
5416.98996232458
5416.98996232458
5416.98996232458
5416.98996232458
5416.98996232458
5416.98996232458
5427.31400285659
5428.00448665997
5428.43208216728
5428.43208216728
5429.84174773045
5429.84174773045
5429.84174773045
5429.84174773045
5429.84174773045
5429.84174773045
5429.84174773045
5429.84174773045
5429.84174773045
5432.62958283646
5433.03557021359
5433.03557021359
5433.03557021359
5433.03557021359
5433.03557021359
5433.03557021359
5433.03557021359
5433.03557021359
5433.03557021359
5433.03557021359
5433.03557021359
5433.03557021359
5433.03557021359
5433.03557021359
5434.40618773987
5436.44702154429
5436.44702154429
5436.44702154429
5436.44702154429
5436.44702154429
5436.44702154429
5436.44702154429
5440.81361479964
5440.89988600901
5440.89988600901
5441.21947252936
5441.21947252936
5441.21947252936
5441.21947252936
5441.21947252936
5441.21947252936
5441.21947252936
5441.21947252936
5441.21947252936
5441.21947252936
5441.21947252936
5441.21947252936
5441.21947252936
5443.19224307481
5443.19224307481
5443.19224307481
5443.19224307481
5443.19224307481
5443.19224307481
5443.19224307481
5443.19224307481
5443.19224307481
5443.19224307481
5443.19224307481
5443.19224307481
5443.222441822
5443.222441822
5443.222441822
5443.222441822
5443.222441822
5443.222441822
5443.222441822
5443.222441822
5443.222441822
5443.222441822
5443.222441822
5443.222441822
5443.222441822
5443.222441822
5443.222441822
5443.222441822
5443.222441822
5443.222441822
5443.222441822
5446.35160738907
5446.35160738907
5446.35160738907
5449.05988454997
5449.05988454997
5449.05988454997
5449.05988454997
5449.05988454997
5449.05988454997
5449.05988454997
5450.20934292581
5450.20934292581
5450.20934292581
5450.20934292581
5450.20934292581
5450.20934292581
5450.20934292581
5450.20934292581
5450.20934292581
5450.20934292581
5450.20934292581
5450.20934292581
5450.20934292581
5450.20934292581
5450.20934292581
5450.20934292581
5450.20934292581
5450.20934292581
5450.20934292581
5450.20934292581
5450.20934292581
5450.20934292581
5450.20934292581
5450.20934292581
5450.20934292581
5453.8408073316
5454.9297707466
5454.9297707466
5454.9297707466
5454.9297707466
5454.9297707466
5454.9297707466
5454.9297707466
5454.9297707466
5454.9297707466
5454.9297707466
5454.9297707466
5454.9297707466
5454.9297707466
5454.9297707466
5454.9297707466
5454.9297707466
5454.9297707466
5454.9297707466
5454.9297707466
5454.9297707466
5454.9297707466
5454.9297707466
5454.9297707466
5454.9297707466
5454.9297707466
5454.9297707466
5454.9297707466
5454.9297707466
5454.9297707466
5454.9297707466
5454.9297707466
5454.9297707466
5454.9297707466
5454.9297707466
5454.9297707466
5454.9297707466
5454.9297707466
5458.2942604383
5458.2942604383
5458.2942604383
5458.2942604383
5458.2942604383
5458.84438627867
5458.96487284172
5458.96487284172
5458.96487284172
5458.96487284172
5458.96487284172
5458.96487284172
5458.96487284172
5458.96487284172
5458.96487284172
5458.96487284172
5458.96487284172
5458.96487284172
5458.96487284172
5458.96487284172
5458.96487284172
5458.96487284172
5458.96487284172
5458.96487284172
5458.96487284172
5462.2609541228
5462.2609541228
5462.2609541228
5462.2609541228
5462.2609541228
5462.2609541228
5462.2609541228
5462.2609541228
5462.2609541228
5462.2609541228
5462.2609541228
5462.2609541228
5462.2609541228
5462.2609541228
5462.2609541228
5462.2609541228
5462.2609541228
5462.2609541228
5462.2609541228
5462.2609541228
5462.2609541228
5462.2609541228
5462.2609541228
5468.32839548793
5468.32839548793
5468.32839548793
5468.32839548793
5468.32839548793
5468.32839548793
5468.32839548793
5468.32839548793
5468.32839548793
5468.32839548793
5468.32839548793
5468.32839548793
5468.32839548793
5468.32839548793
5468.32839548793
5468.32839548793
5468.32839548793
5468.32839548793
5468.32839548793
5468.32839548793
5470.72247678103
5471.66254775919
5471.66254775919
5471.66254775919
5471.66254775919
5471.66254775919
5471.66254775919
5471.66254775919
5471.66254775919
5471.66254775919
5471.66254775919
5471.66254775919
5471.66254775919
5471.66254775919
5471.66254775919
5471.66254775919
5471.66254775919
5471.66254775919
5471.66254775919
5471.66254775919
5471.66254775919
5471.66254775919
5471.66254775919
5471.66254775919
5471.66254775919
5471.66254775919
5471.66254775919
5471.66254775919
5471.66254775919
5471.66254775919
5471.66254775919
5471.66254775919
5471.66254775919
5471.66254775919
5471.66254775919
5471.66254775919
5471.66254775919
5471.66254775919
5471.66254775919
5471.66254775919
5471.66254775919
5471.66254775919
5471.66254775919
5471.66254775919
5471.66254775919
5471.66254775919
5471.66254775919
5471.66254775919
5471.66254775919
5471.66254775919
5471.66254775919
5471.66254775919
5471.66254775919
5471.66254775919
5471.66254775919
5471.66254775919
5471.66254775919
5471.66254775919
5471.66254775919
5471.66254775919
5471.66254775919
5471.66254775919
5471.66254775919
5471.66254775919
5471.66254775919
5471.66254775919
5471.66254775919
5471.66254775919
5471.66254775919
5471.66254775919
5471.66254775919
5471.66254775919
5471.66254775919
5471.66254775919
5471.66254775919
5471.66254775919
5471.66254775919
5476.58665094713
5477.32693407436
5477.32693407436
5477.32693407436
5477.32693407436
5477.32693407436
5477.32693407436
5477.32693407436
5477.32693407436
5477.32693407436
5477.32693407436
5477.32693407436
5477.32693407436
5477.32693407436
5477.32693407436
5477.32693407436
5477.32693407436
5477.32693407436
5477.32693407436
5477.32693407436
5477.32693407436
5477.32693407436
5477.32693407436
5477.32693407436
5477.32693407436
5477.32693407436
5477.32693407436
5477.32693407436
5477.32693407436
5477.32693407436
5477.32693407436
5477.32693407436
5477.32693407436
5477.32693407436
5477.32693407436
5477.32693407436
5477.32693407436
5477.32693407436
5477.32693407436
5477.32693407436
5477.32693407436
5477.32693407436
5477.32693407436
5477.32693407436
5477.32693407436
5477.32693407436
5477.32693407436
5477.32693407436
5477.32693407436
5477.32693407436
5477.32693407436
5477.32693407436
5477.32693407436
5477.32693407436
5477.32693407436
5477.32693407436
5477.32693407436
5477.32693407436
5477.32693407436
5477.32693407436
5477.32693407436
5477.32693407436
5477.32693407436
5477.32693407436
5477.32693407436
5477.32693407436
5477.32693407436
5477.32693407436
5477.32693407436
5477.32693407436
5477.32693407436
5477.32693407436
5477.32693407436
5478.4659820587
5478.4659820587
5478.4659820587
5478.4659820587
5478.4659820587
5478.4659820587
5478.4659820587
5478.4659820587
5478.4659820587
5478.4659820587
5478.4659820587
5478.4659820587
5478.4659820587
5478.4659820587
5478.4659820587
5478.4659820587
5478.4659820587
5478.4659820587
5478.4659820587
5478.4659820587
5478.4659820587
5478.4659820587
5478.4659820587
5478.4659820587
5478.4659820587
5480.7606326772
5481.10689353608
5481.58818527131
5482.71788773306
5482.71788773306
5482.71788773306
5482.71788773306
5482.71788773306
5482.71788773306
5482.71788773306
5482.71788773306
5482.71788773306
5482.71788773306
5482.71788773306
5482.71788773306
5482.71788773306
5482.71788773306
5482.71788773306
5482.71788773306
5482.71788773306
5482.71788773306
5482.71788773306
5482.71788773306
5482.71788773306
5482.71788773306
5482.71788773306
5482.71788773306
5482.71788773306
5482.71788773306
5482.71788773306
5482.71788773306
5482.71788773306
5482.71788773306
5482.71788773306
5482.71788773306
5482.71788773306
5482.71788773306
5482.71788773306
5482.71788773306
5482.71788773306
5482.71788773306
5482.71788773306
5482.71788773306
5482.71788773306
5482.71788773306
5482.71788773306
5482.71788773306
5482.71788773306
5482.71788773306
5482.71788773306
5482.71788773306
5482.71788773306
5482.71788773306
5482.71788773306
5482.71788773306
5482.71788773306
5482.71788773306
5482.71788773306
5482.71788773306
5482.71788773306
5482.71788773306
5482.71788773306
5482.71788773306
5482.71788773306
5482.71788773306
5482.71788773306
5482.71788773306
5482.71788773306
5482.71788773306
5482.71788773306
5482.71788773306
5482.71788773306
5482.71788773306
5482.71788773306
5482.71788773306
5482.71788773306
5482.71788773306
5482.71788773306
5482.71788773306
5482.71788773306
5484.82702174326
5485.52839270198
5485.52839270198
5485.52839270198
5485.52839270198
5485.52839270198
5485.52839270198
5485.52839270198
5485.52839270198
5485.52839270198
5485.52839270198
5485.52839270198
5485.52839270198
5485.52839270198
5485.52839270198
5485.52839270198
5485.52839270198
5485.52839270198
5485.52839270198
5485.52839270198
5485.52839270198
5485.52839270198
5485.52839270198
5485.52839270198
5485.52839270198
5485.52839270198
5485.52839270198
5485.52839270198
5485.52839270198
5485.52839270198
5485.52839270198
5485.52839270198
5485.52839270198
5485.52839270198
5485.52839270198
5485.52839270198
5485.52839270198
5485.52839270198
5485.52839270198
5485.52839270198
5485.52839270198
5485.52839270198
5485.52839270198
5485.52839270198
5485.52839270198
5485.52839270198
5485.52839270198
5485.52839270198
5485.52839270198
5485.52839270198
5485.52839270198
5485.52839270198
5485.52839270198
5485.52839270198
5485.52839270198
5485.52839270198
5485.52839270198
5485.52839270198
5485.52839270198
5485.52839270198
5485.52839270198
5485.52839270198
5485.52839270198
5485.52839270198
5485.52839270198
5485.52839270198
5485.52839270198
5485.52839270198
5485.52839270198
5485.52839270198
5485.52839270198
5485.52839270198
5485.52839270198
5485.52839270198
5485.52839270198
5485.52839270198
5485.52839270198
5485.52839270198
5485.52839270198
5485.52839270198
5485.52839270198
5485.52839270198
5485.52839270198
5485.52839270198
5485.52839270198
5485.52839270198
5485.52839270198
5485.52839270198
5485.52839270198
5485.52839270198
5485.52839270198
5485.52839270198
5485.52839270198
5485.52839270198
5485.52839270198
5485.52839270198
5485.52839270198
5485.52839270198
5485.52839270198
5485.52839270198
5485.52839270198
5485.52839270198
5485.52839270198
5485.52839270198
5487.33921338332
5487.4834117937
5487.4834117937
5487.4834117937
5487.4834117937
5487.4834117937
5487.4834117937
5487.4834117937
5487.4834117937
5488.28923298186
5488.28923298186
5488.28923298186
5488.28923298186
5488.28923298186
5488.28923298186
5488.28923298186
5488.28923298186
5488.28923298186
5488.28923298186
5488.28923298186
5488.80093707309
5488.80093707309
5488.80093707309
5488.80093707309
5488.80093707309
5488.80093707309
5488.80093707309
5488.80093707309
5488.80093707309
5488.80093707309
5488.80093707309
5493.90881231985
5494.65075850867
5494.65075850867
5494.65075850867
5494.65075850867
5496.62863416827
5496.62863416827
5496.62863416827
5496.62863416827
5496.62863416827
5496.62863416827
5496.62863416827
5496.62863416827
5496.62863416827
5496.62863416827
5496.62863416827
5496.62863416827
5496.62863416827
5496.62863416827
5496.62863416827
5496.62863416827
5496.62863416827
5496.62863416827
5496.62863416827
5496.62863416827
5496.62863416827
5496.62863416827
5496.62863416827
5496.62863416827
5496.62863416827
5498.67691109746
5498.67691109746
5498.67691109746
5498.75653401033
5499.14800848834
5499.14800848834
5499.14800848834
5499.14800848834
5499.14800848834
5499.14800848834
5499.14800848834
5499.14800848834
5499.14800848834
5499.14800848834
5499.14800848834
5499.14800848834
5499.14800848834
5499.14800848834
5499.14800848834
5499.14800848834
5499.14800848834
5499.14800848834
5499.14800848834
5499.14800848834
5499.14800848834
5499.14800848834
5499.14800848834
5499.14800848834
5499.14800848834
5499.14800848834
5499.14800848834
5499.14800848834
5499.14800848834
5499.14800848834
5499.14800848834
5499.14800848834
5499.14800848834
5499.14800848834
5499.14800848834
5499.14800848834
5499.14800848834
5500.04353464528
5500.04353464528
5500.04353464528
5500.04353464528
5500.04353464528
5500.04353464528
5500.04353464528
5501.22194236833
5501.41209075374
5501.88122668581
5501.88122668581
5502.01824282013
5502.01824282013
5502.01824282013
5502.01824282013
5502.01824282013
5502.01824282013
5502.01824282013
5502.01824282013
5502.01824282013
5502.01824282013
5502.01824282013
5502.01824282013
5502.01824282013
5502.01824282013
5502.01824282013
5502.01824282013
5502.01824282013
5502.01824282013
5502.01824282013
5502.01824282013
5502.01824282013
5502.01824282013
5502.01824282013
5502.01824282013
5502.01824282013
5502.01824282013
5502.01824282013
5502.01824282013
5502.01824282013
5502.01824282013
5502.01824282013
5502.01824282013
5502.01824282013
5502.01824282013
5502.01824282013
5502.01824282013
5502.01824282013
5502.01824282013
5502.01824282013
5502.01824282013
5502.01824282013
5502.01824282013
5502.01824282013
5502.01824282013
5502.01824282013
5502.01824282013
5502.01824282013
5502.01824282013
5502.01824282013
5502.01824282013
5502.01824282013
5502.01824282013
5502.01824282013
5502.01824282013
5502.01824282013
5502.01824282013
5502.01824282013
5502.01824282013
5502.01824282013
5502.01824282013
5502.01824282013
5502.01824282013
5502.01824282013
5502.01824282013
5502.01824282013
5502.01824282013
5502.01824282013
5502.01824282013
5502.01824282013
5502.01824282013
5502.01824282013
5502.01824282013
5502.01824282013
5502.01824282013
5502.01824282013
5502.01824282013
5502.01824282013
5502.01824282013
5502.01824282013
5502.01824282013
5502.01824282013
5502.01824282013
5502.01824282013
5502.01824282013
5502.01824282013
5502.01824282013
5502.01824282013
5502.01824282013
5502.01824282013
5502.01824282013
5502.01824282013
5502.01824282013
5502.01824282013
5502.01824282013
5502.01824282013
5502.01824282013
5502.01824282013
5502.01824282013
5502.01824282013
5502.01824282013
5502.01824282013
5502.01824282013
5502.01824282013
5502.01824282013
5502.01824282013
5502.01824282013
5502.01824282013
5502.01824282013
5502.01824282013
5502.01824282013
5502.01824282013
5502.01824282013
5502.01824282013
5502.01824282013
5502.01824282013
5502.01824282013
5502.01824282013
5502.01824282013
5502.01824282013
5502.01824282013
5502.01824282013
5502.01824282013
5503.16978579592
5503.99683115624
5503.99683115624
5503.99683115624
5503.99683115624
5503.99683115624
5503.99683115624
5503.99683115624
5503.99683115624
5503.99683115624
5503.99683115624
5503.99683115624
5503.99683115624
5503.99683115624
5503.99683115624
5503.99683115624
5503.99683115624
5503.99683115624
5503.99683115624
5503.99683115624
5504.6260919142
5504.6260919142
5504.6260919142
5504.6260919142
5504.6260919142
5504.6260919142
5504.6260919142
5504.6260919142
5504.6260919142
5504.6260919142
5504.6260919142
5504.6260919142
5504.6260919142
5504.6260919142
5504.6260919142
5504.6260919142
5504.6260919142
5504.6260919142
5504.6260919142
5504.6260919142
5504.6260919142
5504.6260919142
5504.6260919142
5504.6260919142
5504.6260919142
5504.6260919142
5504.6260919142
5504.6260919142
5504.6260919142
5504.6260919142
5504.6260919142
5504.6260919142
5504.6260919142
5504.6260919142
5504.6260919142
5504.6260919142
5504.6260919142
5504.6260919142
5504.6260919142
5504.6260919142
5504.6260919142
5504.6260919142
5504.6260919142
5504.6260919142
5504.6260919142
5504.6260919142
5504.6260919142
5504.6260919142
5504.6260919142
5504.6260919142
5504.6260919142
5504.6260919142
5504.6260919142
5504.6260919142
5504.6260919142
5504.6260919142
5504.6260919142
5504.6260919142
5504.6260919142
5504.6260919142
5504.6260919142
5504.6260919142
5504.6260919142
5504.6260919142
5504.6260919142
5504.6260919142
5504.6260919142
5504.6260919142
5504.6260919142
5504.6260919142
5504.6260919142
5505.08537848924
5505.08537848924
5505.08537848924
5505.08537848924
5505.08537848924
5505.08537848924
5505.08537848924
5505.08537848924
5505.08537848924
5505.08537848924
5505.08537848924
5506.53181848539
5507.93389301905
5507.93389301905
5507.93389301905
5507.93389301905
5507.93389301905
5507.93389301905
5507.93389301905
5507.93389301905
5507.93389301905
5507.93389301905
5507.93389301905
5507.93389301905
5507.93389301905
5507.93389301905
5507.93389301905
5507.93389301905
5507.93389301905
5507.93389301905
5510.86495798309
5511.10986929192
5511.10986929192
5511.10986929192
5511.10986929192
5511.10986929192
5511.10986929192
5511.10986929192
5511.10986929192
5511.10986929192
5511.10986929192
5511.10986929192
5511.10986929192
5511.10986929192
5511.10986929192
5511.10986929192
5511.10986929192
5511.10986929192
5511.10986929192
5511.10986929192
5511.10986929192
5511.10986929192
5511.10986929192
5511.10986929192
5511.10986929192
5511.10986929192
5511.10986929192
5511.10986929192
5511.10986929192
5511.10986929192
5511.10986929192
5511.10986929192
5511.10986929192
5511.10986929192
5511.10986929192
5511.10986929192
5511.10986929192
5511.10986929192
5511.10986929192
5511.10986929192
5511.10986929192
5511.10986929192
5511.10986929192
5511.10986929192
5511.10986929192
5511.10986929192
5511.10986929192
5511.10986929192
5511.10986929192
5511.10986929192
5511.10986929192
5511.10986929192
5511.10986929192
5511.10986929192
5511.10986929192
5511.10986929192
5511.10986929192
5511.10986929192
5511.10986929192
5511.10986929192
5511.10986929192
5511.10986929192
5512.79324548274
5512.79324548274
5512.79324548274
5512.79324548274
5512.79324548274
5512.79324548274
5512.79324548274
5512.79324548274
5512.79324548274
5512.79324548274
5512.79324548274
5512.79324548274
5512.79324548274
5512.79324548274
5512.79324548274
5512.79324548274
5512.79324548274
5512.79324548274
5512.79324548274
5512.79324548274
5512.79324548274
5512.79324548274
5512.79324548274
5512.79324548274
5512.79324548274
5512.79324548274
5512.79324548274
5512.79324548274
5512.79324548274
5512.79324548274
5512.79324548274
5512.79324548274
5512.79324548274
5512.79324548274
5512.79324548274
5512.79324548274
5512.79324548274
5512.79324548274
5512.79324548274
5512.79324548274
5512.79324548274
5512.79324548274
5512.79324548274
5512.79324548274
5512.79324548274
5512.79324548274
5512.79324548274
5512.79324548274
5512.82129697113
5512.82129697113
5512.82129697113
5512.82129697113
5512.82129697113
5512.82129697113
5512.82129697113
5512.82129697113
5512.82129697113
5512.82129697113
5512.82129697113
5512.82129697113
5512.82129697113
5512.82129697113
5512.82129697113
5512.82129697113
5512.82129697113
5512.82129697113
5512.82129697113
5512.82129697113
5512.82129697113
5512.82129697113
5512.82129697113
5512.82129697113
5512.82129697113
5512.82129697113
5512.82129697113
5512.82129697113
5512.82129697113
5512.82129697113
5512.82129697113
5515.19151528404
5516.22847537503
5516.22847537503
5521.16595258502
5521.16595258502
5521.16595258502
5521.16595258502
5521.16595258502
5521.16595258502
5521.16595258502
5521.16595258502
5521.16595258502
5521.16595258502
5521.16595258502
5521.16595258502
5521.16595258502
5521.16595258502
5521.16595258502
5521.16595258502
5521.16595258502
5521.16595258502
5521.16595258502
5521.16595258502
5521.16595258502
5521.16595258502
5521.16595258502
5521.16595258502
5521.16595258502
5521.16595258502
5522.57080581508
5522.57080581508
5522.57080581508
5522.57080581508
5523.09246821995
5523.71404207993
5523.71404207993
5523.71404207993
5523.71404207993
5523.71404207993
5523.71404207993
5523.71404207993
5523.71404207993
5523.71404207993
5523.71404207993
5523.71404207993
5523.71404207993
5523.71404207993
5523.71404207993
5523.71404207993
5523.71404207993
5523.71404207993
5523.71404207993
5523.71404207993
5523.71404207993
5523.71404207993
5523.71404207993
5523.71404207993
5523.71404207993
5523.71404207993
5523.71404207993
5523.71404207993
5523.71404207993
5523.99882052507
5524.05520472409
5524.05520472409
5524.05520472409
5524.05520472409
5524.05520472409
5524.05520472409
5524.05520472409
5524.05520472409
5524.05520472409
5524.05520472409
5524.05520472409
5524.05520472409
5524.05520472409
5524.05520472409
5524.05520472409
5524.05520472409
5524.05520472409
5524.05520472409
5524.05520472409
5524.05520472409
5524.05520472409
5525.39400501727
5525.75813986933
5525.75813986933
5525.75813986933
5525.75813986933
5525.75813986933
5525.75813986933
5527.1827329539
5527.1827329539
5527.1827329539
5527.1827329539
5527.1827329539
5527.1827329539
5527.1827329539
5527.1827329539
5527.1827329539
5527.1827329539
5527.1827329539
5527.1827329539
5527.1827329539
5527.1827329539
5527.1827329539
5527.1827329539
5527.1827329539
5527.1827329539
5527.1827329539
5527.1827329539
5527.1827329539
5527.1827329539
5527.1827329539
5527.1827329539
5527.1827329539
5527.1827329539
5527.1827329539
5527.1827329539
5527.1827329539
5527.1827329539
5527.1827329539
5527.1827329539
5527.1827329539
5527.1827329539
5527.1827329539
5527.1827329539
5527.1827329539
5527.1827329539
5527.1827329539
5527.1827329539
5527.1827329539
5527.1827329539
5527.1827329539
5527.1827329539
5527.1827329539
5527.1827329539
5527.1827329539
5527.1827329539
5527.1827329539
5527.1827329539
5527.1827329539
5529.42354198597
5529.42354198597
5529.42354198597
5529.42354198597
5529.42354198597
5529.42354198597
5529.42354198597
5529.42354198597
5529.42354198597
5529.42354198597
5529.42354198597
5529.42354198597
5529.42354198597
5529.42354198597
5529.42354198597
5529.42354198597
5529.42354198597
5529.42354198597
5529.42354198597
5529.42354198597
5529.42354198597
5529.42354198597
5529.42354198597
5529.42354198597
5529.42354198597
5529.42354198597
5529.42354198597
5529.42354198597
5529.42354198597
5529.42354198597
5529.42354198597
5529.42354198597
5529.42354198597
5529.42354198597
5529.42354198597
5529.42354198597
5529.42354198597
5529.6414553296
5529.6414553296
5529.6414553296
5529.6414553296
5529.6414553296
5529.6414553296
5529.6414553296
5529.6414553296
5529.6414553296
5529.6414553296
5529.6414553296
5529.6414553296
5529.6414553296
5529.6414553296
5529.6414553296
5529.6414553296
5529.6414553296
5529.6414553296
5529.6414553296
5529.6414553296
5529.6414553296
5529.6414553296
5529.6414553296
5529.6414553296
5529.6414553296
5529.6414553296
5529.6414553296
5529.6414553296
5529.6414553296
5529.6414553296
5529.6414553296
5529.6414553296
5529.6414553296
5529.6414553296
5529.6414553296
5531.68816776897
5531.68816776897
5531.68816776897
5531.68816776897
5531.68816776897
5531.68816776897
5531.68816776897
5531.68816776897
5531.68816776897
5531.68816776897
5531.68816776897
5531.68816776897
5531.68816776897
5531.68816776897
5531.68816776897
5531.68816776897
5531.68816776897
5531.68816776897
5533.46498745533
5535.03367934172
5535.03367934172
5535.03367934172
5535.03367934172
5535.03367934172
5535.03367934172
5535.03367934172
5535.03367934172
5535.03367934172
5535.03367934172
5535.03367934172
5535.46561092642
5535.74014816012
5535.74014816012
5535.74014816012
5535.74014816012
5535.74014816012
5535.74014816012
5535.74014816012
5535.74014816012
5535.74014816012
5535.74014816012
5535.74014816012
5535.74014816012
5535.74014816012
5535.74014816012
5535.74014816012
5535.74014816012
5535.74014816012
5535.74014816012
5535.74014816012
5535.74014816012
5535.74014816012
5535.74014816012
5535.74014816012
5535.74014816012
5535.74014816012
5535.74014816012
5535.74014816012
5535.74014816012
5535.74014816012
5535.74014816012
5535.74014816012
5535.74014816012
5535.74014816012
5535.74014816012
5535.74014816012
5535.74014816012
5535.74014816012
5535.74014816012
5535.74014816012
5535.74014816012
5535.74014816012
5535.74014816012
5535.74014816012
5535.74014816012
5535.74014816012
5535.74014816012
5535.74014816012
5535.74014816012
5535.74014816012
5535.74014816012
5535.74014816012
5535.82631346839
5535.82631346839
5535.82631346839
5535.82631346839
5535.82631346839
5535.82631346839
5535.82631346839
5535.82631346839
5535.82631346839
5535.82631346839
5535.82631346839
5535.82631346839
5535.82631346839
5535.82631346839
5535.82631346839
5535.82631346839
5535.82631346839
5535.82631346839
5535.82631346839
5535.82631346839
5535.82631346839
5535.82631346839
5535.82631346839
5535.82631346839
5535.82631346839
5535.82631346839
5535.82631346839
5535.82631346839
5535.82631346839
5535.82631346839
5535.82631346839
5535.82631346839
5535.82631346839
5535.82631346839
5535.82631346839
5535.82631346839
5535.82631346839
5535.82631346839
5535.82631346839
5535.82631346839
5535.82631346839
5535.82631346839
5535.82631346839
5535.82631346839
5535.82631346839
5535.82631346839
5535.82631346839
5535.82631346839
5535.82631346839
5535.82631346839
5535.82631346839
5535.82631346839
5535.82631346839
5535.82631346839
5535.82631346839
5535.82631346839
5535.82631346839
5535.82631346839
5535.82631346839
5535.82631346839
5535.82631346839
5535.82631346839
5535.82631346839
5535.82631346839
5535.82631346839
5535.82631346839
5535.82631346839
5535.82631346839
5535.82631346839
5535.82631346839
5535.82631346839
5535.82631346839
5535.82631346839
5535.82631346839
5535.82631346839
5535.82631346839
5535.82631346839
5535.82631346839
5535.82631346839
5535.82631346839
5537.65787893077
5538.36440454022
5538.36440454022
5538.36440454022
5538.36440454022
5538.36440454022
5538.36440454022
5538.36440454022
5538.36440454022
5538.36440454022
5538.36440454022
5538.36440454022
5538.36440454022
5538.36440454022
5538.36440454022
5538.36440454022
5538.36440454022
5538.36440454022
5538.36440454022
5538.36440454022
5538.36440454022
5538.36440454022
5538.36440454022
5538.36440454022
5539.86147413547
5540.22560898753
5540.22560898753
5540.22560898753
5540.22560898753
5540.22560898753
5540.22560898753
5540.22560898753
5540.22560898753
5540.22560898753
5540.22560898753
5540.22560898753
5540.22560898753
5540.22560898753
5540.22560898753
5540.22560898753
5540.22560898753
5540.22560898753
5540.22560898753
5540.22560898753
5540.22560898753
5540.22560898753
5540.22560898753
5540.22560898753
5540.22560898753
5540.22560898753
5540.22560898753
5540.22560898753
5540.22560898753
5540.22560898753
5540.22560898753
5540.22560898753
5540.22560898753
5540.22560898753
5540.22560898753
5540.22560898753
5540.22560898753
5540.22560898753
5540.22560898753
5540.22560898753
5540.22560898753
5540.22560898753
5540.22560898753
5540.22560898753
5540.22560898753
5540.22560898753
5540.22560898753
5540.22560898753
5540.22560898753
5540.22560898753
5540.22560898753
5540.22560898753
5540.22560898753
5540.22560898753
5540.22560898753
5540.22560898753
5540.22560898753
5540.22560898753
5540.22560898753
5540.22560898753
5540.22560898753
5540.22560898753
5540.22560898753
5540.22560898753
5540.22560898753
5540.22560898753
5540.22560898753
5540.22560898753
5540.22560898753
5540.22560898753
5540.22560898753
5540.22560898753
5540.22560898753
5540.22560898753
5540.22560898753
5540.22560898753
5540.22560898753
5540.22560898753
5541.81198936946
5542.68653584539
5542.68653584539
5542.68653584539
5542.68653584539
5542.68653584539
5542.68653584539
5542.68653584539
5542.68653584539
5542.68653584539

