10850.7636105098
11260.8039335399
11495.778453753
11572.1876972263
11637.6923924733
11693.6814809815
11830.9789814113
11862.7566470727
11876.2423939042
11910.0857360385
11964.2504866987
12011.3785974452
12054.7863626376
12071.4114460655
12100.8930648145
12130.5777927261
12138.4682246362
12160.5378919368
12171.1402309
12198.7284704113
12207.4666798676
12223.3561797231
12243.0677370909
12265.4016769808
12275.1423233684
12279.895770262
12286.5511350749
12299.3967546765
12306.9594663509
12306.9594663509
12339.2881353848
12348.6356359042
12378.5610525785
12393.4800688087
12393.4800688087
12399.6394721595
12421.8982377036
12433.9663259096
12433.9663259096
12444.0839645203
12444.545645414
12453.820217224
12455.1858524442
12457.2337788058
12461.335082671
12461.6501114055
12470.6216342305
12475.4088858979
12475.4088858979
12479.2432755688
12482.2680943282
12485.7976966178
12492.7575528989
12494.4772047822
12505.1476210523
12527.3924409824
12536.981690437
12537.1771038002
12540.5436179326
12540.5436179326
12545.9829876502
12547.169683642
12547.169683642
12548.6676018303
12555.0502866478
12561.3773323952
12561.3773323952
12561.3773323952
12565.9322753575
12567.3758729796
12578.2759483367
12578.5683790871
12585.6804868969
12593.5277923954
12607.9215799049
12616.768133841
12623.2222556483
12630.4307550324
12645.0787916301
12649.9696105487
12649.9696105487
12650.374694517
12662.2465786616
12662.2465786616
12662.2465786616
12665.0931510821
12665.0931510821
12667.8117772988
12667.8117772988
12667.8117772988
12671.1627313968
12671.1627313968
12671.1627313968
12671.1627313968
12676.4833658305
12679.4957507423
12679.4957507423
12679.4957507423
12682.1522157819
12684.106567291
12692.3502388026
12692.3502388026
12703.6900979615
12707.6329533276
12707.6329533276
12718.4363742959
12718.4363742959
12718.4363742959
12724.2840098752
12724.2840098752
12724.2840098752
12732.7972874007
12740.0201412826
12740.0201412826
12740.5581201145
12748.5957955854
12760.7138047061
12760.7138047061
12760.8479250784
12760.8479250784
12764.631782686
12783.4152754876
12783.9039127186
12784.4273155543
12786.355884475
12790.0037762609
12790.0037762609
12790.0037762609
12790.0037762609
12790.0037762609
12790.9615990522
12790.9615990522
12797.1988018367
12797.1988018367
12805.8132354455
12816.9260563179
12816.9260563179
12825.4342270762
12827.3985982056
12827.3985982056
12829.70492098
12832.9200945768
12832.9200945768
12832.9200945768
12832.9200945768
12832.9200945768
12834.037848886
12834.037848886
12834.037848886
12834.037848886
12841.8910502354
12841.8910502354
12842.5042407943
12842.5042407943
12842.5042407943
12842.5042407943
12843.5537545786
12849.8593326903
12855.6026212755
12863.874147296
12863.874147296
12863.874147296
12863.874147296
12865.1297253065
12865.4921005281
12867.7477797522
12867.7477797522
12867.7477797522
12867.7477797522
12880.276259196
12885.1312500219
12885.1312500219
12887.4092828193
12891.9175699949
12891.9175699949
12892.3507690983
12892.3507690983
12897.6554362728
12907.8724276671
12907.8724276671
12913.0104341814
12913.0104341814
12916.0638522343
12916.0638522343
12916.0638522343
12916.0638522343
12916.0638522343
12916.0638522343
12917.4887130679
12923.9236912279
12923.9236912279
12923.9236912279
12923.9236912279
12924.8436706512
12924.8436706512
12924.8436706512
12924.8436706512
12924.8436706512
12937.2837762376
12937.5371218531
12942.8031830531
12942.8031830531
12942.8031830531
12942.8031830531
12942.8031830531
12955.551701221
12957.0927782981
12957.0927782981
12957.0927782981
12961.7500266747
12961.7500266747
12961.7500266747
12961.7500266747
12961.7500266747
12961.7500266747
12961.7500266747
12961.7500266747
12964.4268625375
12964.4268625375
12967.6537349589
12967.6537349589
12971.6192904377
12971.6192904377
12971.6192904377
12972.0282822838
12972.0282822838
12972.0282822838
12972.0282822838
12979.0408252586
12979.0408252586
12979.0408252586
12979.0408252586
12979.0408252586
12979.5845671271
12979.5845671271
12979.5845671271
12979.5845671271
12979.5845671271
12979.5845671271
12979.5845671271
12979.5845671271
12986.9216402016
12986.9216402016
12986.9216402016
12999.7038321531
12999.7038321531
12999.7038321531
12999.7038321531
12999.7038321531
12999.7038321531
13003.5363755209
13003.5363755209
13003.5363755209
13003.5363755209
13003.5363755209
13003.5363755209
13012.3954582259
13013.5988242465
13013.5988242465
13013.5988242465
13013.5988242465
13014.1632777748
13014.1632777748
13014.1632777748
13014.1632777748
13014.1632777748
13014.1632777748
13014.1632777748
13014.1632777748
13014.1632777748
13014.1632777748
13014.1632777748
13014.1632777748
13014.1632777748
13014.1632777748
13014.1632777748
13014.1632777748
13015.7177516119
13015.7177516119
13015.7177516119
13015.7177516119
13015.7177516119
13024.1638003908
13024.1638003908
13024.1638003908
13024.1638003908
13024.1638003908
13024.1638003908
13024.1638003908
13024.1638003908
13025.6036211294
13027.9778163133
13027.9778163133
13029.7709818073
13029.7709818073
13029.7709818073
13029.7709818073
13029.7709818073
13029.7709818073
13029.7709818073
13030.0900618831
13034.1315965753
13034.1315965753
13035.5578005692
13038.8620835629
13038.8620835629
13038.8620835629
13046.2176793385
13046.2176793385
13049.7419104145
13052.5417728945
13052.5417728945
13052.5417728945
13052.5417728945
13052.5417728945
13052.5417728945
13052.5417728945
13052.5417728945
13052.5417728945
13052.5417728945
13052.5417728945
13053.4139220029
13053.4139220029
13053.4139220029
13053.4139220029
13053.4139220029
13053.4139220029
13053.4139220029
13053.4139220029
13058.1223908406
13060.9639334668
13060.9639334668
13060.9639334668
13062.8870127856
13062.8870127856
13068.4771775474
13068.4771775474
13068.4771775474
13068.4771775474
13068.4771775474
13068.4771775474
13069.3990098761
13069.3990098761
13069.3990098761
13070.7107085487
13070.7107085487
13070.7107085487
13070.7107085487
13070.7107085487
13070.7107085487
13070.7107085487
13070.7107085487
13070.7107085487
13070.7107085487
13077.3965486007
13077.3965486007
13077.3965486007
13077.3965486007
13077.3965486007
13077.3965486007
13077.3965486007
13077.3965486007
13077.3965486007
13078.5476828683
13078.5476828683
13078.5476828683
13078.5476828683
13078.5476828683
13078.5476828683
13078.5476828683
13078.5476828683
13078.5476828683
13078.5476828683
13078.8285649725
13078.8285649725
13078.8285649725
13078.8285649725
13080.0040929995
13080.0040929995
13080.0040929995
13080.0040929995
13080.0964179432
13080.0964179432
13081.6178596777
13081.7355399181
13081.7355399181
13081.7355399181
13081.7355399181
13081.7355399181
13081.7355399181
13081.7355399181
13083.3983101886
13083.3983101886
13085.9999177337
13085.9999177337
13085.9999177337
13097.6125301621
13097.6125301621
13102.3431077959
13102.3431077959
13102.3431077959
13102.3431077959
13102.3431077959
13102.3431077959
13102.3431077959
13107.7012377238
13107.7012377238
13107.7012377238
13107.7012377238
13107.7012377238
13107.7012377238
13107.7012377238
13108.3823783999
13108.3823783999
13108.3823783999
13109.1495994149
13109.1495994149
13109.1495994149
13113.607787166
13121.2708644856
13122.2768770968
13122.2768770968
13129.2218968317
13129.2218968317
13129.2218968317
13129.2218968317
13129.2218968317
13129.2218968317
13129.2218968317
13131.1303625651
13132.1096904023
13132.1096904023
13132.1096904023
13132.1096904023
13132.1096904023
13132.1096904023
13132.1096904023
13132.1096904023
13136.2394676921
13136.2394676921
13137.1897856745
13137.1897856745
13137.1897856745
13137.1897856745
13137.1897856745
13137.1897856745
13137.1897856745
13137.1897856745
13137.1897856745
13137.1897856745
13137.1897856745
13137.1897856745
13137.1897856745
13142.3466749043
13142.3466749043
13142.3466749043
13142.3466749043
13148.3885443239
13148.3885443239
13148.3885443239
13148.3885443239
13148.3885443239
13148.3885443239
13149.7739929562
13156.4586747588
13160.1577622298
13160.1577622298
13160.1577622298
13160.1577622298
13160.1577622298
13160.1577622298
13160.1577622298
13160.1577622298
13164.4148890293
13168.3141652419
13168.3141652419
13175.1649189631
13175.1649189631
13175.1649189631
13175.1649189631
13182.3010492746
13182.3010492746
13182.3010492746
13182.3010492746
13182.3010492746
13182.3010492746
13182.3010492746
13182.3010492746
13182.3010492746
13182.3010492746
13182.3010492746
13185.4093366838
13185.4093366838
13185.4093366838
13185.4093366838
13185.4093366838
13185.4093366838
13185.4093366838
13185.4093366838
13185.4093366838
13185.4093366838
13185.4093366838
13185.4093366838
13185.4093366838
13185.4093366838
13185.4093366838
13185.4093366838
13185.4093366838
13185.4093366838
13185.4093366838
13185.4093366838
13185.4093366838
13185.4093366838
13185.4093366838
13185.4093366838
13185.4093366838
13185.4093366838
13185.4093366838
13190.9747560222
13190.9747560222
13190.9747560222
13190.9747560222
13190.9747560222
13198.1256508117
13198.1256508117
13198.1256508117
13203.9496837832
13203.9496837832
13203.9496837832
13211.9112656552
13211.9112656552
13211.9112656552
13211.9112656552
13213.6556932194
13213.6556932194
13213.6556932194
13213.6556932194
13213.6556932194
13213.6556932194
13216.653691949
13216.653691949
13216.653691949
13216.653691949
13216.653691949
13217.3877503129
13217.3877503129
13217.3877503129
13217.3877503129
13218.0396837469
13218.0396837469
13218.0396837469
13221.089763903
13221.089763903
13221.089763903
13221.089763903
13221.089763903
13221.089763903
13221.089763903
13221.089763903
13222.721591101
13222.721591101
13222.721591101
13222.721591101
13222.721591101
13222.721591101
13222.721591101
13222.721591101
13222.721591101
13226.2241900545
13227.5037035311
13227.5037035311
13227.5037035311
13227.5037035311
13227.5037035311
13227.5037035311
13227.5037035311
13227.5037035311
13227.5037035311
13227.5037035311
13228.6045717558
13228.6045717558
13228.6045717558
13228.6045717558
13229.2406163266
13229.2406163266
13229.2406163266
13229.2406163266
13229.2406163266
13236.0963511593
13236.0963511593
13236.0963511593
13236.0963511593
13236.0963511593
13236.0963511593
13236.0963511593
13241.8614417164
13241.8614417164
13241.8614417164
13243.7867756761
13243.7867756761
13243.7867756761
13243.7867756761
13243.7867756761
13243.7867756761
13243.7867756761
13245.2195771286
13249.8629312669
13249.8629312669
13249.8629312669
13249.8629312669
13249.8629312669
13249.8629312669
13249.8629312669
13249.8629312669
13249.8629312669
13249.8629312669
13249.8629312669
13249.8629312669
13249.8629312669
13249.8629312669
13249.8629312669
13249.8629312669
13249.8629312669
13249.8629312669
13250.6610092727
13251.0558649678
13251.0558649678
13251.7282419742
13251.7282419742
13251.7282419742
13251.7282419742
13251.7282419742
13251.7282419742
13251.7282419742
13251.7282419742
13251.7282419742
13251.7282419742
13251.7282419742
13251.7282419742
13252.1365614775
13252.1365614775
13256.5097312324
13256.5097312324
13256.5097312324
13256.5097312324
13257.2626627045
13257.2626627045
13257.2626627045
13257.2626627045
13257.2626627045
13257.2626627045
13257.2626627045
13257.2626627045
13257.5444929009
13257.5444929009
13257.5444929009
13257.5444929009
13257.5444929009
13257.5444929009
13266.2067810971
13266.2067810971
13266.2067810971
13266.2067810971
13266.2067810971
13266.2067810971
13266.2067810971
13266.2067810971
13266.2067810971
13268.4188741809
13268.8655577949
13268.8655577949
13272.3782446697
13272.4724081097
13272.4724081097
13272.4724081097
13272.4724081097
13272.4724081097
13272.4724081097
13272.4724081097
13272.4724081097
13280.5207309395
13280.5207309395
13280.5207309395
13280.5207309395
13280.5207309395
13280.5207309395
13280.5207309395
13280.5207309395
13280.5207309395
13280.5207309395
13280.5207309395
13280.5207309395
13280.5207309395
13283.3430670756
13290.1136100493
13290.1136100493
13290.1136100493
13290.1136100493
13290.1136100493
13290.1136100493
13290.1136100493
13290.1136100493
13290.1136100493
13290.1136100493
13290.1136100493
13290.1136100493
13296.1749598585
13296.1749598585
13296.1749598585
13296.1749598585
13296.1749598585
13308.6678830981
13310.8667623011
13318.606056167
13318.606056167
13318.606056167
13318.606056167
13318.606056167
13318.606056167
13318.606056167
13318.606056167
13321.0767270746
13321.0767270746
13321.0767270746
13321.0767270746
13321.0767270746
13325.9853388478
13327.6616810225
13327.6616810225
13327.6616810225
13327.6616810225
13327.6616810225
13327.6616810225
13327.6616810225
13327.6616810225
13327.6616810225
13327.6616810225
13327.6616810225
13327.6616810225
13327.6616810225
13332.7129715771
13332.7129715771
13332.7129715771
13334.6177352609
13334.6177352609
13340.6300631828
13340.6300631828
13340.6300631828
13340.6300631828
13340.6300631828
13340.6300631828
13340.6300631828
13341.6242628394
13341.6242628394
13341.6242628394
13341.6242628394
13341.6242628394
13341.6242628394
13341.6242628394
13341.6242628394
13341.6242628394
13341.6242628394
13341.6242628394
13341.6242628394
13341.6242628394
13341.6242628394
13341.6242628394
13341.6242628394
13341.6242628394
13341.6242628394
13341.6242628394
13341.6242628394
13341.6242628394
13341.6242628394
13341.6242628394
13341.6242628394
13348.4052959065
13348.4052959065
13348.4052959065
13348.4052959065
13348.4052959065
13348.4052959065
13348.4052959065
13348.4052959065
13349.3060403418
13349.3060403418
13349.3060403418
13349.3060403418
13349.3060403418
13349.3060403418
13349.3060403418
13349.3060403418
13349.3060403418
13352.4100901357
13352.4100901357
13365.2595364841
13365.2595364841
13365.2595364841
13365.2595364841
13365.2595364841
13365.2595364841
13365.2595364841
13365.2595364841
13365.2595364841
13368.9579947479
13368.9579947479
13368.9579947479
13368.9579947479
13368.9579947479
13368.9579947479
13368.9579947479
13368.9579947479
13368.9579947479
13368.9579947479
13368.9579947479
13368.9579947479
13371.3599163967
13371.3599163967
13371.3599163967
13371.3599163967
13371.3599163967
13371.4468418912
13371.4468418912
13373.3650642175
13373.3650642175
13373.3650642175
13373.3650642175
13373.3650642175
13373.3650642175
13373.3650642175
13373.3650642175
13373.3650642175
13373.3650642175
13373.3650642175
13373.3650642175
13373.3650642175
13373.3650642175
13377.3135654797
13377.3135654797
13377.3135654797
13387.0950414536
13387.0950414536
13387.0950414536
13390.6392021559
13390.6392021559
13390.6392021559
13390.6392021559
13390.6392021559
13390.6392021559
13390.6392021559
13390.6392021559
13390.6392021559
13390.6392021559
13390.6392021559
13390.6392021559
13390.6392021559
13390.6392021559
13390.6392021559
13390.6392021559
13390.6392021559
13390.7324154416
13390.7324154416
13390.7324154416
13390.7324154416
13390.7324154416
13390.7324154416
13390.7324154416
13390.7324154416
13390.7324154416
13390.7324154416
13390.7324154416
13390.7324154416
13390.7324154416
13390.7324154416
13392.1245935362
13392.1245935362
13392.1245935362
13392.1245935362
13392.1245935362
13392.1245935362
13392.1245935362
13392.1245935362
13392.1245935362
13392.1245935362
13392.1245935362
13392.1245935362
13392.1245935362
13393.8212696713
13393.8212696713
13393.8212696713
13393.8212696713
13393.8212696713
13393.8212696713
13395.3554041442
13395.3554041442
13399.2267668736
13400.3883095591
13400.3883095591
13400.3883095591
13400.3883095591
13400.3883095591
13410.5758395758
13410.5758395758
13410.5758395758
13410.5758395758
13410.5758395758
13410.5758395758
13410.5758395758
13411.295515184
13411.295515184
13411.295515184
13411.295515184
13412.1653306004
13412.1653306004
13412.1653306004
13412.1653306004
13413.5895172391
13416.1544903347
13416.1544903347
13416.1544903347
13416.1544903347
13416.1544903347
13416.1544903347
13419.468325283
13419.468325283
13419.468325283
13419.468325283
13419.468325283
13419.468325283
13425.4223202222
13433.406991788
13433.406991788
13433.406991788
13433.406991788
13433.406991788
13433.406991788
13433.406991788
13433.406991788
13433.406991788
13433.406991788
13433.406991788
13433.406991788
13433.406991788
13433.406991788
13433.406991788
13433.406991788
13433.406991788
13433.406991788
13433.406991788
13433.406991788
13435.5924627287
13435.5924627287
13435.5924627287
13435.5924627287
13435.8802192258
13438.4752405115
13438.4752405115
13438.4752405115
13438.4752405115
13438.4752405115
13438.4752405115
13438.4752405115
13438.4752405115
13438.4752405115
13438.4752405115
13438.4752405115
13441.2198071642
13441.2198071642
13441.2198071642
13441.2198071642
13441.2198071642
13441.2198071642
13441.2198071642
13441.2198071642
13441.2198071642
13443.9387492226
13443.9387492226
13443.9387492226
13443.9387492226
13443.9387492226
13443.9387492226
13443.9387492226
13443.9387492226
13443.9387492226
13443.9387492226
13443.9387492226
13443.9387492226
13443.9387492226
13443.9387492226
13443.9387492226
13446.2454694566
13446.2454694566
13446.2454694566
13446.2454694566
13446.2454694566
13446.2454694566
13446.6181607148
13446.6181607148
13446.6181607148
13446.6181607148
13446.9430095159
13446.9539371059
13446.9539371059
13446.9539371059
13446.9539371059
13446.9539371059
13450.2405822597
13450.2405822597
13450.2405822597
13450.2405822597
13450.2405822597
13452.7004518851
13452.7004518851
13452.7004518851
13452.7004518851
13452.7004518851
13452.7004518851
13452.7004518851
13452.7004518851
13452.7004518851
13452.7004518851
13452.7004518851
13453.7498136418
13453.7498136418
13453.7498136418
13453.7498136418
13453.7498136418
13453.7498136418
13453.7498136418
13453.7498136418
13453.7498136418
13453.7498136418
13453.7498136418
13453.7498136418
13453.7498136418
13457.3805781944
13457.3805781944
13457.3805781944
13457.3805781944
13458.2986918083
13461.4172196698
13461.4172196698
13463.3155885671
13463.3155885671
13463.3155885671
13463.3155885671
13463.3155885671
13463.3155885671
13463.3155885671
13464.0363666346
13464.0363666346
13464.0363666346
13464.0363666346
13464.0363666346
13464.2623021702
13464.2623021702
13464.2623021702
13464.2623021702
13465.2608838498
13465.2608838498
13465.2608838498
13465.2608838498
13465.2608838498
13465.2608838498
13468.7165722675
13468.7165722675
13468.7165722675
13468.7165722675
13468.7165722675
13468.719355007
13468.719355007
13468.719355007
13468.719355007
13468.719355007
13468.719355007
13468.719355007
13468.719355007
13468.719355007
13468.719355007
13468.719355007
13468.719355007
13468.719355007
13468.719355007
13468.719355007
13468.719355007
13468.719355007
13468.719355007
13468.719355007
13468.719355007
13468.719355007
13468.719355007
13468.719355007
13468.719355007
13468.719355007
13468.719355007
13468.719355007
13468.719355007
13468.719355007
13468.719355007
13468.719355007
13468.719355007
13468.719355007
13468.719355007
13468.719355007
13469.3292526653
13469.3292526653
13469.3292526653
13469.6881793779
13469.6881793779
13469.6881793779
13469.6881793779
13469.6881793779
13469.6881793779
13469.6881793779
13469.6881793779
13471.6002332191
13471.6002332191
13473.3156813175
13475.9636841737
13475.9636841737
13475.9636841737
13475.9636841737
13475.9636841737
13475.9636841737
13475.9636841737
13475.9636841737
13475.9636841737
13476.1291027329
13476.1291027329
13476.1291027329
13477.0034775092
13477.0034775092
13477.0034775092
13477.0034775092
13477.0034775092
13477.0034775092
13477.0034775092
13477.0034775092
13477.0034775092
13477.0034775092
13477.0034775092
13477.0034775092
13477.0034775092
13477.0034775092
13477.0034775092
13477.0034775092
13479.9329060393
13479.9329060393
13479.9329060393
13479.9329060393
13479.9329060393
13479.9329060393
13479.9329060393
13479.9329060393
13479.9329060393
13482.7070635056
13482.7070635056
13482.7070635056
13482.7070635056
13482.7070635056
13483.804553177
13483.804553177
13483.804553177
13483.804553177
13483.804553177
13483.804553177
13483.804553177
13483.804553177
13483.804553177
13483.804553177
13483.804553177
13483.804553177
13483.804553177
13483.9811262827
13483.9811262827
13483.9811262827
13483.9811262827
13485.0661643797
13485.0661643797
13485.0661643797
13485.0661643797
13485.0661643797
13485.0661643797
13485.0661643797
13485.0661643797
13485.0661643797
13501.1470419803
13501.1470419803
13501.1470419803
13501.5952382998
13501.5952382998
13501.5952382998
13501.5952382998
13506.9447039548
13506.9447039548
13506.9447039548
13506.9447039548
13510.8201508541
13510.8201508541
13510.8201508541
13510.8201508541
13510.8201508541
13510.8201508541
13510.8201508541
13510.8201508541
13513.350937874
13518.1683554164
13518.1683554164
13518.1683554164
13518.1683554164
13518.1683554164
13518.1683554164
13518.1683554164
13518.1683554164
13518.1683554164
13518.1683554164
13518.1683554164
13518.1683554164
13518.1683554164
13518.1683554164
13518.1683554164
13520.0430260914
13520.0430260914
13528.5754707791
13528.5754707791
13528.5754707791
13528.5754707791
13528.5754707791
13528.5754707791
13534.1611812764
13534.1611812764
13534.1611812764
13534.1611812764
13534.1611812764
13534.1611812764
13534.1611812764
13534.1611812764
13534.1611812764
13534.1611812764
13534.1611812764
13540.4893480059
13540.4893480059
13540.4893480059
13540.4893480059
13540.4893480059
13546.9703448346
13546.9703448346
13546.9703448346
13546.9703448346
13546.9703448346
13548.6140017602
13548.6140017602
13548.6140017602
13548.6140017602
13548.6140017602
13548.6140017602
13548.6140017602
13548.6140017602
13548.6140017602
13548.8441407133
13548.8441407133
13548.8441407133
13549.9666109066
13549.9666109066
13551.9304309788
13551.9304309788
13551.9304309788
13551.9304309788
13551.9304309788
13551.9304309788
13551.9304309788
13551.9304309788
13551.9304309788
13551.9304309788
13551.9304309788
13551.9304309788
13551.9304309788
13551.9304309788
13552.0818942233
13552.0818942233
13552.0818942233
13552.0818942233
13552.0818942233
13552.0818942233
13552.0818942233
13554.7056349267
13557.9100726757
13557.9100726757
13557.9100726757
13557.9100726757
13557.9100726757
13558.0546871113
13558.0546871113
13563.9433033134
13568.0983006631
13568.0983006631
13568.0983006631
13569.7414611585
13569.7414611585
13569.7414611585
13569.7414611585
13569.7414611585
13569.9353240463
13569.9353240463
13569.9353240463
13569.9353240463
13569.9353240463
13570.8992742659
13570.8992742659
13570.8992742659
13570.8992742659
13574.9280514147
13574.9280514147
13578.262369248
13580.9659628625
13580.9659628625
13582.403352786
13582.403352786
13582.6066604533
13582.6066604533
13582.6066604533
13582.6066604533
13582.6066604533
13582.6066604533
13582.6066604533
13582.6066604533
13588.8607852989
13595.9118305511
13595.9118305511
13597.7631349913
13597.7631349913
13597.8050950076
13597.8050950076
13597.8050950076
13597.8050950076
13600.5395606175
13600.5395606175
13600.5395606175
13600.5395606175
13600.5395606175
13604.0044949471
13604.0044949471
13604.0044949471
13604.0044949471
13604.0044949471
13604.0044949471
13604.5041472461
13604.5041472461
13604.5041472461
13604.5041472461
13604.5041472461
13604.5041472461
13604.5041472461
13604.5041472461
13605.4596762169
13605.4596762169
13605.4596762169
13605.4596762169
13605.5516152123
13609.4335562508
13609.4335562508
13612.0974528825
13612.0974528825
13612.2617098038
13613.6376597536
13613.6376597536
13613.6376597536
13613.6376597536
13613.6376597536
13613.6376597536
13613.6376597536
13613.6376597536
13613.6376597536
13613.6376597536
13613.6376597536
13613.6376597536
13613.6376597536
13613.6376597536
13613.6376597536
13613.6376597536
13613.6376597536
13613.6376597536
13613.6376597536
13613.6376597536
13613.6376597536
13616.1431292641
13616.1431292641
13616.1431292641
13620.6683529276
13620.6683529276
13620.6683529276
13620.6683529276
13620.6683529276
13620.6683529276
13620.6683529276
13620.6683529276
13620.6683529276
13620.6683529276
13620.6683529276
13620.6683529276
13620.6683529276
13620.6683529276
13620.6683529276
13620.6683529276
13620.6683529276
13620.6683529276
13621.0289476163
13621.0289476163
13621.0289476163
13623.8225317547
13623.8225317547
13623.8225317547
13625.4837277095
13625.4837277095
13625.4837277095
13625.4837277095
13625.4837277095
13625.4837277095
13627.1726392751
13627.1726392751
13627.6691224191
13627.6691224191
13629.1314097744
13629.1314097744
13629.1314097744
13631.9055244331
13631.9055244331
13631.9055244331
13631.9055244331
13631.9055244331
13635.8614256249
13635.8614256249
13635.8614256249
13642.7652330969
13643.9923479531
13643.9923479531
13643.9923479531
13643.9923479531
13643.9923479531
13643.9923479531
13643.9923479531
13643.9923479531
13643.9923479531
13643.9923479531
13643.9923479531
13643.9923479531
13643.9923479531
13643.9923479531
13643.9923479531
13643.9923479531
13643.9923479531
13643.9923479531
13643.9923479531
13643.9923479531
13643.9923479531
13643.9923479531
13643.9923479531
13652.8480485704
13654.8901005776
13654.8901005776
13655.0408469808
13655.0408469808
13655.0408469808
13658.0175256491
13658.0175256491
13658.0175256491
13658.0175256491
13658.0175256491
13658.0175256491
13664.04507349
13664.04507349
13664.04507349
13667.008530656
13667.008530656
13668.1587620309
13668.1587620309
13668.1587620309
13668.1587620309
13668.1587620309
13669.3717493378
13669.3717493378
13669.3717493378
13669.3717493378
13669.3717493378
13669.3717493378
13669.3717493378
13672.1078517165
13672.1078517165
13672.3497267847
13672.3497267847
13676.2657372141
13680.3525358197
13680.3525358197
13680.3525358197
13680.3525358197
13692.9515772653
13692.9515772653
13692.9515772653
13692.9515772653
13692.9515772653
13692.9515772653
13692.9515772653
13692.9515772653
13692.9515772653
13692.9515772653
13692.9515772653
13692.9515772653
13692.9515772653
13692.9515772653
13692.9515772653
13692.9515772653
13692.9515772653
13692.9515772653
13692.9515772653
13692.9515772653
13692.9515772653
13692.9515772653
13694.3966619825
13694.3966619825
13694.3966619825
13694.3966619825
13694.3966619825
13700.2736762822
13704.163113514
13704.163113514
13704.163113514
13704.163113514
13704.163113514
13704.163113514
13704.163113514
13704.163113514
13704.163113514
13720.8589314632
13720.8589314632
13721.123857966
13721.123857966
13721.123857966
13721.123857966
13721.123857966
13721.123857966
13723.884320986
13723.884320986
13723.884320986
13723.884320986
13723.884320986
13729.8031838343
13729.8031838343
13729.8031838343
13729.8031838343
13729.8031838343
13729.8031838343
13729.8031838343
13729.8031838343
13729.8031838343
13729.8031838343
13729.8031838343
13729.8031838343
13729.8031838343
13729.8031838343
13729.8031838343
13729.8031838343
13730.8633267023
13733.0463002971
13733.0463002971
13733.0463002971
13733.0463002971
13733.0463002971
13733.0463002971
13733.0463002971
13733.0463002971
13733.0463002971
13735.0231577131
13735.0231577131
13740.3358604667
13740.3358604667
13740.3358604667
13740.3358604667
13741.4750818307
13741.4750818307
13741.4750818307
13741.4750818307
13762.141289417
13762.141289417
13770.9053060216
13770.9053060216
13770.9053060216
13770.9053060216
13770.9053060216
13770.9053060216
13770.9053060216
13772.2467395756
13772.2467395756
13772.3512608452
13772.3512608452
13772.3512608452
13772.3512608452
13772.3512608452
13772.3512608452
13772.3512608452
13772.3512608452
13772.3512608452
13772.3512608452
13772.3512608452
13772.3512608452
13772.3512608452
13772.3512608452
13775.2792398745
13775.2792398745
13777.1251300209
13777.1251300209
13777.1251300209
13777.1251300209
13777.1251300209
13777.1251300209
13777.1251300209
13777.1251300209
13778.5221664311
13778.5221664311
13778.5221664311
13778.5221664311
13778.5221664311
13778.5221664311
13782.567230917
13782.567230917
13782.567230917
13786.0112690423
13786.0112690423
13786.0112690423
13786.0112690423
13786.0112690423
13786.0112690423
13788.9886853017
13788.9886853017
13788.9886853017
13788.9886853017
13788.9886853017
13788.9886853017
13788.9886853017
13795.5543546376
13795.5543546376
13795.5543546376
13795.5543546376
13795.5543546376
13795.5543546376
13795.5543546376
13795.5543546376
13796.4289786381
13796.4289786381
13796.4289786381
13796.4289786381
13796.4289786381
13796.4289786381
13796.4289786381
13797.4602912342
13797.4602912342
13797.4602912342
13797.4602912342
13797.4602912342
13797.4602912342
13797.4602912342
13797.4602912342
13797.4602912342
13800.7139970318
13800.7139970318
13801.5907870952
13801.5907870952
13801.5907870952
13801.5907870952
13801.5907870952
13801.5907870952
13805.4354881056
13805.4354881056
13805.4354881056
13805.4354881056
13805.4354881056
13805.4354881056
13806.3818261593
13806.3818261593
13806.6558959093
13807.6687004704
13813.6402768495
13813.6402768495
13816.8749943916
13816.8749943916
13816.8749943916
13816.8749943916
13816.8749943916
13816.8749943916
13816.8749943916
13816.8749943916
13816.8749943916
13816.8749943916
13816.8749943916
13816.8749943916
13816.8749943916
13816.8749943916
13816.8749943916
13816.8749943916
13823.9150002942
13823.9150002942
13823.9150002942
13825.6614087885
13825.7756321924
13825.7756321924
13825.7756321924
13825.7756321924
13827.8246983826
13827.8246983826
13827.8246983826
13827.8246983826
13833.1013724216
13833.1013724216
13833.1013724216
13833.1013724216
13833.1013724216
13833.1013724216
13833.1013724216
13833.1013724216
13833.1013724216
13833.1013724216
13833.1013724216
13833.1013724216
13833.1013724216
13833.1013724216
13833.1013724216
13833.1013724216
13833.1013724216
13833.1013724216
13834.0320589796
13834.6910669507
13834.6910669507
13834.6910669507
13834.6910669507
13834.6910669507
13834.6910669507
13834.6910669507
13834.6910669507
13834.6910669507
13836.7007273217
13837.3652469757
13837.3652469757
13837.3652469757
13838.0255926594
13840.2194581667
13840.2194581667
13840.2194581667
13840.2194581667
13840.2194581667
13840.2194581667
13841.2025750503
13842.3723747229
13842.3723747229
13842.3723747229
13842.3723747229
13843.0125770634
13843.0125770634
13843.0125770634
13843.0125770634
13843.0125770634
13843.0125770634
13843.0125770634
13843.0125770634
13843.0125770634
13843.0125770634
13843.0125770634
13843.9366787714
13848.2284815915
13848.916364407
13849.3623436146
13849.3623436146
13849.3623436146
13852.0715371466
13852.0715371466
13852.0715371466
13852.0715371466
13852.0715371466
13852.0715371466
13852.0715371466
13852.0715371466
13852.0715371466
13852.0715371466
13852.0715371466
13852.8448070835
13852.8448070835
13852.8448070835
13854.865048314
13857.4969819977
13857.4969819977
13857.4969819977
13857.4969819977
13864.4508008525
13864.4508008525
13864.4508008525
13864.4508008525
13864.4508008525
13864.4508008525
13864.4508008525
13864.4508008525
13864.4508008525
13864.4508008525
13865.7852004542
13865.7852004542
13865.7852004542
13865.7852004542
13865.7852004542
13865.7852004542
13865.7852004542
13865.7852004542
13865.7852004542
13865.7852004542
13865.7852004542
13865.7852004542
13865.7852004542
13865.7852004542
13865.7852004542
13872.3067249342
13872.3067249342
13872.3067249342
13877.7115182393
13881.1491481261
13881.1491481261
13881.1491481261
13882.5385832191
13882.5385832191
13882.5385832191
13884.4632260528
13884.4632260528
13888.1717481942
13888.1717481942
13888.1717481942
13888.1717481942
13888.2108576314
13888.2108576314
13888.3756050363
13888.3756050363
13888.3756050363
13888.5510888384
13888.5510888384
13888.5510888384
13888.5510888384
13888.5510888384
13888.5510888384
13888.5510888384
13888.5510888384
13888.5510888384
13889.2276378641
13889.2276378641
13889.2276378641
13889.2276378641
13889.2276378641
13889.2276378641
13890.9017162623
13890.9017162623
13894.0510032713
13898.9185112391
13901.3794286401
13901.3794286401
13902.6528657092
13902.6528657092
13902.6528657092
13902.6528657092
13902.6528657092
13904.3263747904
13904.3263747904
13904.3263747904
13904.3263747904
13904.3263747904
13905.0164763822
13905.0164763822
13905.0164763822
13907.4161224754
13907.4161224754
13907.4161224754
13911.6714650072
13913.044101732
13913.044101732
13913.044101732
13913.044101732
13921.4045667772
13924.6344176041
13924.6344176041
13924.6344176041
13926.5568235457
13926.5568235457
13930.4791966596
13930.4791966596
13930.4791966596
13930.4791966596
13933.226002535
13933.226002535
13933.226002535
13933.226002535
13933.226002535
13933.226002535
13933.226002535
13933.226002535
13933.226002535
13933.226002535
13933.226002535
13933.226002535
13933.226002535
13933.226002535
13933.226002535
13939.1343691608
13939.1343691608
13939.1343691608
13939.1343691608
13939.1343691608
13939.1343691608
13942.0723037428
13946.3640058818
13946.3640058818
13946.3640058818
13946.3640058818
13946.3640058818
13946.3640058818
13947.742588256
13947.742588256
13947.742588256
13947.742588256
13951.9831196164
13951.9831196164
13951.9831196164
13953.007667107
13953.007667107
13953.007667107
13953.007667107
13953.007667107
13953.007667107
13953.007667107
13953.007667107
13953.007667107
13953.007667107
13953.007667107
13953.007667107
13953.007667107
13953.007667107
13953.007667107
13960.772020848
13962.9045139159
13962.9045139159
13962.9045139159
13962.9045139159
13962.9045139159
13962.9045139159
13962.9045139159
13962.9045139159
13963.2145032973
13972.8112266841
13986.4085412803
13986.4085412803
13991.8054962461
13992.9632603404
13992.9632603404
13992.9632603404
13992.9724407898
13993.3092680414
13993.3092680414
13993.3092680414
13993.3092680414
13993.3092680414
13993.4167336277
13993.4167336277
13993.4167336277
13993.4167336277
13993.4167336277
13993.4167336277
13993.4167336277
13998.6915109925
13998.6915109925
13998.6915109925
13999.6259857765
14001.5563652613
14001.5563652613
14001.5563652613
14001.5563652613
14001.5563652613
14001.5563652613
14001.5563652613
14001.5563652613
14001.9518387298
14001.9518387298
14001.9518387298
14001.9518387298
14001.9518387298
14001.9518387298
14004.6306245944
14004.6306245944
14004.6306245944
14004.6306245944
14004.6306245944
14007.3803308624
14007.3803308624
14007.3803308624
14007.3803308624
14007.3803308624
14007.3803308624
14007.3803308624
14007.3803308624
14007.3803308624
14007.3803308624
14007.3803308624
14007.3803308624
14007.3803308624
14007.3803308624
14007.3803308624
14007.3803308624
14007.3803308624
14007.3803308624
14008.6889609951
14008.6889609951
14008.6889609951
14008.6889609951
14008.6889609951
14008.6889609951
14008.6889609951
14008.6889609951
14013.7749720364
14013.9926876745
14013.9926876745
14013.9926876745
14022.1165517154
14022.1165517154
14022.1165517154
14022.1165517154
14022.1165517154
14022.1165517154
14022.1165517154
14022.1165517154
14022.1165517154
14022.1165517154
14022.1165517154
14027.141627811
14027.141627811
14027.141627811
14027.141627811
14027.141627811
14027.141627811
14027.141627811
14027.141627811
14027.141627811
14027.141627811
14027.141627811
14027.141627811
14027.141627811
14027.141627811
14027.141627811
14027.141627811
14032.3136373085
14032.3136373085
14032.3136373085
14032.3136373085
14032.3136373085
14032.6159382092
14032.6159382092
14032.6159382092
14032.6159382092
14032.6159382092
14032.6159382092
14032.6159382092
14032.6159382092
14033.175926802
14033.175926802
14033.175926802
14033.175926802
14033.175926802
14033.175926802
14033.175926802
14033.175926802
14033.175926802
14033.175926802
14033.175926802
14034.7844053126
14034.7844053126
14034.7844053126
14034.7844053126
14035.7843206252
14035.7843206252
14035.7843206252
14035.7843206252
14035.7843206252
14036.6510102156
14036.6510102156
14044.8894250593
14047.5916362616
14047.5916362616
14049.6063820207
14049.6063820207
14051.0869516361
14051.0869516361
14051.0869516361
14052.4104876841
14052.4104876841
14052.4104876841
14052.4104876841
14052.4104876841
14052.4104876841
14052.4104876841
14052.4104876841
14052.4104876841
14052.4104876841
14052.4104876841
14056.874668853
14060.3028941509
14060.3028941509
14060.3028941509
14060.3028941509
14060.3028941509
14061.427102612
14061.427102612
14061.427102612
14061.427102612
14061.427102612
14061.427102612
14061.427102612
14061.427102612
14061.427102612
14061.427102612
14061.427102612
14067.2076185584
14067.2076185584
14067.2076185584
14067.2076185584
14067.2076185584
14067.2076185584
14067.2076185584
14067.2076185584
14067.2076185584
14067.2076185584
14067.2076185584
14077.1276731062
14077.1276731062
14077.1276731062
14077.1276731062
14077.1276731062
14077.1276731062
14077.1276731062
14077.1276731062
14077.1276731062
14077.1276731062
14077.548396378
14077.548396378
14077.548396378
14077.548396378
14077.548396378
14077.548396378
14077.548396378
14078.8163724715
14085.4585681008
14085.4585681008
14091.0534987031
14091.0534987031
14091.0534987031
14101.9579015652
14101.9579015652
14101.9579015652
14105.0197550317
14105.0197550317
14105.3592298822
14106.6388431251
14106.6388431251
14106.6388431251
14106.6388431251
14106.6388431251
14106.6388431251
14106.6388431251
14106.6388431251
14106.6388431251
14106.6388431251
14106.6388431251
14106.6388431251
14106.6388431251
14109.3763541773
14109.3763541773
14109.3763541773
14109.3763541773
14109.3763541773
14109.3763541773
14109.3763541773
14109.3763541773
14110.5388858089
14111.0191518531
14111.0191518531
14111.0191518531
14112.4342806291
14118.8641546232
14118.8641546232
14118.8641546232
14120.0752348688
14120.0752348688
14120.0752348688
14120.0752348688
14120.0752348688
14120.0752348688
14120.0752348688
14120.0752348688
14120.0752348688
14127.6012201125
14127.6012201125
14127.6012201125
14127.6012201125
14127.6012201125
14127.6012201125
14127.6012201125
14134.2894164815
14134.2894164815
14134.2894164815
14134.2894164815
14134.2894164815
14134.2894164815
14138.8922599206
14138.8922599206
14138.8922599206
14138.8922599206
14138.8922599206
14138.8922599206
14138.8922599206
14139.1776477726
14146.8390562221
14146.8390562221
14146.8390562221
14147.0772381701
14148.0739203532
14148.0739203532
14148.0739203532
14148.0739203532
14148.0739203532
14150.0013294819
14154.5898503928
14154.5898503928
14158.9069919406
14158.9069919406
14158.9069919406
14158.9069919406
14158.9069919406
14158.9069919406
14158.9069919406
14160.2145217496
14160.2145217496
14164.8559072307
14164.8559072307
14164.8559072307
14164.8559072307
14164.8559072307
14164.8559072307
14164.8559072307
14164.8559072307
14164.8559072307
14164.8559072307
14164.8559072307
14164.8559072307
14164.8559072307
14164.8559072307
14164.8559072307
14164.8559072307
14164.8559072307
14164.8559072307
14164.8559072307
14164.8559072307
14164.8559072307
14164.8559072307
14164.8559072307
14164.9761912482
14164.9761912482
14164.9761912482
14164.9761912482
14166.8992958758
14168.9256783756
14168.9984866373
14168.9984866373
14168.9984866373
14168.9984866373
14168.9984866373
14168.9984866373
14168.9984866373
14168.9984866373
14168.9984866373
14170.7369465692
14170.7369465692
14170.7369465692
14170.7369465692
14170.7369465692
14171.6717795187
14171.9499228713
14175.0346132267
14180.0825135157
14180.0825135157
14185.851203827
14185.851203827
14185.851203827
14185.851203827
14185.851203827
14185.851203827
14185.851203827
14185.851203827
14185.851203827
14185.851203827
14192.5158073339
14193.6310056066
14195.2530391302
14195.2530391302
14195.2530391302
14195.2530391302
14195.2530391302
14195.2530391302
14195.2530391302
14195.2530391302
14195.2530391302
14195.2530391302
14195.2530391302
14195.2530391302
14195.2530391302
14195.2530391302
14195.2530391302
14195.2530391302
14195.2530391302
14195.2530391302
14195.2530391302
14195.2530391302
14195.2530391302
14195.2530391302
14195.2530391302
14195.2530391302
14195.2530391302
14195.2530391302
14195.2530391302
14195.2530391302
14195.2530391302
14195.2530391302
14195.2530391302
14195.2530391302
14196.2579203188
14196.2579203188
14196.2579203188
14196.2579203188
14201.4385126758
14203.9904094155
14204.0598560563
14204.0598560563
14204.0598560563
14204.0598560563
14204.0598560563
14204.0598560563
14204.0598560563
14204.0598560563
14204.0598560563
14204.0598560563
14204.0598560563
14204.0598560563
14204.4027952483
14204.4027952483
14204.4027952483
14204.4027952483
14204.4027952483
14204.4027952483
14204.4027952483
14204.4027952483
14204.4027952483
14204.4027952483
14204.4027952483
14204.4027952483
14204.4027952483
14204.4027952483
14204.4027952483
14204.4027952483
14204.4027952483
14204.4027952483
14204.4027952483
14204.4027952483
14204.4027952483
14204.4027952483
14204.4027952483
14204.4027952483
14207.3230801822
14207.4246687214
14207.4246687214
14207.4246687214
14207.4246687214
14207.4246687214
14207.4246687214
14207.4246687214
14207.4246687214
14207.4246687214
14210.4222346583
14210.4222346583
14210.4222346583
14210.4222346583
14211.2924968848
14212.2248102667
14212.2248102667
14212.2248102667
14212.4901237343
14214.1624452486
14214.1624452486
14214.1624452486
14214.1624452486
14214.1624452486
14224.1778170687
14224.606524848
14224.606524848
14224.606524848
14224.606524848
14224.606524848
14224.606524848
14224.606524848
14224.606524848
14224.606524848
14224.606524848
14224.606524848
14224.606524848
14224.606524848
14224.606524848
14224.606524848
14224.606524848
14224.606524848
14224.606524848
14224.606524848
14225.8187945358
14225.8187945358
14225.8187945358
14225.8187945358
14230.5508957195
14230.5508957195
14230.5508957195
14231.9701747398
14231.9701747398
14231.9701747398
14232.9256760788
14242.3527409484
14242.8187335273
14249.6193350916
14249.6193350916
14249.6193350916
14249.6193350916
14249.6193350916
14249.6193350916
14249.6193350916
14249.6193350916
14249.6193350916
14249.6193350916
14249.6193350916
14249.6193350916
14249.6193350916
14249.6193350916
14249.6193350916
14249.6193350916
14249.6193350916
14249.6193350916
14249.6193350916
14249.6193350916
14249.6193350916
14249.6193350916
14249.6193350916
14249.6193350916
14250.1173017762
14250.1173017762
14250.1173017762
14250.1173017762
14250.1173017762
14253.8168074602
14253.8168074602
14253.8168074602
14253.8168074602
14253.8168074602
14253.8168074602
14253.8168074602
14253.8168074602
14253.8168074602
14253.8168074602
14253.8168074602
14253.8168074602
14253.8168074602
14253.8168074602
14253.8168074602
14253.8168074602
14253.8168074602
14253.8168074602
14258.3204029758
14258.3204029758
14258.3204029758
14258.3204029758
14258.3204029758
14258.3204029758
14258.3204029758
14258.3204029758
14258.3660752972
14258.3660752972
14258.3660752972
14258.3660752972
14258.3660752972
14258.3660752972
14258.3660752972
14258.3660752972
14258.3660752972
14258.3660752972
14258.3660752972
14271.4646648183
14271.4646648183
14274.9474785337
14274.9474785337
14274.9474785337
14274.9474785337
14274.9474785337
14275.2843218326
14279.4830726044
14284.8542754907
14290.1625417934
14290.1625417934
14290.1625417934
14290.1625417934
14290.1625417934
14290.1625417934
14290.1625417934
14291.0510920348
14291.0510920348
14291.0510920348
14291.0510920348
14291.0510920348
14291.0510920348
14295.4493868521
14295.4493868521
14302.694652128
14309.3898670204
14309.3898670204
14309.3898670204
14309.3898670204
14309.3898670204
14309.3898670204
14309.3898670204
14309.3898670204
14309.3898670204
14310.1459805654
14310.4124310402
14310.4124310402
14310.4124310402
14310.6086183295
14310.6086183295
14310.6086183295
14310.6086183295
14310.6086183295
14310.6086183295
14310.6086183295
14310.6086183295
14310.6086183295
14313.8633010591
14313.8633010591
14313.8633010591
14316.191954444
14316.191954444
14317.1163383069
14317.8719696004
14317.8719696004
14317.8719696004
14317.8719696004
14317.8719696004
14317.8719696004
14318.9598927911
14318.9598927911
14318.9598927911
14318.9598927911
14318.9598927911
14319.3846428962
14319.3846428962
14319.3846428962
14319.3846428962
14319.5267340125
14319.5267340125
14319.5267340125
14319.5267340125
14319.5267340125
14319.5267340125
14319.5267340125
14319.5267340125
14319.5267340125
14319.5267340125
14319.5267340125
14319.5267340125
14321.9670909551
14321.9670909551
14321.9670909551
14321.9670909551
14321.9670909551
14321.9670909551
14321.9670909551
14321.9670909551
14321.9670909551
14321.9670909551
14322.1948755793
14322.1948755793
14322.1948755793
14322.1948755793
14322.1948755793
14322.1948755793
14322.1948755793
14327.7765893903
14327.7765893903
14327.7765893903
14327.7765893903
14327.7765893903
14327.7765893903
14327.7765893903
14327.7765893903
14327.7765893903
14327.7765893903
14327.7765893903
14327.7765893903
14327.7765893903
14327.7765893903
14327.7765893903
14330.1899947678
14330.1899947678
14330.1899947678
14330.1899947678
14330.1899947678
14330.1899947678
14330.1899947678
14330.1899947678
14330.1899947678
14330.1899947678
14330.7034296284
14332.345807008
14332.345807008
14332.345807008
14332.345807008
14333.7433113955
14333.7433113955
14333.7433113955
14333.7433113955
14333.7433113955
14337.5719096446
14337.5719096446
14339.1426664977
14339.1426664977
14339.1426664977
14339.1426664977
14339.1426664977
14339.1426664977
14339.1426664977
14343.2558867046
14343.2558867046
14343.2558867046
14343.2558867046
14346.1654147493
14347.5248148959
14347.5248148959
14347.5248148959
14347.5248148959
14347.5248148959
14347.5248148959
14347.5248148959
14347.5248148959
14352.8844349773
14352.8844349773
14352.8844349773
14352.8844349773
14352.8844349773
14352.8844349773
14352.8844349773
14352.8844349773
14360.9865567271
14360.9865567271
14360.9865567271
14360.9865567271
14360.9865567271
14360.9865567271
14360.9865567271
14360.9865567271
14360.9865567271
14360.9865567271
14360.9865567271
14360.9865567271
14360.9865567271
14368.5999721275
14376.3564394878
14376.3564394878
14383.4344092102
14383.4344092102
14383.4344092102
14383.4344092102
14383.4344092102
14383.4344092102
14383.4344092102
14383.4344092102
14383.4344092102
14383.4344092102
14385.4716801096
14385.4716801096
14386.0046043546
14386.0046043546
14386.0046043546
14386.0046043546
14386.0046043546
14389.9353022785
14389.9353022785
14389.9353022785
14389.9353022785
14389.9353022785
14389.9353022785
14389.9353022785
14389.9998590588
14389.9998590588
14389.9998590588
14391.6598630718
14391.6598630718
14394.8735572502
14398.1811551159
14398.1811551159
14398.1811551159
14398.1811551159
14398.1811551159
14398.1811551159
14398.1811551159
14398.1811551159
14398.4930017673
14399.2553685344
14400.0917261922
14401.4795015356
14401.4795015356
14401.4795015356
14401.4795015356
14401.4795015356
14401.4795015356
14401.4795015356
14401.4795015356
14401.4795015356
14401.4795015356
14401.4795015356
14401.4795015356
14401.4795015356
14401.4795015356
14401.6076852344
14401.6076852344
14401.6076852344
14402.7204648487
14402.7204648487
14402.7204648487
14402.7204648487
14402.7204648487
14402.7204648487
14402.7204648487
14402.7204648487
14402.7204648487
14403.7983790339
14403.7983790339
14406.6051673639
14406.6051673639
14406.6051673639
14406.6051673639
14406.6051673639
14406.6051673639
14406.6051673639
14406.6051673639
14406.6051673639
14411.5311925212
14411.5311925212
14411.5311925212
14411.5311925212
14411.5311925212
14411.5311925212
14416.5920065236
14422.9172561603
14422.9172561603
14422.9172561603
14422.9172561603
14422.9172561603
14422.9172561603
14422.9172561603
14422.9172561603
14423.8435591246
14423.8435591246
14423.8435591246
14423.8435591246
14423.8435591246
14426.2251574534
14426.5877124688
14428.2413775927
14428.2413775927
14428.2413775927
14435.6404733489
14435.6404733489
14435.6404733489
14435.8178280085
14435.8178280085
14435.8178280085
14435.8178280085
14435.8178280085
14435.8178280085
14435.8178280085
14435.8178280085
14435.8178280085
14435.8178280085
14435.8178280085
14435.8178280085
14435.8178280085
14435.8178280085
14435.8178280085
14435.8178280085
14435.8178280085
14435.8178280085
14435.8178280085
14435.8178280085
14435.8178280085
14435.8178280085
14435.8178280085
14435.8178280085
14437.2043442442
14437.2043442442
14437.2043442442
14437.2043442442
14437.2043442442
14438.1573361534
14440.1622483385
14440.1622483385
14440.1622483385
14440.1622483385
14440.1622483385
14440.1622483385
14440.1622483385
14440.1622483385
14440.1622483385
14440.1622483385
14440.4403773291
14442.378801748
14442.378801748
14442.378801748
14443.831061369
14443.831061369
14443.831061369
14443.831061369
14446.3672323275
14446.3672323275
14446.3672323275
14446.3672323275
14446.3672323275
14446.3672323275
14446.3672323275
14446.3672323275
14446.3672323275
14446.3672323275
14446.3672323275
14446.3672323275
14446.3672323275
14446.3672323275
14446.3672323275
14446.3672323275
14446.3672323275
14446.3672323275
14450.7203782994
14450.7203782994
14450.7203782994
14450.7203782994
14450.7203782994
14450.7203782994
14454.5536881124
14454.5536881124
14454.5536881124
14454.5536881124
14454.5536881124
14454.5536881124
14454.9838763364
14454.9838763364
14454.9838763364
14454.9838763364
14454.9838763364
14454.9838763364
14459.0622108229
14459.0622108229
14464.653189708
14464.653189708
14464.653189708
14464.653189708
14464.653189708
14464.653189708
14467.9118321796
14468.1961569565
14468.1961569565
14468.1961569565
14468.983765602
14468.983765602
14469.0274588915
14469.0274588915
14475.7881680814
14475.7881680814
14480.7703665676
14480.7703665676
14480.7703665676
14480.7703665676
14480.7703665676
14480.7703665676
14480.7703665676
14480.7703665676
14480.7703665676
14489.5394185975
14489.5394185975
14489.5394185975
14489.5394185975
14489.5394185975
14489.5394185975
14489.5394185975
14489.5394185975
14489.5394185975
14489.5394185975
14489.5394185975
14489.5394185975
14489.5394185975
14489.5394185975
14489.5394185975
14489.5394185975
14489.5394185975
14489.5394185975
14489.5394185975
14489.5394185975
14489.5394185975
14489.5394185975
14490.1074023079
14490.1074023079
14490.1074023079
14490.1074023079
14490.1074023079
14492.9421983807
14492.9421983807
14492.9421983807
14492.9421983807
14492.9421983807
14492.9421983807
14492.9421983807
14492.9421983807
14492.9421983807
14492.9421983807
14492.9421983807
14492.9421983807
14495.9533497237
14504.0447641028
14504.0447641028
14504.0447641028
14504.0830566058
14504.0830566058
14504.0830566058
14504.0830566058
14504.0830566058
14504.7411134794
14505.7688093637
14505.7688093637
14505.7688093637
14507.364128488
14507.364128488
14507.364128488
14507.364128488
14509.7258845171
14509.7258845171
14509.7258845171
14509.7258845171
14509.7258845171
14509.7258845171
14509.7258845171
14509.7258845171
14514.6377222835
14514.6377222835
14515.6935084004
14515.6935084004
14515.6935084004
14515.6935084004
14515.6935084004
14515.6935084004
14515.6935084004
14515.6935084004
14515.6935084004
14515.8455393365
14515.8455393365
14515.8455393365
14515.8455393365
14516.7019292554
14516.7019292554
14516.7019292554
14516.7019292554
14516.7019292554
14516.7019292554
14517.6225516235
14517.6225516235
14518.2178276323
14518.2178276323
14518.2178276323
14518.2178276323
14518.2178276323
14518.2178276323
14518.2178276323
14518.2178276323
14518.2178276323
14527.2399963357
14527.2399963357
14527.2399963357
14527.2399963357
14527.2399963357
14527.2399963357
14527.2399963357
14527.2399963357
14527.2399963357
14527.2399963357
14527.2399963357
14528.6728883112
14530.6373841479
14530.6373841479
14540.8980838893
14541.0661229841
14541.0661229841
14541.0661229841
14542.3791082154
14542.3791082154
14542.3791082154
14542.3791082154
14542.3791082154
14542.3791082154
14543.2197256402
14543.2197256402
14543.2197256402
14543.2197256402
14543.4074515466
14543.4074515466
14543.4074515466
14543.4074515466
14543.4074515466
14554.2721700006
14554.2721700006
14554.2721700006
14554.2721700006
14554.2721700006
14554.2721700006
14554.2721700006
14554.2721700006
14554.2721700006
14554.2721700006
14554.2721700006
14554.2721700006
14557.1000951667
14557.1000951667
14557.1000951667
14557.1000951667
14557.1000951667
14557.1000951667
14557.1000951667
14557.1000951667
14560.7120822548
14564.0196063238
14564.0196063238
14564.0196063238
14564.0196063238
14564.0196063238
14564.0196063238
14564.0196063238
14564.0196063238
14564.0196063238
14564.0196063238
14564.0196063238
14564.0196063238
14564.0196063238
14564.0196063238
14564.0196063238
14564.0196063238
14564.0196063238
14564.0196063238
14564.0196063238
14566.7741718707
14569.8020349066
14573.1574381439
14573.1574381439
14573.1574381439
14573.1574381439
14573.6000793209
14573.6000793209
14573.6000793209
14573.6000793209
14573.6000793209
14573.6000793209
14573.6000793209
14573.6000793209
14573.6000793209
14573.6000793209
14573.6000793209
14573.6000793209
14573.6000793209
14573.6000793209
14573.6000793209
14573.6000793209
14573.6000793209
14580.3226799496
14580.3226799496
14580.3226799496
14580.3226799496
14580.3226799496
14580.3226799496
14580.3226799496
14581.1342903487
14581.1342903487
14581.1342903487
14581.1342903487
14581.1342903487
14581.1342903487
14581.1342903487
14581.1342903487
14581.1342903487
14583.0887503994
14583.0887503994
14583.0887503994
14583.0887503994
14583.0887503994
14589.7515054372
14594.1754246858
14594.1754246858
14596.6753858872
14596.6753858872
14596.6753858872
14596.6753858872
14598.4196111039
14598.4196111039
14598.4196111039
14598.4196111039
14598.4196111039
14598.4196111039
14598.4196111039
14598.7511370923
14598.7511370923
14598.7511370923
14598.7511370923
14598.7511370923
14598.7511370923
14598.7511370923
14598.7511370923
14598.7511370923
14599.4606542012
14599.4606542012
14599.4606542012
14599.4606542012
14599.4606542012
14600.4090733265
14602.7044660613
14602.7044660613
14602.7044660613
14602.7044660613
14603.7082924939
14604.0048407656
14605.9688375423
14605.9688375423
14605.9688375423
14605.9688375423
14606.4757848368
14606.4757848368
14606.4757848368
14618.1359003545
14618.1359003545
14618.1359003545
14618.1359003545
14618.1359003545
14618.1359003545
14618.1359003545
14618.1359003545
14618.1359003545
14618.1359003545
14619.4008263818
14619.4008263818
14620.0535418239
14620.0535418239
14620.0535418239
14620.0535418239
14620.0535418239
14620.0535418239
14620.0535418239
14620.0535418239
14620.0535418239
14620.0535418239
14620.0535418239
14622.84105017
14622.84105017
14624.3422536616
14624.3422536616
14624.3422536616
14624.3422536616
14624.3422536616
14624.3422536616
14624.3422536616
14633.9547352484
14633.9547352484
14633.9547352484
14633.9547352484
14633.9547352484
14633.9547352484
14633.9547352484
14633.9547352484
14634.85542962
14634.85542962
14634.85542962
14634.85542962
14634.85542962
14634.85542962
14634.85542962
14634.85542962
14634.85542962
14634.85542962
14634.85542962
14634.85542962
14634.85542962
14634.85542962
14634.85542962
14634.85542962
14634.85542962
14634.85542962
14634.85542962
14637.6575923773
14637.6575923773
14637.6575923773
14637.6575923773
14639.5898042774
14639.5898042774
14639.5898042774
14639.5898042774
14642.0273874231
14642.0273874231
14642.0273874231
14642.0273874231
14642.9187272978
14643.4273106077
14643.4273106077
14643.4273106077
14643.4273106077
14644.9435002273
14644.9435002273
14644.9435002273
14645.0960762193
14645.0960762193
14645.0960762193
14645.0960762193
14645.0960762193
14645.0960762193
14645.0960762193
14645.0960762193
14645.0960762193
14645.0960762193
14647.2882344591
14647.2882344591
14651.2987704498
14651.2987704498
14652.7577616164
14652.7577616164
14652.7577616164
14652.7577616164
14652.7577616164
14652.7577616164
14652.7577616164
14652.7577616164
14652.7577616164
14652.7577616164
14652.7577616164
14652.7577616164
14652.7577616164
14652.7577616164
14652.7577616164
14654.1388900056
14654.1388900056
14654.1388900056
14654.1388900056
14654.1388900056
14656.9525703607
14656.9525703607
14656.9525703607
14656.9525703607
14656.9525703607
14656.9525703607
14662.8088398772
14662.8088398772
14662.8088398772
14662.8088398772
14662.8088398772
14662.8088398772
14662.8088398772
14662.8088398772
14662.8088398772
14662.8088398772
14662.8088398772
14662.8088398772
14662.8088398772
14662.9558363661
14667.5335847618
14669.5238377051
14669.9729801672
14669.9729801672
14669.9729801672
14669.9729801672
14669.9729801672
14675.4497838163
14675.4497838163
14675.4497838163
14675.4497838163
14675.4497838163
14675.4497838163
14675.4497838163
14675.4497838163
14675.4497838163
14675.4497838163
14675.4497838163
14678.005433504
14679.3911867341
14679.3911867341
14679.3911867341
14682.6345678778
14683.0868217861
14683.0868217861
14683.0868217861
14690.7293463935
14690.7293463935
14690.7293463935
14690.7293463935
14695.093899395
14701.371144801
14701.371144801
14701.371144801
14701.371144801
14701.371144801
14702.0384408184
14702.0384408184
14702.0384408184
14702.0384408184
14702.0384408184
14702.0384408184
14702.0384408184
14702.0384408184
14702.0384408184
14702.0384408184
14702.0384408184
14702.0384408184
14707.2994154119
14707.2994154119
14707.2994154119
14707.6273360892
14707.6273360892
14707.6273360892
14707.6273360892
14707.6273360892
14707.6273360892
14707.6273360892
14707.6273360892
14707.6273360892
14707.6273360892
14707.6273360892
14707.6273360892
14707.6273360892
14707.6273360892
14712.3941223845
14712.3941223845
14712.3941223845
14712.3941223845
14712.3941223845
14712.3941223845
14712.9809744233
14712.9809744233
14712.9809744233
14712.9809744233
14716.6340231618
14716.6340231618
14716.6340231618
14716.6340231618
14716.8551089499
14725.3472930859
14725.3472930859
14726.6390116988
14726.6390116988
14726.6390116988
14729.8967207534
14729.8967207534
14729.8967207534
14729.8967207534
14729.8967207534
14730.3390055105
14730.3390055105
14730.3390055105
14730.3390055105
14730.3390055105
14730.3449419079
14730.3449419079
14730.3449419079
14730.3449419079
14730.3449419079
14730.3449419079
14730.3449419079
14730.3449419079
14730.3449419079
14730.3449419079
14730.3449419079
14730.3449419079
14730.3449419079
14730.3449419079
14730.3449419079
14730.3449419079
14730.3449419079
14730.3449419079
14730.3449419079
14730.3449419079
14730.3449419079
14730.3449419079
14730.3449419079
14730.3449419079
14730.3449419079
14730.729043416
14733.1904115292
14733.1904115292
14739.2169732498
14739.2169732498
14741.3982797817
14741.3982797817
14741.3982797817
14741.3982797817
14741.3982797817
14741.3982797817
14741.3982797817
14741.3982797817
14741.3982797817
14741.3982797817
14741.3982797817
14741.3982797817
14741.3982797817
14741.3982797817
14741.3982797817
14741.3982797817
14741.3982797817
14741.3982797817
14741.3982797817
14741.3982797817
14741.3982797817
14741.3982797817
14741.3982797817
14741.3982797817
14741.3982797817
14741.3982797817
14741.3982797817
14741.3982797817
14742.7135636993
14742.7135636993
14742.7135636993
14742.7135636993
14742.7135636993
14742.7135636993
14742.7135636993
14742.7135636993
14742.7135636993
14742.7135636993
14742.7135636993
14742.7135636993
14742.7135636993
14742.7135636993
14742.7135636993
14742.7135636993
14742.7135636993
14742.7135636993
14742.7135636993
14742.7135636993
14742.7135636993
14742.7135636993
14742.7135636993
14744.6799508443
14744.6799508443
14744.6799508443
14746.6009868864
14746.6009868864
14746.6009868864
14746.6009868864
14746.7031930535
14746.7031930535
14746.7031930535
14746.7031930535
14748.0569035216
14748.0569035216
14748.0569035216
14748.0569035216
14748.0569035216
14748.0569035216
14748.0569035216
14748.0569035216
14748.0569035216
14749.1166771752
14749.1166771752
14749.1166771752
14749.1166771752
14749.1166771752
14749.1166771752
14749.1166771752
14749.1166771752
14749.1166771752
14749.1166771752
14749.1166771752
14749.1166771752
14749.1166771752
14749.1166771752
14749.1166771752
14749.120688876
14750.9327527276
14750.9327527276
14750.9327527276
14753.398038579
14753.398038579
14753.398038579
14753.398038579
14753.398038579
14755.0487799029
14755.0487799029
14755.0487799029
14755.0487799029
14755.0487799029
14757.7027202564
14757.7027202564
14757.7027202564
14757.7027202564
14757.7027202564
14757.7027202564
14757.7027202564
14757.7027202564
14757.7027202564
14757.7027202564
14757.7027202564
14757.7027202564
14757.7027202564
14757.7027202564
14757.7027202564
14757.7027202564
14757.7027202564
14757.7027202564
14757.7027202564
14757.7027202564
14757.7027202564
14757.7027202564
14757.7027202564
14757.7027202564
14757.7027202564
14757.7027202564
14757.7027202564
14757.7027202564
14757.7027202564
14757.7027202564
14757.7027202564
14765.1226806426
14765.1226806426
14772.911494693
14772.911494693
14772.911494693
14772.911494693
14772.911494693
14772.911494693
14772.911494693
14772.911494693
14772.911494693
14772.911494693
14772.911494693
14772.911494693
14778.2293755211
14781.9021658705
14781.9021658705
14781.9021658705
14781.9021658705
14781.9021658705
14781.9021658705
14781.9021658705
14781.9021658705
14781.9021658705
14781.9021658705
14781.9021658705
14781.9021658705
14781.9021658705
14782.7161015518
14782.7161015518
14782.7161015518
14782.7161015518
14788.6045787855
14788.6045787855
14788.6045787855
14788.6045787855
14788.6045787855
14788.6045787855
14788.6045787855
14788.6045787855
14788.6045787855
14788.6045787855
14788.6045787855
14788.6045787855
14788.6045787855
14788.6045787855
14788.6045787855
14793.9034338414
14793.9034338414
14795.0666951315
14795.0666951315
14795.0666951315
14795.0666951315
14795.0666951315
14795.0666951315
14796.1265323129
14796.1265323129
14796.1265323129
14796.1265323129
14796.1265323129
14796.1265323129
14796.1265323129
14798.6454301229
14798.6454301229
14798.6454301229
14798.6454301229
14798.6454301229
14798.6454301229
14798.6454301229
14798.6454301229
14798.6454301229
14798.6454301229
14798.6454301229
14798.6454301229
14798.6454301229
14798.6454301229
14798.6454301229
14800.3475931604
14800.3475931604
14800.3475931604
14800.3475931604
14800.3475931604
14800.3475931604
14800.3475931604
14800.3475931604
14800.3475931604
14800.3475931604
14800.3475931604
14804.2288542942
14804.2288542942
14804.2288542942
14804.2288542942
14804.2288542942
14804.2288542942
14804.2288542942
14804.2288542942
14804.2288542942
14804.2288542942
14804.2288542942
14804.2288542942
14804.2288542942
14804.2288542942
14804.2288542942
14804.2288542942
14804.2288542942
14804.2288542942
14804.2288542942
14804.2288542942
14804.2288542942
14804.2288542942
14804.2288542942
14804.2288542942
14804.2288542942
14805.4198631798
14805.4198631798
14805.4198631798
14805.4198631798
14805.4198631798
14805.4198631798
14805.4198631798
14805.4198631798
14805.4198631798
14805.4198631798
14805.4198631798
14805.4198631798
14805.4198631798
14808.7379003922
14808.7379003922
14808.7379003922
14808.7379003922
14808.7379003922
14820.9250723481
14820.9250723481
14820.9250723481
14820.9250723481
14820.9250723481
14820.9250723481
14820.9250723481
14820.9250723481
14821.7240469661
14822.5575335958
14822.5575335958
14822.5575335958
14822.5575335958
14822.5575335958
14822.5575335958
14822.5575335958
14822.5575335958
14822.5575335958
14822.5575335958
14822.5575335958
14822.5575335958
14822.5575335958
14825.3994526078
14825.3994526078
14825.3994526078
14825.3994526078
14825.3994526078
14825.3994526078
14825.3994526078
14825.3994526078
14825.3994526078
14825.3994526078
14825.3994526078
14825.3994526078
14825.3994526078
14825.3994526078
14825.3994526078
14825.3994526078
14825.3994526078
14825.3994526078
14825.3994526078
14825.3994526078
14825.3994526078
14827.682134926
14827.682134926
14827.682134926
14827.682134926
14827.682134926
14827.682134926
14827.682134926
14827.682134926
14827.682134926
14827.682134926
14827.682134926
14827.682134926
14827.682134926
14827.682134926
14827.682134926
14827.682134926
14827.682134926
14834.8430865853
14834.8430865853
14834.8430865853
14834.8430865853
14834.8430865853
14834.8430865853
14834.8430865853
14834.8430865853
14834.8430865853
14841.1850726798
14841.1850726798
14841.1850726798
14841.1850726798
14841.1850726798
14841.1850726798
14841.1850726798
14841.1850726798
14843.3037583276
14843.3037583276
14843.3037583276
14844.5305197246
14844.5305197246
14844.5305197246
14844.9265765791
14844.9265765791
14844.9265765791
14844.9265765791
14844.9265765791
14848.1593436332
14848.1593436332
14848.1593436332
14848.1593436332
14848.1593436332
14848.1593436332
14848.1593436332
14848.1593436332
14848.1593436332
14848.1593436332
14848.1593436332
14848.1593436332
14848.1593436332
14848.1593436332
14848.1593436332
14848.1593436332
14850.0824811255
14850.0824811255
14850.0824811255
14850.0824811255
14850.0824811255
14850.0824811255
14850.0824811255
14850.0824811255
14850.0824811255
14850.0824811255
14850.0824811255
14850.0824811255
14855.3640344908
14855.3640344908
14855.3640344908
14855.3640344908
14855.4629242044
14855.4629242044
14855.4629242044
14855.4629242044
14855.4629242044
14855.4629242044
14855.4629242044
14855.4629242044
14860.3582054814
14860.3582054814
14860.3582054814
14862.0437198363
14869.6102089972
14869.6102089972
14869.6102089972
14869.6102089972
14869.6102089972
14869.6102089972
14869.6102089972
14869.6102089972
14869.6102089972
14877.6374015696
14877.6374015696
14877.6374015696
14877.6374015696
14877.6374015696
14877.6374015696
14877.6374015696
14877.6374015696
14881.2455035227
14881.2455035227
14881.2455035227
14881.2455035227
14881.2455035227
14881.2455035227
14881.2455035227
14881.2455035227
14885.9919897096
14885.9919897096
14885.9919897096
14885.9919897096
14885.9919897096
14885.9919897096
14885.9919897096
14885.9919897096
14885.9919897096
14885.9919897096
14885.9919897096
14885.9919897096
14885.9919897096
14885.9919897096
14885.9919897096
14885.9919897096
14899.355060231
14899.355060231
14899.355060231
14899.355060231
14899.355060231
14899.355060231
14899.355060231
14899.355060231
14899.355060231
14899.355060231
14899.355060231
14899.355060231
14899.355060231
14899.355060231
14899.355060231
14899.355060231
14899.355060231
14899.355060231
14899.355060231
14899.355060231
14901.0141695547
14901.0141695547
14901.0141695547
14901.0141695547
14901.0141695547
14901.0141695547
14901.0141695547
14901.3771868989
14901.3771868989
14901.3771868989
14901.3771868989
14901.3771868989
14901.3771868989
14901.3771868989
14901.3771868989
14901.3771868989
14901.3771868989
14901.3771868989
14901.3771868989
14901.3771868989
14901.3771868989
14901.3771868989
14902.6644691482
14902.6644691482
14902.6644691482
14902.6644691482
14902.6644691482
14902.6644691482
14902.6644691482
14902.6644691482
14902.6644691482
14902.6644691482
14902.6644691482
14902.6644691482
14907.082069489
14907.082069489
14907.082069489
14907.082069489
14907.082069489
14907.082069489
14907.082069489
14907.741951578
14907.741951578
14907.741951578
14907.7906781302
14907.7906781302
14907.7906781302
14907.7906781302
14907.7906781302
14907.7906781302
14907.7906781302
14907.7906781302
14907.7906781302
14907.7906781302
14907.7906781302
14907.7906781302
14907.7906781302
14907.7906781302
14907.7906781302
14907.7906781302
14907.7906781302
14907.7906781302
14907.7906781302
14907.7906781302
14907.7906781302
14907.7906781302
14907.7906781302
14907.7906781302
14907.7906781302
14907.7906781302
14907.7906781302
14907.7906781302
14907.7906781302
14907.7906781302
14907.7906781302
14907.7906781302
14907.7906781302
14907.7906781302
14907.7906781302
14907.7906781302
14907.7906781302
14907.7906781302
14907.7906781302
14907.7906781302
14907.7906781302
14907.7906781302
14907.7906781302
14907.7906781302
14908.0642776575
14908.0642776575
14908.0642776575
14908.0642776575
14908.0642776575
14908.0642776575
14908.0642776575
14908.0642776575
14908.0642776575
14908.0642776575
14908.6753033393
14908.6753033393
14908.6753033393
14908.6753033393
14908.6753033393
14908.6753033393
14908.6753033393
14908.6753033393
14908.6753033393
14908.6753033393
14908.6753033393
14908.6753033393
14908.6753033393
14908.6753033393
14908.6753033393
14908.6753033393
14914.6579597677
14914.6579597677
14914.6579597677
14914.6579597677
14914.6579597677
14914.6579597677
14916.4480403222
14916.4480403222
14916.4480403222
14916.4480403222
14916.4480403222
14916.4480403222
14916.4480403222
14916.4480403222
14916.4480403222
14916.4480403222
14916.4480403222
14916.4480403222
14916.4480403222
14916.4480403222
14916.4480403222
14916.4480403222
14916.4480403222
14916.4480403222
14916.6592187277
14921.963083316

