10671.1474156667
12027.060652729
12362.9767599915
12469.8057831828
12519.523489241
12556.0280175539
12581.8457922621
12608.9295372771
12637.394481476
12641.8427613132
12664.1852840037
12686.0148299501
12721.9750729298
12726.4641041997
12740.4924525618
12767.2188828846
12774.9041196188
12786.3499473948
12798.5582944383
12824.7712148379
12825.0786566949
12825.0786566949
12849.5660538332
12860.7674583851
12860.8179342611
12860.9024928491
12861.8542276486
12886.4574126782
12890.0422157143
12908.3488687116
12925.6047010457
12926.467666404
12927.7661173222
12937.0091684297
12962.7429330093
12979.3643870443
12979.4874105756
12979.4874105756
13009.2194960632
13011.3982054873
13011.3982054873
13011.3982054873
13011.3982054873
13011.929454317
13013.3472851347
13013.8686154159
13015.3297341311
13015.4596480701
13015.5055169784
13031.403208459
13031.4186572901
13031.4186572901
13039.8711211412
13040.702928193
13052.7858264426
13054.2342316377
13061.3340021091
13061.3340021091
13061.3340021091
13061.3340021091
13072.4185012009
13072.4185012009
13072.4185012009
13072.4185012009
13083.7996702599
13084.4963909813
13084.4963909813
13084.5272455958
13084.6469011373
13084.6469011373
13087.4276063308
13087.5113419911
13087.5412384079
13087.5412384079
13087.5725202168
13087.5725202168
13087.579687656
13087.579687656
13087.579687656
13087.579687656
13087.579687656
13087.579687656
13105.9053086293
13106.0430631812
13106.1873690655
13109.7307190868
13109.8413211879
13109.8481700981
13110.9402738377
13113.2130743357
13116.9181201016
13117.0521223283
13117.9098463967
13118.0320899491
13118.0320899491
13118.0320899491
13118.0320899491
13118.0320899491
13118.0320899491
13122.0154700681
13122.11685192
13123.1791380555
13123.2613891466
13123.2613891466
13123.2613891466
13123.2613891466
13123.2613891466
13128.5860492294
13138.0207824798
13153.7143774664
13153.8164360093
13153.9290467833
13156.2025490834
13156.2025490834
13166.1055266808
13166.1385074496
13166.1385074496
13166.1385074496
13166.1490173099
13166.1490173099
13166.1490173099
13166.1490173099
13166.1490173099
13166.1490173099
13174.3832269863
13189.6791063135
13189.871245476
13189.9102153729
13189.9102153729
13189.982833816
13190.6975366331
13190.7566319707
13194.4877817516
13194.4877817516
13194.4877817516
13194.508492435
13197.8871380054
13197.8871380054
13197.8997436565
13205.5135236141
13205.5690154414
13205.5861793894
13205.5861793894
13205.5861793894
13205.5861793894
13205.5861793894
13205.5861793894
13207.7359704201
13207.8245159183
13207.8245159183
13207.8245159183
13207.8245159183
13207.8245159183
13207.8245159183
13208.0182756969
13208.0196168173
13208.0196168173
13208.0196168173
13208.0196168173
13222.6884650185
13222.879851973
13226.283692035
13226.283692035
13226.3679081028
13226.4487802257
13226.4487802257
13226.4487802257
13226.4487802257
13226.4487802257
13230.0755699311
13230.1077540524
13230.1077540524
13230.1128367277
13230.1217572246
13230.1282408438
13230.1282408438
13230.2008536382
13230.244132307
13230.2678542848
13230.2678542848
13230.2678542848
13230.2678542848
13230.2678542848
13237.7239255888
13237.7360429987
13237.7446118569
13237.7797255846
13237.7818113495
13241.1019505094
13241.2080014094
13241.2080014094
13241.2080014094
13241.2278747629
13241.2278747629
13241.2278747629
13241.2721908382
13241.2721908382
13241.2721908382
13241.2721908382
13241.2721908382
13241.2721908382
13241.2721908382
13244.8510017618
13244.8510017618
13244.8510017618
13244.859294346
13244.859294346
13246.8685885658
13246.8847424362
13246.9092754068
13246.9092754068
13246.9783173265
13246.9783173265
13246.9783173265
13259.1438853208
13259.1438853208
13259.1887497593
13259.1887497593
13259.2440036966
13259.2440036966
13268.9411040487
13268.9495553341
13268.9495553341
13275.4846554167
13275.5494074828
13275.575432253
13275.5815018457
13275.5815018457
13275.6558161294
13275.6558161294
13275.6558161294
13275.6558161294
13279.215288265
13281.0748377525
13281.0779958689
13281.1327314941
13281.1327314941
13281.1327314941
13281.1327314941
13281.1327314941
13281.1327314941
13281.1327314941
13281.1327314941
13281.1327314941
13281.1327314941
13281.1327314941
13281.1327314941
13281.1327314941
13281.1327314941
13281.1327314941
13281.1327314941
13281.1327314941
13281.1327314941
13281.1327314941
13281.1327314941
13290.9061852538
13290.962781229
13293.09922062
13293.1182099353
13293.1575813612
13293.1575813612
13293.1575813612
13293.1575813612
13293.1575813612
13293.1575813612
13293.1575813612
13293.8259577814
13293.910594234
13293.910594234
13293.910594234
13293.9682004293
13293.9682004293
13293.9682004293
13293.9682004293
13293.9682004293
13293.9682004293
13293.9682004293
13293.9682004293
13293.9682004293
13293.9682004293
13293.9682004293
13293.9682004293
13293.9682004293
13293.9682004293
13293.9682004293
13293.9682004293
13293.9682004293
13293.9682004293
13293.9682004293
13303.2809658209
13303.2809658209
13303.2809658209
13303.3061265488
13303.3061265488
13303.3061265488
13303.3061265488
13303.3061265488
13303.3061265488
13303.3061265488
13303.3061265488
13305.0734807354
13305.126734885
13305.126734885
13305.1535272198
13305.1535272198
13305.1535272198
13305.1535272198
13305.1535272198
13305.1535272198
13305.1535272198
13305.1535272198
13305.1535272198
13305.1535272198
13305.1535272198
13305.1535272198
13305.1535272198
13305.1535272198
13305.1535272198
13305.1535272198
13305.1535272198
13305.1535272198
13307.7835856101
13307.7835856101
13309.6645807186
13309.6645807186
13309.6645807186
13309.6645807186
13309.681374284
13317.3914968212
13317.3914968212
13317.3914968212
13317.3914968212
13317.3929361499
13317.3929361499
13317.3929361499
13317.3929361499
13317.3929361499
13317.3929361499
13317.3929361499
13317.3929361499
13317.3929361499
13317.3929361499
13317.3929361499
13317.3929361499
13320.5836842285
13320.5836842285
13320.8830682658
13320.8830682658
13320.8830682658
13320.8830682658
13320.8830682658
13320.8830682658
13320.8830682658
13320.8830682658
13320.8830682658
13320.8830682658
13320.8830682658
13320.8830682658
13320.8830682658
13320.8830682658
13320.8830682658
13320.8830682658
13320.8830682658
13320.8830682658
13323.1751088534
13323.1971715433
13323.1971715433
13323.2612867455
13325.160815233
13325.160815233
13325.160815233
13325.160815233
13325.160815233
13325.160815233
13325.160815233
13325.160815233
13325.160815233
13325.160815233
13325.160815233
13325.160815233
13325.160815233
13325.160815233
13325.160815233
13325.160815233
13325.160815233
13325.160815233
13331.0348214912
13331.0348214912
13331.0348214912
13331.0348214912
13331.0348214912
13331.0348214912
13331.0348214912
13331.0348214912
13331.0348214912
13331.0348214912
13331.0348214912
13331.0348214912
13331.0348214912
13331.0348214912
13331.0348214912
13331.0348214912
13331.0348214912
13331.0348214912
13331.0348214912
13331.0348214912
13331.0348214912
13331.0348214912
13331.0348214912
13331.0348214912
13331.0348214912
13331.0348214912
13331.0348214912
13331.0348214912
13331.0348214912
13331.0348214912
13331.0348214912
13331.0348214912
13331.0348214912
13331.0348214912
13331.0348214912
13331.0348214912
13331.0348214912
13335.3882331089
13335.3882331089
13335.4214074768
13335.4214074768
13335.4214074768
13335.4214074768
13335.4214074768
13335.4214074768
13335.4214074768
13335.4214074768
13335.4214074768
13335.4214074768
13335.4214074768
13335.4214074768
13335.4214074768
13335.4214074768
13335.4214074768
13335.4214074768
13342.2319585687
13343.7396080642
13343.8081252467
13343.8081252467
13343.8081252467
13346.0076479409
13346.0437027846
13346.0918031817
13346.0918031817
13346.0918031817
13346.0918031817
13346.0999624095
13346.0999624095
13346.0999624095
13351.6079453098
13351.6502682592
13351.6502682592
13351.6502682592
13351.6502682592
13351.6753634713
13351.6753634713
13351.6753634713
13351.6753634713
13351.6753634713
13351.6753634713
13351.6753634713
13351.6753634713
13351.6753634713
13351.6753634713
13351.6753634713
13361.2643167483
13361.2681606692
13361.2986616917
13361.2986616917
13361.2986616917
13361.2986616917
13361.2986616917
13361.2986616917
13361.2986616917
13361.2986616917
13361.2986616917
13361.2986616917
13361.2986616917
13361.2986616917
13361.2986616917
13361.2986616917
13361.2986616917
13361.2986616917
13361.2986616917
13361.2986616917
13365.406270003
13365.4408126103
13365.4408126103
13365.4904439518
13365.8870341767
13365.8882621204
13365.8882621204
13365.8882621204
13365.9147859698
13365.9147859698
13365.9147859698
13365.9147859698
13365.9147859698
13365.9147859698
13365.9147859698
13365.9147859698
13365.9147859698
13365.9147859698
13365.9147859698
13377.0032880979
13377.0690674895
13377.085877192
13377.1100779948
13377.1100779948
13377.1100779948
13377.1100779948
13377.1100779948
13377.1100779948
13377.1100779948
13377.1100779948
13377.1100779948
13377.1100779948
13377.1100779948
13377.1100779948
13377.1100779948
13377.1100779948
13377.1100779948
13377.1100779948
13377.1100779948
13377.1100779948
13377.1100779948
13377.1100779948
13377.1100779948
13377.1100779948
13377.1100779948
13377.1100779948
13377.1100779948
13377.1100779948
13377.1100779948
13377.1100779948
13377.1100779948
13377.1100779948
13379.9545685433
13380.0056420296
13380.0056420296
13380.0056420296
13380.0056420296
13380.0056420296
13380.0056420296
13380.0056420296
13380.0056420296
13380.0056420296
13380.0056420296
13380.0056420296
13380.0056420296
13380.0056420296
13380.0056420296
13380.0056420296
13380.0056420296
13380.0056420296
13380.0056420296
13380.0056420296
13380.0056420296
13380.0056420296
13392.0870543812
13392.1770526884
13392.1813507909
13392.1813507909
13392.1813507909
13392.1908746561
13392.1908746561
13392.1908746561
13392.1908746561
13392.1908746561
13393.9444274139
13393.9444274139
13396.4745978126
13396.5012243435
13396.5012243435
13396.5250587495
13396.5250587495
13396.5250587495
13396.5250587495
13396.5250587495
13396.5250587495
13396.5250587495
13396.5250587495
13396.5250587495
13396.5250587495
13405.9245171317
13405.9245171317
13405.9476505877
13405.963308092
13405.963308092
13405.9639115088
13405.9639115088
13405.9639115088
13405.9639115088
13405.9639115088
13405.9639115088
13405.9639115088
13405.9639115088
13405.9639115088
13405.9639115088
13405.9639115088
13405.9639115088
13405.9639115088
13405.9639115088
13405.9639115088
13405.9639115088
13412.88953555
13412.88953555
13412.88953555
13412.88953555
13412.9126449739
13419.152039677
13419.1905862319
13419.2176123666
13419.2176123666
13419.2176123666
13419.2176123666
13419.2176123666
13419.2176123666
13420.4125000805
13420.4450564962
13420.4627452973
13420.4627452973
13420.5012709982
13420.5362866953
13434.2508839446
13434.2550146242
13434.2600164877
13434.2757140477
13434.2869653768
13434.2869653768
13434.2869653768
13434.2869653768
13434.2869653768
13434.2869653768
13434.2869653768
13434.2869653768
13434.2869653768
13434.2869653768
13434.2869653768
13434.2869653768
13434.2869653768
13434.2869653768
13434.2869653768
13434.2869653768
13434.2869653768
13434.2869653768
13434.2869653768
13434.2869653768
13434.2869653768
13434.2869653768
13434.2869653768
13434.2869653768
13434.2869653768
13434.2869653768
13434.2869653768
13434.2869653768
13434.2869653768
13434.2869653768
13434.2869653768
13434.2869653768
13434.2869653768
13434.2869653768
13434.2869653768
13434.2869653768
13434.2869653768
13434.2869653768
13434.2869653768
13434.2869653768
13434.2869653768
13434.2869653768
13434.2869653768
13434.2869653768
13435.6455195867
13435.661496941
13435.661496941
13435.673031489
13435.6986893943
13435.6986893943
13435.6986893943
13435.6986893943
13435.6986893943
13437.1205510977
13437.1205510977
13437.1205510977
13437.1205510977
13437.1205510977
13437.1205510977
13437.1205510977
13437.1205510977
13437.1205510977
13437.1205510977
13437.1205510977
13439.3741457584
13439.3741457584
13439.3741457584
13439.4330514202
13445.4220626282
13445.6158001331
13445.6158001331
13445.6553432285
13445.6553432285
13445.6553432285
13445.6553432285
13445.6553432285
13449.8884583866
13449.9929313992
13449.9929313992
13449.9929313992
13449.9929313992
13449.9929313992
13449.9929313992
13449.9929313992
13449.9929313992
13449.9929313992
13449.9929313992
13449.9929313992
13449.9929313992
13449.9929313992
13449.9929313992
13449.9929313992
13449.9929313992
13449.9929313992
13449.9929313992
13449.9929313992
13449.9929313992
13449.9929313992
13449.9929313992
13449.9929313992
13449.9929313992
13449.9929313992
13449.9929313992
13449.9929313992
13449.9929313992
13449.9929313992
13449.9929313992
13449.9929313992
13449.9929313992
13449.9929313992
13449.9929313992
13449.9929313992
13449.9929313992
13449.9929313992
13449.9929313992
13449.9929313992
13449.9929313992
13449.9929313992
13449.9929313992
13449.9929313992
13449.9929313992
13449.9929313992
13449.9929313992
13449.9929313992
13449.9929313992
13450.9830600432
13450.9830600432
13451.0295497291
13451.0295497291
13451.0295497291
13451.0395456334
13451.0395456334
13451.0395456334
13451.0395456334
13451.0395456334
13451.0395456334
13451.0395456334
13451.0395456334
13451.0395456334
13454.7328522329
13454.7948334261
13454.8369855945
13454.8369855945
13454.8369855945
13454.8369855945
13454.8369855945
13454.8369855945
13454.8369855945
13454.8369855945
13454.8369855945
13454.8369855945
13454.8369855945
13454.8369855945
13456.4156543395
13456.421076192
13456.4463433511
13456.4463433511
13456.4463433511
13456.4463433511
13456.4463433511
13456.4463433511
13456.4463433511
13456.4463433511
13456.4463433511
13456.4463433511
13456.4463433511
13456.4463433511
13484.703260645
13484.703260645
13484.7162878265
13484.7257833085
13484.7357069508
13484.7357069508
13484.7357069508
13484.7357069508
13484.7357069508
13484.7357069508
13484.7357069508
13484.7357069508
13484.7357069508
13484.7357069508
13484.7357069508
13484.7357069508
13484.7357069508
13484.7357069508
13484.7357069508
13484.7357069508
13484.7357069508
13484.7357069508
13484.7357069508
13484.7357069508
13484.7357069508
13484.7357069508
13484.7357069508
13484.7357069508
13484.7357069508
13484.7357069508
13484.7357069508
13484.7357069508
13484.7357069508
13484.7357069508
13484.7357069508
13484.7357069508
13484.7357069508
13484.7357069508
13484.7357069508
13484.7357069508
13484.7357069508
13484.7357069508
13484.7357069508
13484.7357069508
13484.7357069508
13484.7357069508
13484.7357069508
13484.7357069508
13484.7357069508
13484.7357069508
13484.7357069508
13484.7357069508
13484.8535189555
13484.8535189555
13484.8594717209
13484.8594717209
13484.8814104469
13484.8814104469
13484.8814104469
13484.8814104469
13484.8814104469
13484.8814104469
13484.8814104469
13484.8814104469
13484.8814104469
13484.8814104469
13486.7307089637
13486.8079823829
13486.8079823829
13486.8079823829
13486.8079823829
13486.8079823829
13486.8079823829
13486.8079823829
13486.8079823829
13486.8079823829
13486.8079823829
13486.8079823829
13486.8079823829
13486.8079823829
13486.8079823829
13486.8079823829
13492.1468174254
13492.1619400153
13492.1619400153
13492.1619400153
13492.1619400153
13492.1619400153
13492.1619400153
13492.1619400153
13492.1619400153
13492.8619733251
13492.8619733251
13492.8619733251
13492.8619733251
13497.411909993
13497.5054503289
13497.5054503289
13497.5322132848
13497.5322132848
13497.5322132848
13497.5322132848
13497.5322132848
13497.5322132848
13497.5322132848
13497.5322132848
13497.5322132848
13497.5322132848
13497.5322132848
13497.5322132848
13497.5322132848
13497.5322132848
13497.5322132848
13497.5322132848
13497.5322132848
13497.5322132848
13497.5322132848
13497.5322132848
13497.5322132848
13497.5322132848
13497.5322132848
13497.5322132848
13497.5322132848
13497.5322132848
13497.5322132848
13497.5322132848
13497.5322132848
13497.5322132848
13497.5322132848
13497.5322132848
13497.5322132848
13498.1138831563
13498.1138831563
13498.1138831563
13498.1597119599
13498.1597119599
13498.1597119599
13498.1597119599
13498.1597119599
13498.1597119599
13498.1597119599
13498.1597119599
13498.1597119599
13498.1597119599
13498.1597119599
13498.1597119599
13498.1597119599
13498.1597119599
13498.1597119599
13498.1597119599
13498.1597119599
13498.1597119599
13498.1597119599
13498.1597119599
13498.1597119599
13498.1597119599
13498.1597119599
13498.1597119599
13498.1597119599
13498.1597119599
13498.1597119599
13498.1597119599
13498.1597119599
13498.1597119599
13498.1597119599
13498.1597119599
13498.1597119599
13498.1597119599
13498.1597119599
13498.1597119599
13498.1597119599
13498.1597119599
13498.1597119599
13498.1597119599
13498.1597119599
13498.1597119599
13498.1597119599
13498.1597119599
13498.1597119599
13498.9513383552
13499.0712282529
13499.1186360303
13499.1186360303
13499.1186360303
13499.1186360303
13499.145251161
13499.145251161
13499.145251161
13499.145251161
13499.145251161
13499.145251161
13499.145251161
13499.145251161
13499.145251161
13499.145251161
13499.145251161
13499.145251161
13499.145251161
13500.5854604532
13500.6097414743
13500.6097414743
13500.6097414743
13500.6097414743
13500.6097414743
13500.6416448551
13500.6416448551
13500.6416448551
13500.6416448551
13500.6416448551
13500.6416448551
13500.6416448551
13500.6416448551
13504.2528645028
13504.2528645028
13504.2528645028
13504.2528645028
13504.2528645028
13504.2528645028
13504.2528645028
13504.2528645028
13505.4220576776
13505.4220576776
13505.4220576776
13505.4220576776
13505.4220576776
13505.4220576776
13505.4220576776
13505.4220576776
13505.4220576776
13520.0368869283
13520.0517011785
13520.0636460561
13520.1152934489
13520.1152934489
13520.1152934489
13520.1152934489
13520.1152934489
13520.1152934489
13520.1152934489
13520.1152934489
13520.1152934489
13520.1152934489
13520.1152934489
13520.1152934489
13520.1152934489
13520.1152934489
13520.1152934489
13520.1152934489
13520.1152934489
13520.1152934489
13520.1152934489
13520.1152934489
13520.1152934489
13520.1152934489
13520.1152934489
13520.1152934489
13520.1152934489
13520.1152934489
13520.1152934489
13520.1152934489
13520.1152934489
13520.1152934489
13520.1152934489
13520.1152934489
13520.1152934489
13520.1152934489
13520.1152934489
13520.1152934489
13520.1152934489
13520.1152934489
13520.1152934489
13520.1152934489
13520.1152934489
13520.1152934489
13520.1152934489
13520.1152934489
13520.1152934489
13520.1152934489
13520.1152934489
13520.1152934489
13520.1152934489
13520.1152934489
13520.1152934489
13520.1152934489
13520.1152934489
13520.1152934489
13520.1152934489
13520.1152934489
13520.1152934489
13520.1152934489
13520.1152934489
13520.1152934489
13520.1152934489
13520.1152934489
13520.1152934489
13520.1152934489
13520.1152934489
13520.1152934489
13520.1152934489
13520.1152934489
13520.1152934489
13520.1152934489
13520.1152934489
13520.1152934489
13520.1152934489
13520.1152934489
13520.1152934489
13520.1152934489
13520.1152934489
13520.1152934489
13520.1152934489
13520.1152934489
13520.1152934489
13520.1152934489
13520.1152934489
13520.1152934489
13520.1152934489
13520.1152934489
13520.1152934489
13520.1152934489
13520.1152934489
13520.1152934489
13520.1152934489
13520.1152934489
13520.1152934489
13520.1152934489
13520.1152934489
13520.1152934489
13520.1152934489
13520.1152934489
13520.1152934489
13520.1152934489
13520.1152934489
13520.1152934489
13520.1152934489
13520.1152934489
13520.1152934489
13520.1152934489
13520.1152934489
13520.1152934489
13520.1152934489
13520.1152934489
13520.1152934489
13520.1152934489
13520.1152934489
13520.1152934489
13520.1152934489
13520.1152934489
13520.1152934489
13520.1152934489
13520.1152934489
13520.1152934489
13520.1152934489
13520.1152934489
13520.1152934489
13520.1152934489
13520.1152934489
13520.1152934489
13520.1152934489
13520.1152934489
13520.1152934489
13520.1152934489
13520.1152934489
13520.1152934489
13520.1152934489
13520.1152934489
13520.1152934489
13523.1649644782
13523.1649644782
13523.1842970145
13523.1842970145
13523.1842970145
13523.1842970145
13523.1842970145
13523.1842970145
13523.1842970145
13523.1842970145
13523.1842970145
13523.1842970145
13523.1842970145
13530.9764043709
13530.9764043709
13530.9764043709
13530.9764043709
13530.9764043709
13530.9764043709
13530.9764043709
13530.9764043709
13530.9764043709
13530.9764043709
13530.9764043709
13530.9764043709
13530.9764043709
13530.9764043709
13530.9764043709
13530.9764043709
13530.9764043709
13530.9764043709
13530.9764043709
13530.9764043709
13530.9764043709
13530.9764043709
13530.9764043709
13530.9764043709
13530.9764043709
13530.9764043709
13530.9764043709
13530.9764043709
13530.9764043709
13530.9764043709
13530.9764043709
13530.9764043709
13530.9764043709
13530.9764043709
13530.9764043709
13530.9764043709
13530.9764043709
13530.9764043709
13530.9764043709
13530.9764043709
13530.9764043709
13530.9764043709
13530.9764043709
13530.9764043709
13530.9764043709
13530.9764043709
13530.9764043709
13530.9764043709
13530.9764043709
13530.9764043709
13530.9764043709
13530.9764043709
13530.9764043709
13530.9764043709
13530.9764043709
13530.9764043709
13530.9764043709
13530.9764043709
13530.9764043709
13530.9764043709
13530.9764043709
13530.9764043709
13530.9764043709
13530.9764043709
13530.9764043709
13530.9764043709
13530.9764043709
13530.9764043709
13530.9764043709
13530.9764043709
13530.9764043709
13530.9764043709
13530.9764043709
13530.9764043709
13530.9764043709
13530.9764043709
13530.9764043709
13530.9764043709
13530.9764043709
13530.9764043709
13530.9764043709
13530.9764043709
13530.9764043709
13530.9764043709
13530.9764043709
13540.6516771162
13540.6772540088
13540.6772540088
13540.6772540088
13540.6863218826
13540.6972415754
13540.6972415754
13540.6972415754
13540.6972415754
13540.6972415754
13540.6972415754
13540.6972415754
13540.6972415754
13540.6972415754
13540.6972415754
13540.6972415754
13540.6972415754
13540.6972415754
13540.6972415754
13540.6972415754
13540.6972415754
13540.6972415754
13540.6972415754
13540.6972415754
13540.6972415754
13540.6972415754
13540.6972415754
13540.6972415754
13540.6972415754
13540.6972415754
13540.6972415754
13540.6972415754
13540.6972415754
13540.6972415754
13540.6972415754
13540.6972415754
13540.6972415754
13540.6972415754
13540.6972415754
13540.6972415754
13540.6972415754
13540.6972415754
13540.6972415754
13540.6972415754
13541.1798494744
13541.2338274589
13541.2488586461
13541.2488586461
13541.2488586461
13541.2488586461
13541.2488586461
13541.2488586461
13541.2488586461
13545.8093204956
13545.989262943
13545.989262943
13545.989262943
13545.989262943
13545.989262943
13545.989262943
13545.989262943
13545.989262943
13545.989262943
13545.989262943
13545.989262943
13545.989262943
13545.989262943
13545.989262943
13545.989262943
13545.989262943
13545.989262943
13545.989262943
13545.989262943
13545.989262943
13545.989262943
13545.989262943
13545.989262943
13545.989262943
13545.989262943
13545.989262943
13545.989262943
13545.989262943
13545.989262943
13545.989262943
13545.989262943
13545.989262943
13545.989262943
13545.989262943
13545.989262943
13545.989262943
13545.989262943
13545.989262943
13545.989262943
13545.989262943
13545.989262943
13545.989262943
13545.989262943
13545.989262943
13545.989262943
13545.989262943
13545.989262943
13545.989262943
13545.989262943
13545.989262943
13545.989262943
13545.989262943
13545.989262943
13545.989262943
13545.989262943
13545.989262943
13545.989262943
13545.989262943
13545.989262943
13545.989262943
13545.989262943
13545.989262943
13545.989262943
13545.989262943
13545.989262943
13545.989262943
13545.989262943
13545.989262943
13545.989262943
13545.989262943
13545.989262943
13545.989262943
13545.989262943
13545.989262943
13545.989262943
13545.989262943
13545.989262943
13545.989262943
13555.9689148743
13556.0133438936
13556.0492640785
13556.0492640785
13556.0492640785
13556.0492640785
13556.0492640785
13556.0492640785
13556.0492640785
13556.0492640785
13556.0492640785
13556.0492640785
13556.0492640785
13556.0492640785
13556.0492640785
13556.0492640785
13556.0492640785
13556.0492640785
13556.0492640785
13556.0492640785
13556.0492640785
13556.0492640785
13556.0492640785
13556.0492640785
13556.0492640785
13556.0492640785
13556.0492640785
13556.0492640785
13556.0492640785
13556.0492640785
13556.0492640785
13556.0492640785
13556.0492640785
13556.0492640785
13556.0492640785
13556.0492640785
13556.0492640785
13556.0492640785
13556.0492640785
13556.0492640785
13556.0492640785
13556.0492640785
13556.0492640785
13556.0492640785
13556.0492640785
13556.0492640785
13556.0492640785
13556.0492640785
13556.0492640785
13556.0492640785
13556.0492640785
13556.0492640785
13556.0492640785
13556.0492640785
13556.0492640785
13556.0492640785
13556.0492640785
13556.0492640785
13556.0492640785
13556.0492640785
13556.0492640785
13556.0492640785
13556.0492640785
13556.0492640785
13558.3504636092
13558.3588149026
13558.3859675473
13558.427200837
13558.4415721458
13558.4415721458
13558.4415721458
13558.4415721458
13558.4415721458
13558.4415721458
13558.4415721458
13558.4415721458
13558.4415721458
13558.4415721458
13558.4415721458
13558.4415721458
13558.4415721458
13558.4415721458
13558.4415721458
13558.4415721458
13558.4415721458
13558.4415721458
13558.4415721458
13558.4415721458
13558.4415721458
13558.4415721458
13558.4415721458
13558.4415721458
13558.4415721458
13558.4415721458
13558.4415721458
13558.4415721458
13558.4415721458
13558.4415721458
13558.4415721458
13558.4415721458
13558.4415721458
13558.4415721458
13558.4415721458
13558.4415721458
13558.4415721458
13558.4415721458
13558.4415721458
13558.4415721458
13558.4415721458
13558.4415721458
13558.4415721458
13558.4415721458
13558.4415721458
13558.4415721458
13558.4415721458
13558.4415721458
13558.4415721458
13558.4415721458
13558.4415721458
13558.4415721458
13558.4415721458
13558.4415721458
13558.4415721458
13558.4415721458
13558.4415721458
13558.4415721458
13558.4415721458
13558.4415721458
13558.4415721458
13558.4415721458
13558.4415721458
13558.4415721458
13558.4415721458
13558.4415721458
13558.4415721458
13558.4415721458
13558.4415721458
13558.4415721458
13558.4415721458
13558.4415721458
13558.4415721458
13558.4415721458
13558.4415721458
13558.4415721458
13558.4415721458
13558.4415721458
13558.4415721458
13558.4415721458
13558.4415721458
13558.4415721458
13558.4415721458
13558.4415721458
13560.8638842702
13560.8638842702
13560.8684584801
13560.8684584801
13560.8684584801
13560.8684584801
13560.8684584801
13560.8684584801
13560.8684584801
13560.8684584801
13560.8684584801
13560.8684584801
13560.8684584801
13560.8684584801
13560.8684584801
13560.8684584801
13560.8684584801
13560.8684584801
13560.8684584801
13560.8684584801
13560.8684584801
13560.8684584801
13560.8684584801
13560.8684584801
13560.8684584801
13560.8684584801
13560.8684584801
13560.8684584801
13560.8684584801
13560.8684584801
13560.8684584801
13560.8684584801
13560.8684584801
13560.8684584801
13560.8684584801
13560.8684584801
13560.8684584801
13560.8684584801
13560.8684584801
13560.8684584801
13560.8684584801
13560.8684584801
13560.8684584801
13560.8684584801
13560.8684584801
13560.8684584801
13560.8684584801
13560.8684584801
13560.8684584801
13560.8684584801
13560.8684584801
13560.8684584801
13560.8684584801
13560.8684584801
13560.8684584801
13560.8684584801
13560.8684584801
13560.8684584801
13560.8684584801
13560.8684584801
13560.8684584801
13560.8684584801
13560.8684584801
13560.8684584801
13560.8684584801
13560.8684584801
13560.8684584801
13560.8684584801
13560.8684584801
13560.8684584801
13560.8684584801
13560.8684584801
13560.8684584801
13560.8684584801
13560.8684584801
13560.8684584801
13560.8684584801
13560.8684584801
13560.8684584801
13560.8684584801
13560.8684584801
13560.8684584801
13560.8684584801
13560.8684584801
13560.8684584801
13560.8684584801
13560.8684584801
13560.8684584801
13560.8684584801
13560.8684584801
13560.8684584801
13560.8684584801
13560.8684584801
13560.8684584801
13560.8684584801
13560.8684584801
13560.8684584801
13560.8684584801
13560.8684584801
13560.8684584801
13560.8684584801
13560.8684584801
13560.8684584801
13560.8684584801
13560.8684584801
13560.8684584801
13560.8684584801
13560.8684584801
13560.8684584801
13560.8684584801
13560.8684584801
13560.8684584801
13560.8684584801
13560.8684584801
13560.8684584801
13560.8684584801
13560.8684584801
13560.8684584801
13560.8684584801
13560.8684584801
13560.8684584801
13560.8684584801
13560.8684584801
13560.8684584801
13560.8684584801
13560.8684584801
13560.8684584801
13560.8684584801
13560.8684584801
13560.8684584801
13560.8684584801
13560.8684584801
13560.8684584801
13560.8684584801
13560.8684584801
13560.8684584801
13560.8684584801
13560.8684584801
13560.8684584801
13560.8684584801
13560.8684584801
13560.8684584801
13560.8684584801
13560.8684584801
13560.8684584801
13560.8684584801
13560.8684584801
13560.8684584801
13560.8684584801
13560.8684584801
13560.8684584801
13560.8684584801
13560.8684584801
13560.8684584801
13560.8684584801
13560.8684584801
13560.8684584801
13560.8684584801
13560.8684584801
13560.8684584801
13560.8684584801
13560.8684584801
13560.8684584801
13560.8684584801
13560.8684584801
13560.8684584801
13560.8684584801
13560.8684584801
13560.8684584801
13560.8684584801
13560.8684584801
13560.8684584801
13560.8684584801
13560.8684584801
13560.8684584801
13560.8684584801
13560.9177980826
13561.0391697816
13561.0561139794
13561.0561139794
13561.0561139794
13561.0561139794
13561.0561139794
13561.7243753751
13561.7496227023
13561.7496227023
13561.7496227023
13561.7496227023
13561.7496227023
13561.7496227023
13561.7496227023
13561.7496227023
13561.7496227023
13561.7496227023
13561.7496227023
13561.7496227023
13561.7496227023
13561.7496227023
13561.7496227023
13561.7496227023
13561.7496227023
13561.7496227023
13561.7496227023
13561.7496227023
13561.7496227023
13561.7496227023
13561.7496227023
13561.7496227023
13561.7496227023
13561.7496227023
13561.7496227023
13561.7496227023
13561.7496227023
13561.7496227023
13561.7496227023
13561.7496227023
13561.7496227023
13561.7496227023
13561.7496227023
13561.7496227023
13561.7496227023
13561.7496227023
13561.7496227023
13561.7496227023
13561.7496227023
13561.7496227023
13561.7496227023
13561.7496227023
13561.7496227023
13561.7496227023
13561.7496227023
13561.7496227023
13561.7496227023
13561.7496227023
13561.7496227023
13564.3241253043
13564.3616002417
13564.3706611456
13564.4392518842
13564.4392518842
13564.4392518842
13564.4392518842
13564.4392518842
13564.4392518842
13564.4392518842
13567.7854671562
13567.787921293
13567.82298304
13567.82298304
13567.82298304
13567.82298304
13567.82298304
13567.82298304
13567.82298304
13567.82298304
13567.82298304
13567.82298304
13567.82298304
13567.82298304
13567.82298304
13567.82298304
13567.82298304
13567.82298304
13567.82298304
13567.82298304
13574.9024672976
13574.9049521916
13574.9531216251
13574.9651959962
13574.9651959962
13574.9651959962
13574.9651959962
13574.9651959962
13574.9651959962
13574.9651959962
13574.9651959962
13574.9651959962
13574.9651959962
13574.9651959962
13574.9651959962
13574.9651959962
13574.9651959962
13574.9651959962
13574.9651959962
13574.9651959962
13574.9651959962
13574.9651959962
13574.9651959962
13574.9651959962
13574.9651959962
13574.9651959962
13574.9651959962
13574.9651959962
13574.9651959962
13574.9651959962
13574.9651959962
13574.9651959962
13574.9651959962
13574.9651959962
13574.9651959962
13574.9651959962
13576.7981626346
13576.8243539896
13576.8243539896
13576.8243539896
13576.8605392762
13576.8605392762
13576.8605392762
13576.8605392762
13576.8605392762
13576.8605392762
13576.8605392762
13576.8605392762
13576.8605392762
13576.8605392762
13576.8605392762
13576.8605392762
13576.8605392762
13576.8605392762
13576.8605392762
13576.8605392762
13576.8605392762
13576.8605392762
13576.8605392762
13576.8605392762
13576.8605392762
13576.8605392762
13576.8605392762
13576.8605392762
13576.8605392762
13576.8605392762
13576.8605392762
13576.8605392762
13576.8605392762
13576.8605392762
13576.8605392762
13576.8605392762
13576.8605392762
13576.8605392762
13576.8605392762
13576.8605392762
13576.8605392762
13576.8605392762
13576.8605392762
13576.8605392762
13576.8605392762
13576.8605392762
13576.8605392762
13576.8605392762
13576.8605392762
13576.8605392762
13576.8605392762
13576.8605392762
13576.8605392762
13576.8605392762
13576.8605392762
13579.2114040918
13579.2404353445
13579.2589013848
13579.2589013848
13579.2589013848
13579.2589013848
13579.2589013848
13579.2589013848
13579.2589013848
13579.2589013848
13579.2589013848
13579.2589013848
13579.2589013848
13579.2589013848
13579.2589013848
13579.2589013848
13579.2589013848
13579.2589013848
13579.2589013848
13579.2589013848
13579.2589013848
13579.2589013848
13579.2589013848
13579.2589013848
13579.2589013848
13579.2589013848
13579.2589013848
13579.2589013848
13579.2589013848
13579.2589013848
13579.2589013848
13579.2589013848
13579.2589013848
13579.2589013848
13579.2589013848
13579.2589013848
13579.2589013848
13579.2589013848
13579.2589013848
13579.2589013848
13579.2589013848
13579.2589013848
13579.2589013848
13579.2589013848
13579.2589013848
13579.2589013848
13579.2589013848
13579.2589013848
13579.2589013848
13579.2589013848
13579.2589013848
13579.2589013848
13579.2589013848
13579.2589013848
13579.2589013848
13579.2589013848
13579.2589013848
13579.2589013848
13579.2589013848
13579.2589013848
13579.2589013848
13579.2589013848
13579.2589013848
13579.2589013848
13579.2589013848
13579.2589013848
13579.2589013848
13579.2589013848
13579.2589013848
13579.2589013848
13579.2589013848
13579.2589013848
13579.2589013848
13579.2589013848
13579.2589013848
13579.2589013848
13579.2589013848
13579.2589013848
13579.2589013848
13579.2589013848
13579.2589013848
13579.2589013848
13579.2589013848
13579.2589013848
13579.2589013848
13579.2589013848
13579.2589013848
13579.2589013848
13579.2589013848
13579.2589013848
13579.2589013848
13579.2589013848
13579.2589013848
13579.2589013848
13579.2589013848
13579.2589013848
13579.2589013848
13579.2589013848
13579.2589013848
13579.2589013848
13579.2589013848
13579.2589013848
13579.2589013848
13579.2589013848
13579.2589013848
13579.2589013848
13579.2589013848
13579.2589013848
13579.2589013848
13579.2589013848
13579.2589013848
13579.2589013848
13579.2589013848
13579.2589013848
13579.2589013848
13579.2589013848
13579.2589013848
13579.2589013848
13579.2589013848
13579.2589013848
13579.2589013848
13579.2589013848
13579.2589013848
13579.2589013848
13579.2589013848
13579.2589013848
13579.2589013848
13579.2589013848
13579.2589013848
13579.2589013848
13579.2589013848
13579.2589013848
13579.2589013848
13579.2589013848
13579.2589013848
13579.2589013848
13579.2589013848
13579.2589013848
13579.2589013848
13579.2589013848
13579.2589013848
13579.2589013848
13579.2589013848
13579.2589013848
13579.2589013848
13579.2589013848
13579.4969641441
13579.6130053296
13579.6130053296
13579.6424084209
13579.6424084209
13579.654647478
13579.654647478
13579.654647478
13579.654647478
13579.654647478
13579.654647478
13579.654647478
13579.654647478
13579.654647478
13579.654647478
13579.654647478
13579.654647478
13579.654647478
13579.654647478
13579.654647478
13579.654647478
13579.654647478
13579.654647478
13579.654647478
13579.654647478
13579.654647478
13579.654647478
13579.654647478
13579.654647478
13579.654647478
13579.654647478
13579.654647478
13579.654647478
13579.654647478
13579.654647478
13579.654647478
13579.654647478
13579.654647478
13579.654647478
13579.654647478
13579.654647478
13579.654647478
13579.654647478
13579.654647478
13579.654647478
13579.654647478
13579.654647478
13579.654647478
13579.654647478
13579.654647478
13579.654647478
13579.654647478
13579.654647478
13579.654647478
13579.654647478
13579.654647478
13579.654647478
13579.654647478
13579.654647478
13579.654647478
13579.654647478
13579.654647478
13583.9344665695
13583.94394328
13583.9709126641
13584.0131625548
13584.0131625548
13584.0131625548
13584.0131625548
13584.0131625548
13584.0131625548
13584.0131625548
13584.0131625548
13584.0131625548
13584.0131625548
13584.0131625548
13584.0131625548
13584.0131625548
13584.0131625548
13584.0131625548
13584.0131625548
13584.0131625548
13584.0131625548
13584.0131625548
13584.0131625548
13584.0131625548
13584.0131625548
13584.0131625548
13584.0131625548
13584.0131625548
13584.0131625548
13584.0131625548
13584.0131625548
13584.0131625548
13584.0131625548
13584.0131625548
13584.0131625548
13584.0131625548
13584.0131625548
13584.0131625548
13584.0131625548
13584.0131625548
13584.0131625548
13584.0131625548
13584.0131625548
13584.0131625548
13584.0131625548
13584.0131625548
13584.0131625548
13584.0131625548
13584.0131625548
13584.0131625548
13584.0131625548
13584.0131625548
13584.0131625548
13584.0131625548
13584.0131625548
13584.0131625548
13584.0131625548
13584.0131625548
13584.0131625548
13584.0131625548
13584.0131625548
13584.0131625548
13588.5497401776
13588.5849365075
13588.6764020723
13588.6764020723
13588.6764020723
13588.6764020723
13588.6764020723
13588.6764020723
13588.6764020723
13588.6764020723
13588.6764020723
13588.6764020723
13588.6764020723
13588.6764020723
13588.6764020723
13588.6764020723
13588.6764020723
13588.6764020723
13588.6764020723
13588.6764020723
13588.6764020723
13588.6764020723
13588.6764020723
13588.6764020723
13588.6764020723
13588.6764020723
13588.6764020723
13588.6764020723
13588.6764020723
13588.6764020723
13588.6764020723
13588.6764020723
13588.6764020723
13588.6764020723
13588.6764020723
13588.6764020723
13588.6764020723
13588.6764020723
13588.6764020723
13588.6764020723
13588.6764020723
13588.6764020723
13588.6764020723
13588.6764020723
13588.6764020723
13588.6764020723
13588.6764020723
13588.6764020723
13588.6764020723
13588.6764020723
13588.6764020723
13588.6764020723
13588.6764020723
13588.6764020723
13588.6764020723
13588.6764020723
13601.531644138
13601.5628917761
13601.5628917761
13601.5699744204
13601.5699744204
13601.5699744204
13601.5699744204
13601.5699744204
13601.5699744204
13601.5699744204
13601.5699744204
13601.5699744204
13601.5699744204
13601.5699744204
13601.5699744204
13601.5699744204
13601.5699744204
13601.5699744204
13601.5699744204
13601.5699744204
13601.5699744204
13601.5699744204
13601.5699744204
13601.5699744204
13601.5699744204
13601.5699744204
13601.5699744204
13601.5699744204
13601.5699744204
13601.5699744204
13601.5699744204
13601.5699744204
13601.5699744204
13601.5699744204
13601.5699744204
13601.5699744204
13601.5699744204
13601.5699744204
13601.5699744204
13601.5699744204
13601.5699744204
13601.5699744204
13601.5699744204
13601.5699744204
13601.5699744204
13601.5699744204
13601.5699744204
13601.5699744204
13601.5699744204
13601.5699744204
13601.5699744204
13601.5699744204
13601.5699744204
13601.5699744204
13601.5699744204
13601.5699744204
13601.5699744204
13601.5699744204
13601.5699744204
13601.5699744204
13601.5699744204
13601.5699744204
13603.8501804663
13603.8501804663
13603.9182974991
13603.9211700622
13603.9211700622
13603.9300611896
13603.9300611896
13603.9300611896
13603.9300611896
13603.9300611896
13603.9300611896
13603.9300611896
13603.9300611896
13603.9300611896
13603.9300611896
13603.9300611896
13603.9300611896
13603.9300611896
13603.9300611896
13603.9300611896
13603.9300611896
13603.9300611896
13603.9300611896
13603.9300611896
13603.9300611896
13603.9300611896
13603.9300611896
13603.9300611896
13603.9300611896
13603.9300611896
13603.9300611896
13603.9300611896
13603.9300611896
13603.9300611896
13603.9300611896
13603.9300611896
13603.9300611896
13603.9300611896
13603.9300611896
13603.9300611896
13603.9300611896
13603.9300611896
13603.9300611896
13603.9300611896
13603.9300611896
13603.9300611896
13603.9300611896
13603.9300611896
13603.9300611896
13603.9300611896
13603.9300611896
13603.9300611896
13603.9300611896
13603.9300611896
13603.9300611896
13603.9300611896
13603.9300611896
13603.9300611896
13603.9300611896
13603.9300611896
13603.9300611896
13603.9300611896
13603.9300611896
13603.9300611896
13603.9300611896
13603.9300611896
13603.9300611896
13603.9300611896
13603.9300611896
13603.9300611896
13603.9300611896
13603.9300611896
13603.9300611896
13603.9300611896
13603.9300611896
13603.9300611896
13603.9300611896
13603.9300611896
13603.9300611896
13603.9300611896
13603.9300611896
13603.9300611896
13603.9300611896
13603.9300611896
13603.9300611896
13603.9300611896
13604.1901937676
13604.2315251163
13604.243136475
13604.2857371031
13604.2857371031
13604.2903592266
13606.2243043299
13606.2243043299
13606.2243043299
13606.2243043299
13607.6992868577
13607.6992868577
13607.7108195218
13607.7387337454
13607.7533890727
13607.7533890727
13607.7533890727
13607.7533890727
13607.7533890727
13607.7533890727
13607.7533890727
13607.7533890727
13607.7533890727
13607.7533890727
13607.7533890727
13607.7533890727
13607.7533890727
13607.7533890727
13607.7533890727
13607.7533890727
13607.7533890727
13607.7533890727
13607.7533890727
13607.7533890727
13607.7533890727
13607.7533890727
13607.7533890727
13607.7533890727
13607.7533890727
13607.7533890727
13607.7533890727
13607.7533890727
13607.7533890727
13607.7533890727
13607.7533890727
13607.7533890727
13607.7533890727
13607.7533890727
13607.7533890727
13607.7533890727
13607.7533890727
13607.7533890727
13607.7533890727
13607.7533890727
13607.7533890727
13607.7533890727
13607.7533890727
13607.7533890727
13607.7533890727
13607.7533890727
13607.7533890727
13607.7533890727
13607.7533890727
13607.7533890727
13607.7533890727
13607.7533890727
13607.7533890727
13607.7533890727
13607.7533890727
13607.7533890727
13608.9327966725
13609.0213009193
13609.0696226378
13609.0696226378
13609.0696226378
13609.0904818568
13609.0904818568
13609.0904818568
13609.0904818568
13609.0904818568
13609.0904818568
13609.10707739
13609.10707739
13609.10707739
13609.10707739
13609.10707739
13609.10707739
13609.10707739
13609.10707739
13609.10707739
13609.10707739
13609.10707739
13609.10707739
13609.10707739
13609.10707739
13609.10707739
13609.10707739
13609.10707739
13609.10707739
13609.10707739
13609.10707739
13609.10707739
13609.10707739
13609.10707739
13609.10707739
13609.10707739
13609.10707739
13609.10707739
13609.10707739
13609.10707739
13609.10707739
13609.10707739
13609.10707739
13609.10707739
13609.10707739
13609.10707739
13609.10707739
13609.10707739
13609.10707739
13609.10707739
13609.10707739
13609.10707739
13609.10707739
13609.10707739
13609.10707739
13609.10707739
13609.10707739
13609.10707739
13609.10707739
13609.10707739
13609.10707739
13609.10707739
13609.10707739
13609.10707739
13609.10707739
13609.10707739
13609.10707739
13609.10707739
13609.10707739
13609.10707739
13609.10707739
13609.10707739
13609.10707739
13609.10707739
13609.10707739
13609.10707739
13609.10707739
13609.10707739
13609.10707739
13609.10707739
13609.10707739
13609.10707739
13609.10707739
13609.10707739
13609.10707739
13609.10707739
13609.10707739
13609.10707739
13609.10707739
13609.10707739
13609.10707739
13609.10707739
13609.10707739
13609.10707739
13609.10707739
13609.10707739
13609.10707739
13609.10707739
13609.10707739
13609.10707739
13609.10707739
13609.10707739
13609.10707739
13609.10707739
13609.10707739
13609.10707739
13609.10707739
13609.10707739
13609.10707739
13609.10707739
13609.10707739
13609.10707739
13609.10707739
13609.10707739
13609.10707739
13609.10707739
13609.10707739
13609.10707739
13609.10707739
13609.10707739
13609.10707739
13609.10707739
13609.10707739
13609.10707739
13609.10707739
13609.10707739
13609.10707739
13609.10707739
13609.10707739
13609.10707739
13609.10707739
13609.10707739
13609.10707739
13609.10707739
13609.10707739
13609.10707739
13609.10707739
13609.10707739
13609.10707739
13609.10707739
13609.10707739
13609.10707739
13609.10707739
13609.10707739
13609.10707739
13609.10707739
13609.10707739
13609.10707739
13609.10707739
13609.10707739
13609.10707739
13609.10707739
13609.10707739
13609.10707739
13609.10707739
13609.10707739
13609.10707739
13609.10707739
13609.10707739
13609.10707739
13609.10707739
13609.10707739
13609.10707739
13609.10707739
13609.10707739
13609.10707739
13609.10707739
13609.10707739
13609.10707739
13621.58562391
13621.6674529874
13626.4345298458
13626.4379184976
13626.4818082309
13626.4818082309
13626.4818082309
13626.4818082309
13626.4818082309
13626.4818082309
13626.4818082309
13626.4818082309
13626.4818082309
13626.4818082309
13626.4818082309
13626.4818082309
13626.4818082309
13626.4818082309
13626.4818082309
13626.4818082309
13626.4818082309
13626.4818082309
13626.4818082309
13626.4818082309
13626.4818082309
13626.4818082309
13626.4818082309
13626.4818082309
13626.4818082309
13626.4818082309
13626.4818082309
13626.4818082309
13626.4818082309
13626.4818082309
13626.4818082309
13626.4818082309
13626.4818082309
13626.4818082309
13626.4818082309
13626.4818082309
13626.4818082309
13626.4818082309
13626.4818082309
13626.4818082309
13626.4818082309
13626.4818082309
13626.4818082309
13626.4818082309
13626.4818082309
13626.4818082309
13626.4818082309
13626.4818082309
13626.4818082309
13626.4818082309
13626.4818082309
13626.4818082309
13626.4818082309
13626.4818082309
13626.4818082309
13626.4818082309
13626.4818082309
13626.4818082309
13626.4818082309
13626.4818082309
13626.4818082309
13626.4818082309
13626.4818082309
13626.4818082309
13626.4818082309
13626.4818082309
13626.4818082309
13626.4818082309
13626.4818082309
13626.4818082309
13626.4818082309
13626.4818082309
13626.4818082309
13626.4818082309
13626.4818082309
13626.4818082309
13626.4818082309
13626.4818082309
13626.4818082309
13626.4818082309
13626.4818082309
13626.4818082309
13626.4818082309
13626.4818082309
13626.4818082309
13626.4818082309
13626.4818082309
13626.4818082309
13626.4818082309
13626.4818082309
13626.4818082309
13626.4818082309
13626.4818082309
13626.4818082309
13626.4818082309
13626.4818082309
13626.4818082309
13626.4818082309
13626.4818082309
13626.4818082309
13626.4818082309
13626.4818082309
13626.4818082309
13626.4818082309
13626.4818082309
13626.4818082309
13626.4818082309
13626.4818082309
13626.4818082309
13626.4818082309
13626.4818082309
13626.4818082309
13626.4818082309
13626.4818082309
13626.4818082309
13626.4818082309
13626.4818082309
13626.4818082309
13626.4818082309
13626.4818082309
13626.4818082309
13626.4818082309
13626.4818082309
13626.4818082309
13626.4818082309
13626.4818082309
13626.4818082309
13626.4818082309
13626.4818082309
13626.4818082309
13626.4818082309
13626.4818082309
13626.4818082309
13626.4818082309
13626.4818082309
13626.4818082309
13626.4818082309
13626.4818082309
13626.4818082309
13626.4818082309
13626.4818082309
13626.4818082309
13626.4818082309
13626.4818082309
13632.6871556604
13632.7217805701
13632.7403703016
13632.7454755507
13632.7454755507
13632.7454755507
13632.7454755507
13632.7454755507
13632.7454755507
13632.7454755507
13632.7454755507
13632.7454755507
13632.7454755507
13632.7454755507
13632.7454755507
13632.7454755507
13632.7454755507
13632.7454755507
13632.7454755507
13632.7454755507
13632.7454755507
13632.7454755507
13632.7454755507
13632.7454755507
13632.7454755507
13632.7454755507
13632.7454755507
13632.7454755507
13632.7454755507
13632.7454755507
13632.7454755507
13632.7454755507
13632.7454755507
13632.7454755507
13632.7454755507
13632.7454755507
13632.7454755507
13632.7454755507
13632.7454755507
13632.7454755507
13632.7454755507
13632.7454755507
13632.7454755507
13632.7454755507
13632.7454755507
13632.7454755507
13632.7454755507
13632.7454755507
13632.7454755507
13632.7454755507
13632.7454755507
13632.7454755507
13632.7454755507
13632.7454755507
13632.7454755507
13632.7454755507
13632.7454755507
13632.7454755507
13632.7454755507
13632.7454755507
13632.7454755507
13632.7454755507
13632.7454755507
13632.7454755507
13632.7454755507
13632.7454755507
13632.7454755507
13632.7454755507
13632.7454755507
13632.7454755507
13632.7454755507
13632.7454755507
13632.7454755507
13632.7454755507
13632.7454755507
13632.7454755507
13632.7454755507
13632.7454755507
13632.7454755507
13632.7454755507
13632.7454755507
13632.7454755507
13632.7454755507
13632.7454755507
13632.7454755507
13632.7454755507
13632.7454755507
13632.7454755507
13632.7454755507
13632.7454755507
13632.7454755507
13632.7454755507
13632.7454755507
13632.7454755507
13632.7454755507
13632.7454755507
13632.7454755507
13632.7454755507
13632.7454755507
13632.7454755507
13632.7454755507
13632.7454755507
13632.7454755507
13632.7454755507
13632.7454755507
13632.7454755507
13632.7454755507
13632.7454755507
13632.7454755507
13632.7454755507
13632.7454755507
13632.7454755507
13632.7454755507
13632.7454755507
13632.7454755507
13632.7454755507
13632.7454755507
13632.7454755507
13632.7454755507
13632.7454755507
13632.7454755507
13632.7454755507
13632.7454755507
13632.7454755507
13632.7454755507
13632.7454755507
13632.7454755507
13632.7454755507
13632.7454755507
13632.7454755507
13632.7454755507
13632.7454755507
13632.7454755507
13632.7454755507
13632.7454755507
13632.7454755507
13632.7454755507
13632.7454755507
13632.7454755507
13632.7454755507
13632.7454755507
13632.7454755507
13632.7454755507
13632.7454755507
13632.7454755507
13632.7454755507
13632.7454755507
13632.7454755507
13632.7454755507
13632.7454755507
13632.7454755507
13632.7454755507
13632.7454755507
13632.7454755507
13632.7454755507
13632.7454755507
13632.7454755507
13632.7454755507
13632.7454755507
13632.7454755507
13632.7454755507
13632.7454755507
13632.7454755507
13632.7454755507
13632.7454755507
13632.7454755507
13632.7454755507
13632.7454755507
13632.7454755507
13632.7454755507
13632.7454755507
13632.7454755507
13632.7454755507
13632.7454755507
13632.7454755507
13632.7454755507
13632.7454755507
13632.7454755507
13632.7454755507
13632.7454755507
13632.7454755507
13632.7454755507
13632.7454755507
13632.7454755507
13632.7454755507
13632.7454755507
13632.7454755507
13632.7454755507
13632.7454755507
13632.7454755507
13632.7454755507
13632.7454755507
13632.7454755507
13632.7454755507
13632.7454755507
13632.7454755507
13632.7454755507
13632.7454755507
13632.7454755507
13632.7454755507
13632.7454755507
13632.7454755507
13632.7454755507
13632.7454755507
13632.7454755507
13632.7454755507
13632.7454755507
13632.7454755507
13632.7454755507
13632.7454755507
13632.7454755507
13632.7454755507
13632.7454755507
13632.7454755507
13632.7454755507
13632.7454755507
13632.7454755507
13632.7454755507
13632.7454755507
13632.7454755507
13632.7454755507
13632.7454755507
13632.7454755507
13632.7454755507
13632.7454755507
13632.7454755507
13632.7454755507
13632.7454755507
13632.7454755507
13632.7454755507
13632.7454755507
13632.7454755507
13632.7454755507
13632.7454755507
13632.7454755507
13632.7454755507
13632.7454755507
13632.7454755507
13632.7454755507
13632.7454755507
13632.7454755507
13632.7454755507
13632.7454755507
13632.7454755507
13638.6882458973
13638.7448129062
13638.7448129062
13638.7448129062
13638.7448129062
13638.7448129062
13638.7448129062
13638.7448129062
13638.7448129062
13638.7448129062
13638.7448129062
13638.7448129062
13638.7448129062
13638.7448129062
13638.7448129062
13638.7448129062
13638.7448129062
13638.7448129062
13638.7448129062
13638.7448129062
13638.7448129062
13638.7448129062
13638.7448129062
13638.7448129062
13638.7448129062
13638.7448129062
13638.7448129062
13638.7448129062
13638.7448129062
13638.7448129062
13638.7448129062
13638.7448129062
13638.7448129062
13638.7448129062
13638.7448129062
13638.7448129062
13638.7448129062
13638.7448129062
13638.7448129062
13638.7448129062
13638.7448129062
13638.7448129062
13638.7448129062
13638.7448129062
13638.7448129062
13638.7448129062
13643.7458369656
13643.8537082371
13643.8537082371
13643.8537082371
13643.8537082371
13643.8537082371
13643.8537082371
13643.8537082371
13643.8537082371
13643.8537082371
13643.8537082371
13643.8537082371
13643.8537082371
13643.8537082371
13643.8537082371
13643.8537082371
13643.8537082371
13643.8537082371
13643.8537082371
13643.8537082371
13643.8537082371
13643.8537082371
13643.8537082371
13643.8537082371
13643.8537082371
13643.8537082371
13643.8537082371
13643.8537082371
13643.8537082371
13643.8537082371
13643.8537082371
13643.8537082371
13643.8537082371
13643.8537082371
13643.8537082371
13643.8537082371
13643.8537082371
13650.7005261281
13650.7725149025
13650.7725149025
13650.7725149025
13650.7800513357
13650.7800513357
13650.7800513357
13650.7800513357
13650.7800513357
13650.7800513357
13650.7800513357
13650.7800513357
13650.7800513357
13650.7800513357
13650.7800513357
13650.7800513357
13650.7800513357
13650.7800513357
13650.7800513357
13650.7800513357
13650.7800513357
13650.7800513357
13650.7800513357
13650.7800513357
13650.7800513357
13650.7800513357
13650.7800513357
13650.7800513357
13650.7800513357
13650.7800513357
13650.7800513357
13650.7800513357
13650.7800513357
13650.7800513357
13650.7800513357
13650.7800513357
13650.7800513357
13650.7800513357
13650.7800513357
13650.7800513357
13650.7800513357
13650.7800513357
13650.7800513357
13650.7800513357
13650.7800513357
13650.7800513357
13650.7800513357
13653.5234934734
13653.5798177212
13653.5798177212
13653.6629258347
13653.6629258347
13653.6629258347
13653.6629258347
13653.6629258347
13653.6629258347
13653.6629258347
13653.6629258347
13653.6629258347
13653.6629258347
13653.6629258347
13653.6629258347
13653.6629258347
13653.6629258347
13653.6629258347
13653.6629258347
13653.6629258347
13653.6629258347
13653.6629258347
13653.6629258347
13653.6629258347
13653.6629258347
13653.6629258347
13653.6629258347
13653.6629258347
13653.6629258347
13653.6629258347
13653.6629258347
13653.6629258347
13653.6629258347
13653.6629258347
13653.6629258347
13653.6629258347
13653.6629258347
13653.6629258347
13653.6629258347
13653.6629258347
13653.6629258347
13653.6629258347
13653.6629258347
13653.6629258347
13653.6629258347
13653.6629258347
13653.6629258347
13653.6629258347
13653.6629258347
13653.6629258347
13653.6629258347
13653.6629258347
13653.6629258347
13653.6629258347
13653.6629258347
13653.6629258347
13653.6629258347
13653.6629258347
13653.6629258347
13653.6629258347
13653.6629258347
13653.6629258347
13653.6629258347
13653.6629258347
13653.6629258347
13653.6629258347
13653.6629258347
13653.6629258347
13653.6629258347
13653.6629258347
13653.6629258347
13653.6629258347
13653.6629258347
13653.6629258347
13653.6629258347
13653.6629258347
13653.6629258347
13653.6629258347
13653.6629258347
13653.6629258347
13653.6629258347
13653.6629258347
13653.6629258347
13653.6629258347
13653.6629258347
13653.6629258347
13653.6629258347
13653.6629258347
13653.6629258347
13653.6629258347
13653.6629258347
13653.6629258347
13653.6629258347
13653.6629258347
13653.6629258347
13653.6629258347
13653.6629258347
13653.6629258347
13653.6629258347
13653.6629258347
13653.6629258347
13653.6629258347
13653.6629258347
13653.6629258347
13653.6629258347
13653.6629258347
13653.6629258347
13653.6629258347
13653.6629258347
13653.6629258347
13653.6629258347
13653.6629258347
13653.6629258347
13653.6629258347
13653.6629258347
13653.6629258347
13653.6629258347
13653.6629258347
13653.6629258347
13653.6629258347
13653.6629258347
13653.6629258347
13653.6629258347
13653.6629258347
13653.6629258347
13653.6629258347
13653.6629258347
13653.6629258347
13653.6629258347
13653.6629258347
13653.6629258347
13653.6629258347
13653.6629258347
13653.6629258347
13653.6629258347
13653.6629258347
13653.6629258347
13653.6629258347
13653.6629258347
13653.6629258347
13653.6629258347
13653.6629258347
13653.6629258347
13653.6629258347
13653.6629258347
13666.4812999773
13666.5205462962
13666.5365794107
13666.5762438096
13666.5762438096
13666.5762438096
13666.5762438096
13666.5762438096
13666.5762438096
13666.5762438096
13666.5762438096
13666.5762438096
13666.5762438096
13666.5762438096
13666.5762438096
13666.5762438096
13666.5762438096
13666.5762438096
13666.5762438096
13666.5762438096
13666.5762438096
13666.5762438096
13666.5762438096
13666.5762438096
13666.5762438096
13666.5762438096
13666.5762438096
13666.5762438096
13666.5762438096
13666.5762438096
13666.5762438096
13666.5762438096
13666.5762438096
13666.5762438096
13666.5762438096
13666.5762438096
13666.5762438096
13666.5762438096
13666.5762438096
13666.5762438096
13666.5762438096
13666.5762438096
13666.5762438096
13666.5762438096
13666.5762438096
13666.5762438096
13666.5762438096
13668.311373251
13668.3360318546
13668.3360318546
13668.3360318546
13668.3411622966
13668.3411622966
13668.3411622966
13668.3411622966
13668.3411622966
13668.3411622966
13668.3411622966
13668.3411622966
13668.3411622966
13668.3411622966
13668.3411622966
13668.3411622966
13668.3411622966
13668.3411622966
13668.3411622966
13668.3411622966
13668.3411622966
13668.3411622966
13668.3411622966
13668.3411622966
13668.3411622966
13668.3411622966
13668.3411622966
13668.3411622966
13668.3411622966
13668.3411622966
13668.3411622966
13668.3411622966
13668.3411622966
13668.3411622966
13668.3411622966
13668.3411622966
13668.3411622966
13668.3411622966
13668.3411622966
13668.3411622966
13668.3411622966
13668.3411622966
13668.3411622966
13668.3411622966
13668.3411622966
13668.3411622966
13668.3411622966
13668.3411622966
13668.3411622966
13668.3411622966
13668.3411622966
13668.3411622966
13668.3411622966
13668.3411622966
13668.3411622966
13668.3411622966
13668.3411622966
13668.3411622966
13668.3411622966
13668.3411622966
13668.3411622966
13668.3411622966
13668.3411622966
13674.7053150831
13674.7053150831
13674.7119969318
13674.7333889023
13674.7338315662
13674.7338315662
13674.7338315662
13674.7338315662
13674.7338315662
13674.7338315662
13674.7338315662
13674.7338315662
13674.7338315662
13674.7338315662
13674.7338315662
13674.7338315662
13674.7338315662
13674.7338315662
13674.7338315662
13674.7338315662
13674.7338315662
13674.7338315662
13674.7338315662
13674.7338315662
13674.7338315662
13674.7338315662
13674.7338315662
13674.7338315662
13674.7338315662
13674.7338315662
13674.7338315662
13674.7338315662
13674.7338315662
13674.7338315662
13674.7338315662
13674.7338315662
13674.7338315662
13674.7338315662
13674.7338315662
13674.7338315662
13674.7338315662
13674.7338315662
13674.7338315662
13674.7338315662
13674.7338315662
13674.7338315662
13674.7338315662
13674.7338315662
13674.7338315662
13674.7338315662
13674.7338315662
13674.7338315662
13674.7338315662
13674.7338315662
13674.7338315662
13674.7338315662
13674.7338315662
13674.7338315662
13674.7338315662
13674.7338315662
13674.7338315662
13674.7338315662
13674.7338315662
13674.7338315662
13674.7338315662
13674.7338315662
13674.7338315662
13674.7338315662
13674.7338315662
13674.7338315662
13674.7338315662
13674.7338315662
13674.7338315662
13674.7338315662
13674.7338315662
13674.7338315662
13674.7338315662
13674.7338315662
13674.7338315662
13674.7338315662
13674.7338315662
13674.7338315662
13674.7338315662
13674.7338315662
13674.7338315662
13674.7338315662
13674.7338315662
13674.7338315662
13674.7338315662
13674.7338315662
13674.7338315662
13674.7338315662
13674.7338315662
13674.7338315662
13674.7338315662
13674.7338315662
13674.7338315662
13674.7338315662
13674.7338315662
13674.7338315662
13674.7338315662
13674.7338315662
13674.7338315662
13674.7338315662
13674.7338315662
13674.7338315662
13674.7338315662
13674.7338315662
13674.7338315662
13674.7338315662
13674.7338315662
13674.7338315662
13674.7338315662
13674.7338315662
13674.7338315662
13674.7338315662
13674.7338315662
13674.7338315662
13674.7338315662
13674.7338315662
13674.7338315662
13674.7338315662
13674.7338315662
13674.7338315662
13674.7338315662
13674.7338315662
13674.7338315662
13674.7338315662
13674.7338315662
13674.7338315662
13674.7338315662
13674.7338315662
13674.7338315662
13674.7338315662
13674.7338315662
13674.7338315662
13674.7338315662
13674.7338315662
13674.7338315662
13674.7338315662
13674.7338315662
13674.7338315662
13674.7338315662
13674.7338315662
13674.7338315662
13674.7338315662
13674.7338315662
13674.7338315662
13674.7338315662
13674.7338315662
13674.7338315662
13674.7338315662
13674.7338315662
13674.7338315662
13674.7338315662
13674.7338315662
13674.7338315662
13674.7338315662
13674.7338315662
13674.7338315662
13674.7338315662
13674.7338315662
13674.7338315662
13674.7338315662
13674.7338315662
13674.7338315662
13674.7338315662
13674.7338315662
13674.7338315662
13674.7338315662
13674.7338315662
13674.7338315662
13674.7338315662
13674.7338315662
13674.7338315662
13674.7338315662
13674.7338315662
13674.7338315662
13674.7338315662
13674.7338315662
13674.7338315662
13674.7338315662
13674.7338315662
13674.7338315662
13674.7338315662
13674.7338315662
13674.7338315662
13674.7338315662
13674.7338315662
13674.7338315662
13674.7338315662
13674.7338315662
13674.7338315662
13674.7338315662
13674.7338315662
13674.7338315662
13674.7338315662
13674.7338315662
13674.7338315662
13674.7338315662
13674.7338315662
13674.7338315662
13674.7338315662
13674.7338315662
13674.7338315662
13674.7338315662
13674.7338315662
13674.7338315662
13674.7338315662
13674.7338315662
13674.7338315662
13674.7338315662
13674.7338315662
13674.7338315662
13674.7338315662
13674.7338315662
13674.7338315662
13674.7338315662
13674.7338315662
13674.7338315662
13674.7338315662
13674.7338315662
13674.7338315662
13674.7338315662
13674.7338315662
13674.7338315662
13674.7338315662
13674.7338315662
13674.7338315662
13674.7338315662
13674.7338315662
13674.7338315662
13674.7338315662
13674.7338315662
13674.7338315662
13674.7338315662
13674.7338315662
13674.7338315662
13674.7338315662
13674.7338315662
13674.7338315662
13674.7338315662
13674.7338315662
13674.7338315662
13674.7338315662
13674.7338315662
13674.7338315662
13674.7338315662
13674.7338315662
13674.7338315662
13674.7338315662
13674.7338315662
13674.7338315662
13674.7338315662
13674.7338315662
13674.7338315662
13674.7338315662
13674.7338315662
13674.7338315662
13674.7338315662
13674.7338315662
13674.7338315662
13674.7338315662
13674.7338315662
13674.7338315662
13674.7338315662
13674.7338315662
13674.7338315662
13674.7338315662
13674.7338315662
13674.7338315662
13674.7338315662
13674.7338315662
13674.7338315662
13674.7338315662
13674.7338315662
13674.7338315662
13674.7338315662
13674.7338315662
13674.7338315662
13674.7338315662
13674.7338315662
13674.7338315662
13674.7338315662
13674.7338315662
13674.7338315662
13674.7338315662
13674.7338315662
13674.7338315662
13674.7338315662
13674.7338315662
13674.7338315662
13674.7338315662
13674.7338315662
13674.7338315662
13674.7338315662
13674.7338315662
13674.7338315662
13674.7338315662
13674.7338315662
13674.7338315662
13674.7338315662
13674.7338315662
13674.7338315662
13674.7338315662
13674.7338315662
13674.7338315662
13674.7338315662
13674.7338315662
13674.7338315662
13674.7338315662
13674.7338315662
13674.7338315662
13674.7338315662
13674.7338315662
13674.7338315662
13674.7338315662
13674.7338315662
13674.7338315662
13674.7338315662
13674.7338315662
13674.7338315662
13674.7338315662
13674.7338315662
13674.7338315662
13674.7338315662
13674.7338315662
13674.7338315662
13674.7338315662
13674.7338315662
13674.7338315662
13674.7338315662
13674.7338315662
13674.7338315662
13674.7338315662
13674.7338315662
13674.7338315662
13674.7338315662
13674.7338315662
13674.7338315662
13674.7338315662
13674.7338315662
13674.7338315662
13674.7338315662
13674.7338315662
13674.7338315662
13674.7338315662
13674.7338315662
13674.7338315662
13674.7338315662
13674.7338315662
13674.7338315662
13674.7338315662
13674.7338315662
13674.7338315662
13674.7338315662
13674.7338315662
13674.7338315662
13674.7338315662
13674.7338315662
13674.7338315662
13674.7338315662
13674.7338315662
13674.7338315662
13674.7338315662
13674.7338315662
13674.7338315662
13674.7338315662
13674.7338315662
13674.7338315662
13674.7338315662
13674.7338315662
13674.7338315662
13674.7338315662
13674.7338315662
13674.7338315662
13674.7338315662
13674.7338315662
13674.7338315662
13674.7338315662
13674.7338315662
13674.7338315662
13674.7338315662
13674.7338315662
13674.7338315662
13676.5310303254
13676.652792925
13676.652792925
13676.652792925
13676.652792925
13676.652792925
13676.652792925
13676.652792925
13676.652792925
13676.652792925
13676.652792925
13676.652792925
13676.652792925
13676.652792925
13676.652792925
13676.652792925
13676.652792925
13676.652792925
13676.652792925
13676.652792925
13676.652792925
13676.652792925
13676.652792925
13676.652792925
13676.652792925
13676.652792925
13676.652792925
13676.652792925
13676.652792925
13676.652792925
13676.652792925
13676.652792925
13676.652792925
13676.652792925
13676.652792925
13676.652792925
13676.652792925
13676.652792925
13676.652792925
13676.652792925
13676.652792925
13676.652792925
13676.652792925
13676.652792925
13676.652792925
13676.652792925
13676.652792925
13676.652792925
13676.652792925
13676.652792925
13676.652792925
13676.652792925
13676.652792925
13676.652792925
13676.652792925
13676.652792925
13676.652792925
13676.652792925
13676.652792925
13676.652792925
13676.652792925
13676.652792925
13676.652792925
13676.9267168126
13676.9267168126
13677.0142067258
13677.0142067258
13677.0142067258
13677.0142067258
13677.0142067258
13677.0142067258
13677.0142067258
13677.0142067258
13677.0142067258
13677.0142067258
13677.0142067258
13677.0142067258
13677.0142067258
13677.0142067258
13677.0142067258
13677.0142067258
13677.0142067258
13677.0142067258
13677.0142067258
13677.0142067258
13677.0142067258
13677.0142067258
13677.0142067258
13677.0142067258
13677.0142067258
13677.0142067258
13677.0142067258
13677.0142067258
13677.0142067258
13677.0142067258
13677.0142067258
13677.0142067258
13677.0142067258
13677.0142067258
13677.0142067258
13677.0142067258
13677.0142067258
13677.0142067258
13677.0142067258
13677.0142067258
13677.0142067258
13677.0142067258
13677.0142067258
13677.0142067258
13677.0142067258
13677.0142067258
13677.0142067258
13677.0142067258
13677.0142067258
13677.0142067258
13677.0142067258
13677.0142067258
13677.0142067258
13677.0142067258
13677.0142067258
13677.0142067258
13677.0142067258
13677.0142067258
13677.0142067258
13677.0142067258
13677.0142067258
13677.0142067258
13677.0142067258
13677.0142067258
13677.0142067258
13677.0142067258
13677.0142067258
13677.0142067258
13677.0142067258
13677.0142067258
13677.0142067258
13677.0142067258
13677.0142067258
13677.0142067258
13677.0142067258
13677.0142067258
13677.0142067258
13677.0142067258
13677.0142067258
13677.0142067258
13677.0142067258
13677.0142067258
13677.0142067258
13677.0142067258
13677.0142067258
13677.0142067258
13677.0142067258
13677.0142067258
13677.0142067258
13677.0142067258
13677.0142067258
13677.0142067258
13677.0142067258
13677.0142067258
13677.0142067258
13677.0142067258
13677.0142067258
13677.0142067258
13677.0142067258
13677.0142067258
13677.0142067258
13677.0142067258
13677.0142067258
13677.0142067258
13677.0142067258
13677.0142067258
13677.0142067258
13677.0142067258
13677.0142067258
13677.0142067258
13677.0142067258
13677.0142067258
13677.0142067258
13677.0142067258
13677.0142067258
13677.0142067258
13677.0142067258
13677.0142067258
13677.0142067258
13677.0142067258
13677.0142067258
13677.0142067258
13677.0142067258
13677.0142067258
13677.0142067258
13677.0142067258
13677.0142067258
13677.0142067258
13677.0142067258
13677.0142067258
13677.0142067258
13677.0142067258
13677.0142067258
13677.0142067258
13677.0142067258
13677.0142067258
13677.0142067258
13677.0142067258
13677.0142067258
13677.0142067258
13677.0142067258
13677.0142067258
13677.0142067258
13677.0142067258
13677.0142067258
13677.0142067258
13677.0142067258
13677.0142067258
13677.0142067258
13677.0142067258
13677.0142067258
13677.0142067258
13677.0142067258
13677.0142067258

