5334.10125497092
6212.5704722156
6376.27650219491
6392.50672791709
6400.17409377513
6400.8414710246
6400.97109418365
6432.88155090046
6463.10290875926
6468.18870595051
6475.60295694058
6528.68384873929
6549.91881408098
6552.62503478322
6553.01662712441
6553.58230094129
6582.28572660103
6634.95874827471
6635.13120591139
6646.68767849985
6646.68767849985
6676.00624836804
6686.00246360165
6710.50977004468
6719.66920376305
6720.21388543957
6730.59319602881
6734.1609901268
6736.84258635672
6736.90064072489
6740.43001581807
6757.68044021627
6772.57026514473
6788.19138172892
6788.41913361584
6798.83508607278
6799.0409737067
6800.26887805517
6807.08242436878
6807.87801398459
6807.93419134751
6807.96028001044
6807.96028001044
6808.27300218952
6808.27300218952
6808.2732137964
6808.28091618732
6808.29694983759
6809.81964459295
6811.32016251716
6812.87992855454
6812.87992855454
6824.51718410866
6824.54927497643
6824.54927497643
6824.54927497643
6834.8348473072
6835.64581424172
6835.67172148268
6841.4838248271
6841.53497409302
6841.57489057787
6846.9872445058
6847.02403212299
6847.05292242122
6854.98106834703
6859.94767116494
6860.00753984659
6860.39252101278
6860.39252101278
6860.39953939584
6860.39953939584
6871.6781569189
6878.1574007155
6878.1574007155
6884.26753677368
6884.60069412887
6888.63363121665
6896.72510506292
6896.72756996413
6915.67103386312
6915.73884588688
6915.7399144034
6915.80623850635
6915.80623850635
6916.60681564546
6916.60681564546
6924.30403106694
6924.30403106694
6924.31511795413
6926.21577028236
6926.31880641957
6926.93997860878
6927.14015801828
6927.14015801828
6928.2756813091
6928.2993846169
6928.2993846169
6928.33155223654
6928.33155223654
6934.12737775162
6934.16974815124
6934.16974815124
6943.76743320574
6968.20795349565
6968.25183297554
6968.27286751486
6968.34639030101
6968.34639030101
6968.3662495557
6968.36779769303
6968.36779769303
6968.46049080316
6968.48951625378
6968.48951625378
6972.19456765738
6972.19788280368
6972.24511363726
6972.24511363726
6972.26274129416
6977.59040117185
6983.01207554128
6983.08951496849
6983.09828483184
6983.09828483184
6986.07998887438
6986.07998887438
6986.11911765708
6986.11911765708
6986.11911765708
6991.57389032432
6991.59991620826
7004.62149513887
7004.64717519236
7008.87091005555
7008.89888610774
7008.89888610774
7008.9216231367
7013.95835685467
7013.96938476858
7013.96938476858
7013.96963734831
7013.96963734831
7013.96963734831
7015.82461156709
7015.87569708553
7022.07776093551
7022.10608366067
7022.1288191548
7022.1288191548
7022.14075552666
7022.14075552666
7022.14075552666
7022.1809212419
7022.1809212419
7022.1809212419
7022.1809212419
7022.1809212419
7022.1809212419
7022.1809212419
7031.30929873256
7048.1107763812
7048.22104189843
7048.22104189843
7048.23794193379
7052.70706706284
7052.79483281572
7052.79483281572
7052.80443067915
7052.86499064298
7052.86499064298
7052.86499064298
7052.86499064298
7052.86499064298
7056.7181338005
7056.72226093985
7056.72226093985
7056.76618188663
7056.76618188663
7056.76618188663
7056.76618188663
7059.06639657098
7059.14355714381
7059.14355714381
7059.14912608758
7059.14912608758
7059.14912608758
7059.14912608758
7059.14912608758
7059.14912608758
7059.14912608758
7059.14912608758
7059.14912608758
7059.14912608758
7059.14912608758
7059.14912608758
7059.14912608758
7059.14912608758
7060.9802301646
7060.98387836483
7061.03756587971
7061.03756587971
7061.04573528232
7061.04573528232
7061.04573528232
7061.04573528232
7061.04573528232
7061.04573528232
7061.04573528232
7061.04573528232
7064.43891653422
7064.45976634359
7064.47065089632
7064.47065089632
7064.48903933101
7064.51803184184
7064.51803184184
7064.51803184184
7064.51803184184
7064.51803184184
7064.51803184184
7064.51803184184
7064.51803184184
7064.51803184184
7064.51803184184
7064.51803184184
7064.51803184184
7064.51803184184
7064.51803184184
7064.51803184184
7064.51803184184
7064.51803184184
7064.51803184184
7064.51803184184
7064.51803184184
7064.51803184184
7064.51803184184
7064.51803184184
7069.18081917464
7069.27561627557
7069.3938072008
7069.42329259393
7069.42329259393
7069.43304170069
7074.88590094937
7074.88590094937
7074.89166798939
7074.90866630934
7074.90866630934
7074.90866630934
7074.91005675086
7074.93939603099
7074.93939603099
7075.46073821779
7075.46073821779
7075.46073821779
7079.05903542877
7079.09048753183
7081.45740131857
7081.45740131857
7098.30299513343
7098.34942720457
7098.34942720457
7098.34942720457
7098.34942720457
7098.38192395099
7098.40217704986
7098.40217704986
7098.41403380581
7098.41403380581
7098.44115332862
7098.44115332862
7098.45492034764
7098.45492034764
7098.45492034764
7098.45492034764
7098.45492034764
7098.45492034764
7098.45492034764
7098.45492034764
7098.45492034764
7098.45492034764
7098.45492034764
7098.45492034764
7098.45492034764
7098.45492034764
7098.45492034764
7098.45492034764
7098.45492034764
7098.45492034764
7098.45492034764
7098.45492034764
7098.45492034764
7098.45492034764
7098.45492034764
7098.45492034764
7098.45492034764
7098.45492034764
7098.45492034764
7098.45492034764
7098.45492034764
7098.45492034764
7098.45492034764
7098.45492034764
7098.45492034764
7098.45492034764
7098.45492034764
7099.44845303743
7099.5166971095
7103.95542204406
7103.97607760431
7103.99225781964
7113.180734568
7113.21670610158
7113.22222548043
7113.22222548043
7113.22590598609
7113.23041311826
7113.23041311826
7113.24000324033
7113.31184115014
7113.31184115014
7113.31184115014
7113.31184115014
7113.31184115014
7113.31184115014
7113.31184115014
7114.88401325833
7114.90708781198
7114.90708781198
7114.9141050969
7114.92386264355
7114.92386264355
7114.92386264355
7114.94936163402
7114.94936163402
7114.94936163402
7114.95294255425
7114.95294255425
7114.95294255425
7118.66243903512
7118.6892558355
7125.54714053128
7125.54714053128
7125.55452100699
7125.55468954478
7125.55468954478
7125.55468954478
7125.57481165998
7125.57481165998
7131.69792224319
7131.76182218321
7131.76182218321
7131.76182218321
7131.76182218321
7131.76182218321
7136.95249533703
7136.98087734484
7136.98087734484
7136.98087734484
7136.98087734484
7136.98087734484
7136.99300636651
7139.99105696289
7140.03546876253
7140.03546876253
7140.03546876253
7140.03546876253
7140.03546876253
7140.03546876253
7140.03546876253
7140.03546876253
7140.03546876253
7140.03546876253
7140.03546876253
7140.03546876253
7140.03546876253
7140.03546876253
7140.03546876253
7140.03546876253
7140.03546876253
7140.03546876253
7140.03546876253
7140.03546876253
7144.34991321786
7146.97548222849
7146.97771510594
7154.10878889597
7154.11978686763
7154.1985085834
7154.61752438578
7154.93298325392
7154.93298325392
7154.99973973715
7155.00357798857
7155.00357798857
7155.02581544351
7155.02581544351
7155.02581544351
7155.02581544351
7155.02581544351
7157.79522644059
7157.80923192669
7157.83471417551
7157.83471417551
7157.84331407548
7157.88245178526
7157.88321262029
7157.88321262029
7157.88321262029
7157.88321262029
7162.55968481602
7162.62573037179
7162.63818385342
7162.63818385342
7162.63818385342
7162.63818385342
7162.63818385342
7165.44978534957
7165.46893995878
7165.48378965368
7165.49813532774
7165.49813532774
7165.50349356487
7165.50360820413
7165.50360820413
7165.50360820413
7165.50360820413
7165.50360820413
7165.50360820413
7165.50360820413
7165.50360820413
7165.50360820413
7165.50360820413
7165.50360820413
7165.50360820413
7165.50360820413
7165.50360820413
7165.50360820413
7165.50360820413
7165.50360820413
7165.65602468255
7165.75136906735
7165.75136906735
7166.90217905144
7166.93847587148
7166.97474181211
7166.97474181211
7166.97474181211
7166.97474181211
7166.97474181211
7166.97474181211
7166.97474181211
7166.97474181211
7166.97474181211
7174.23686484844
7174.29937461038
7174.29937461038
7174.29937461038
7174.29937461038
7174.29937461038
7174.29937461038
7174.29937461038
7174.29937461038
7174.30358308162
7174.30358308162
7174.30358308162
7174.30358308162
7174.30358308162
7174.30358308162
7174.30358308162
7174.30358308162
7174.30358308162
7174.30358308162
7174.30358308162
7174.30358308162
7174.30358308162
7174.30358308162
7174.30358308162
7174.30358308162
7174.30358308162
7174.30358308162
7174.30358308162
7174.30358308162
7174.30358308162
7174.30358308162
7174.30358308162
7174.30358308162
7174.30358308162
7174.30358308162
7174.30358308162
7174.30358308162
7174.30358308162
7174.30358308162
7174.30358308162
7174.30358308162
7174.30358308162
7174.30358308162
7174.30358308162
7174.30358308162
7174.30358308162
7174.30358308162
7177.84243451432
7177.89973616118
7177.89973616118
7182.85955486755
7182.90205088377
7182.91218859984
7182.93319411919
7182.93319411919
7182.93319411919
7182.93319411919
7182.93319411919
7182.93319411919
7182.93319411919
7182.93319411919
7182.93319411919
7182.93319411919
7182.93319411919
7182.93319411919
7185.43813407428
7185.43917948499
7185.43917948499
7189.84216299149
7189.84216299149
7189.85172015827
7189.85689913688
7189.87532524528
7189.88906955767
7189.88906955767
7189.88906955767
7189.88906955767
7189.88906955767
7189.88906955767
7189.88906955767
7189.88906955767
7189.88906955767
7189.88906955767
7196.41808649434
7196.47284338828
7196.48039285275
7196.48039285275
7196.51819554405
7196.51819554405
7196.51819554405
7196.51819554405
7196.51819554405
7196.51819554405
7196.51819554405
7196.51819554405
7196.51819554405
7199.88313269823
7199.93181997947
7199.93216442654
7199.93216442654
7199.93216442654
7199.93216442654
7199.93216442654
7199.93216442654
7199.93216442654
7199.93216442654
7199.93216442654
7199.93216442654
7201.74360908857
7201.79916636499
7201.86574595056
7201.86574595056
7201.86574595056
7201.86574595056
7203.46648588206
7203.48917967886
7203.48917967886
7203.48917967886
7203.49445996216
7203.54532113426
7203.54532113426
7203.54532113426
7203.54532113426
7203.54532113426
7203.54532113426
7203.54532113426
7203.54532113426
7203.54532113426
7203.54532113426
7215.33336697321
7215.35128060432
7215.35128060432
7215.36466114708
7215.36466114708
7215.37036625866
7215.37036625866
7215.37036625866
7215.37036625866
7215.37036625866
7215.38873492542
7215.38873492542
7215.38873492542
7215.38873492542
7215.38873492542
7215.38873492542
7215.38873492542
7215.38873492542
7221.34323778825
7221.37209151909
7221.37209151909
7221.37209151909
7221.37209151909
7224.27505707084
7229.17774460625
7229.27697520957
7229.27697520957
7229.27697520957
7229.30178322167
7229.31428196511
7229.31428196511
7229.31428196511
7229.31556029194
7229.31556029194
7229.31556029194
7229.31556029194
7232.03021000497
7232.12122494849
7232.12122494849
7232.12122494849
7232.12122494849
7236.12998720534
7236.15053346852
7236.15053346852
7236.17842320185
7236.17842320185
7236.17842320185
7243.65108416222
7243.73929572459
7243.73929572459
7243.75820394828
7243.75820394828
7243.75820394828
7243.75820394828
7243.75820394828
7243.75820394828
7243.75820394828
7243.75820394828
7243.75820394828
7243.75820394828
7243.75820394828
7243.75820394828
7243.75820394828
7243.75820394828
7243.75820394828
7243.75820394828
7243.75820394828
7243.75820394828
7243.75820394828
7243.75820394828
7243.75820394828
7243.75820394828
7243.75820394828
7243.75820394828
7243.75820394828
7243.75820394828
7243.75820394828
7243.75820394828
7243.75820394828
7243.75820394828
7243.75820394828
7243.75820394828
7243.75820394828
7243.75820394828
7243.75820394828
7243.75820394828
7243.75820394828
7243.75820394828
7243.75820394828
7243.75820394828
7243.75820394828
7243.75820394828
7243.75820394828
7243.75820394828
7243.75820394828
7243.75820394828
7243.75820394828
7243.75820394828
7244.29221152692
7244.29221152692
7244.29221152692
7244.29221152692
7244.29221152692
7244.29221152692
7244.29221152692
7244.29221152692
7244.29221152692
7244.3011976959
7244.3011976959
7244.3011976959
7244.3011976959
7244.3011976959
7244.3011976959
7244.3011976959
7244.3011976959
7244.3011976959
7244.3011976959
7244.3011976959
7244.3011976959
7244.3011976959
7244.5350349962
7244.5350349962
7247.17170068005
7249.14620487993
7249.17657633677
7249.19578666529
7249.19578666529
7249.19578666529
7249.23612097676
7249.25104698786
7249.25104698786
7249.26896605725
7249.26896605725
7249.26896605725
7249.26896605725
7249.26896605725
7249.26896605725
7249.26896605725
7249.26896605725
7249.26896605725
7249.26896605725
7259.38809100761
7259.38809100761
7259.40596747533
7259.40596747533
7259.40596747533
7259.40596747533
7259.40596747533
7259.40596747533
7259.40596747533
7259.40596747533
7259.40596747533
7259.40596747533
7259.40596747533
7259.40596747533
7259.40596747533
7259.40596747533
7259.40596747533
7259.40596747533
7259.40596747533
7259.40596747533
7259.40596747533
7259.40596747533
7259.40596747533
7259.40596747533
7261.77569586356
7261.82142204946
7261.85314622327
7261.85314622327
7261.85314622327
7261.87623761246
7261.87623761246
7261.87623761246
7261.87791500569
7261.87791500569
7261.87791500569
7261.87791500569
7261.87791500569
7261.87791500569
7261.87791500569
7261.87791500569
7261.87791500569
7261.87791500569
7261.87791500569
7261.87791500569
7261.87791500569
7262.90494301018
7262.90494301018
7262.90494301018
7262.90494301018
7262.90494301018
7262.90494301018
7262.90494301018
7262.90494301018
7262.90494301018
7262.90494301018
7262.90494301018
7262.90494301018
7262.90494301018
7262.90494301018
7262.90494301018
7262.90494301018
7262.90494301018
7262.90494301018
7262.90494301018
7262.90494301018
7262.90494301018
7262.90494301018
7262.90494301018
7262.90494301018
7262.90494301018
7262.90494301018
7262.90494301018
7262.90494301018
7262.90494301018
7262.90494301018
7262.90494301018
7262.90494301018
7262.90494301018
7262.90494301018
7262.90494301018
7262.90494301018
7262.90494301018
7262.90494301018
7262.90494301018
7262.90494301018
7262.90494301018
7262.90494301018
7262.90494301018
7262.90494301018
7262.90494301018
7262.90494301018
7262.90494301018
7262.90494301018
7262.90494301018
7262.90494301018
7262.90494301018
7262.90494301018
7262.90494301018
7262.90494301018
7262.90494301018
7262.90494301018
7262.90494301018
7262.90494301018
7262.90494301018
7262.90494301018
7262.90494301018
7262.90494301018
7262.90494301018
7262.90494301018
7262.90494301018
7262.90494301018
7262.90494301018
7262.90494301018
7262.90494301018
7262.90494301018
7262.90494301018
7262.90494301018
7265.51875976775
7265.55825526531
7265.58442913536
7265.58442913536
7265.58442913536
7265.58442913536
7265.58442913536
7265.58442913536
7265.58442913536
7265.58442913536
7265.58442913536
7265.58442913536
7265.58442913536
7265.58442913536
7265.58442913536
7265.58442913536
7265.58442913536
7265.58442913536
7265.58442913536
7265.58442913536
7273.54677501994
7273.54677501994
7273.54679067689
7273.55005868601
7273.55005868601
7273.55531527384
7273.57002005698
7273.57002005698
7273.57002005698
7273.57002005698
7273.57002005698
7273.57002005698
7273.57002005698
7273.57002005698
7273.57002005698
7273.57002005698
7273.57002005698
7273.57002005698
7273.57002005698
7273.57002005698
7273.57002005698
7273.57002005698
7273.57002005698
7273.57002005698
7273.57002005698
7273.57002005698
7273.57002005698
7273.57002005698
7273.57002005698
7273.57002005698
7273.57002005698
7273.57002005698
7273.57002005698
7273.57002005698
7273.57002005698
7273.57002005698
7273.57002005698
7273.57002005698
7273.57002005698
7273.57002005698
7273.57002005698
7273.57002005698
7273.57002005698
7273.57002005698
7273.57002005698
7273.57002005698
7273.57002005698
7273.57002005698
7273.57002005698
7273.57002005698
7273.57002005698
7273.57002005698
7273.57002005698
7273.57002005698
7273.57002005698
7273.57002005698
7273.57002005698
7273.57002005698
7273.57002005698
7273.57002005698
7273.57002005698
7273.57002005698
7273.57002005698
7273.57002005698
7273.57002005698
7273.57002005698
7273.57002005698
7273.57002005698
7273.57002005698
7273.57002005698
7273.57002005698
7273.57002005698
7276.93583946324
7276.96848057778
7276.96848057778
7278.5949746764
7278.62782771532
7278.62782771532
7278.62782771532
7278.62782771532
7278.62782771532
7278.62782771532
7278.62782771532
7278.62782771532
7278.62782771532
7278.62782771532
7278.62782771532
7278.62782771532
7278.62782771532
7278.62782771532
7278.62782771532
7278.62782771532
7278.62782771532
7278.62782771532
7278.62782771532
7278.62782771532
7278.62782771532
7278.62782771532
7278.62782771532
7278.62782771532
7278.62782771532
7278.62782771532
7278.62782771532
7278.62782771532
7278.62782771532
7278.62782771532
7278.62782771532
7278.62782771532
7278.62782771532
7278.62782771532
7280.43651008689
7280.57427921687
7280.57427921687
7280.57427921687
7280.57427921687
7280.57427921687
7280.57427921687
7280.57427921687
7280.57427921687
7280.57427921687
7280.58853769696
7280.58853769696
7280.58853769696
7280.58853769696
7280.58853769696
7280.58853769696
7280.58853769696
7280.58853769696
7280.58853769696
7280.58853769696
7280.58853769696
7282.70956979511
7282.72404423659
7282.73402190448
7282.73402190448
7282.74252101826
7282.74252101826
7282.75240939896
7282.76088855751
7282.76088855751
7282.77803326567
7282.77803326567
7282.77803326567
7282.77803326567
7282.77803326567
7282.77803326567
7282.77803326567
7282.77803326567
7282.77803326567
7282.77803326567
7282.77803326567
7282.77803326567
7282.77803326567
7282.77803326567
7282.77803326567
7282.77803326567
7282.77803326567
7282.77803326567
7282.77803326567
7282.77803326567
7282.77803326567
7282.77803326567
7282.77803326567
7282.77803326567
7282.77803326567
7282.77803326567
7282.77803326567
7282.77803326567
7282.77803326567
7282.77803326567
7282.77803326567
7282.77803326567
7282.77803326567
7282.77803326567
7282.77803326567
7282.77803326567
7282.77803326567
7282.77803326567
7282.77803326567
7282.77803326567
7282.77803326567
7282.77803326567
7283.7473482986
7283.79363403429
7283.79363403429
7283.81222881833
7283.81222881833
7283.81222881833
7283.81222881833
7283.81222881833
7283.81222881833
7283.81222881833
7283.81222881833
7283.81222881833
7283.81222881833
7283.81222881833
7283.81222881833
7283.81222881833
7283.81222881833
7283.81222881833
7283.81222881833
7283.81222881833
7283.81222881833
7283.81222881833
7283.81222881833
7284.44671479299
7284.5385281509
7284.5385281509
7284.55864671808
7284.55864671808
7284.55864671808
7284.55864671808
7284.55864671808
7284.55864671808
7284.55864671808
7284.55864671808
7284.55864671808
7284.55864671808
7284.55864671808
7284.55864671808
7284.55864671808
7284.55864671808
7284.55864671808
7284.55864671808
7284.55864671808
7284.55864671808
7284.55864671808
7284.55864671808
7284.55864671808
7284.55864671808
7284.55864671808
7284.55864671808
7284.55864671808
7284.55864671808
7284.55864671808
7284.55864671808
7284.55864671808
7284.55864671808
7284.55864671808
7284.55864671808
7284.55864671808
7284.55864671808
7288.21134598435
7288.25278364327
7288.29508750919
7295.99351434193
7295.99351434193
7295.99351434193
7295.99351434193
7295.99351434193
7295.99351434193
7295.99351434193
7295.99351434193
7295.99351434193
7295.99351434193
7295.99351434193
7295.99351434193
7295.99351434193
7295.99351434193
7295.99351434193
7300.15491545595
7300.20995514868
7300.20995514868
7300.20995514868
7300.20995514868
7300.20995514868
7300.20995514868
7300.20995514868
7300.20995514868
7300.20995514868
7300.20995514868
7300.20995514868
7300.20995514868
7300.20995514868
7300.20995514868
7300.20995514868
7302.85115757209
7302.87778064529
7302.87778064529
7302.87778064529
7302.87778064529
7302.88292347202
7302.88292347202
7302.88292347202
7302.88292347202
7302.88292347202
7302.88292347202
7302.88292347202
7302.88292347202
7302.88292347202
7302.88292347202
7302.88292347202
7302.88292347202
7302.88292347202
7302.88292347202
7302.88292347202
7302.88292347202
7302.88292347202
7302.88292347202
7302.88292347202
7302.88292347202
7302.88292347202
7302.88292347202
7302.88292347202
7302.88292347202
7302.88292347202
7302.88292347202
7302.88292347202
7302.88292347202
7302.88292347202
7302.88292347202
7302.88292347202
7302.88292347202
7302.88292347202
7302.88292347202
7302.88292347202
7302.88292347202
7302.88292347202
7302.88292347202
7302.88292347202
7302.88292347202
7302.88292347202
7302.88292347202
7302.88292347202
7302.88292347202
7302.88292347202
7302.88292347202
7302.88292347202
7302.88292347202
7302.88292347202
7312.11262495468
7312.16256476362
7312.16635310715
7312.16635310715
7312.16635310715
7312.16635310715
7312.16635310715
7312.21759997611
7312.21759997611
7312.21759997611
7312.21759997611
7312.21759997611
7312.21759997611
7312.21759997611
7312.21759997611
7312.21759997611
7312.21759997611
7312.21759997611
7312.21759997611
7312.21759997611
7312.21759997611
7312.21759997611
7312.21759997611
7312.21759997611
7312.21759997611
7312.21759997611
7312.21759997611
7312.21759997611
7312.21759997611
7312.21759997611
7312.21759997611
7312.21759997611
7312.21759997611
7312.21759997611
7312.21759997611
7312.21759997611
7312.21759997611
7312.21759997611
7312.21759997611
7312.21759997611
7312.21759997611
7312.21759997611
7312.21759997611
7312.21759997611
7312.21759997611
7312.21759997611
7312.21759997611
7312.21759997611
7312.21759997611
7312.21759997611
7312.21759997611
7312.21759997611
7312.21759997611
7312.21759997611
7312.21759997611
7312.21759997611
7312.21759997611
7312.21759997611
7312.21759997611
7312.21759997611
7312.21759997611
7312.21759997611
7312.21759997611
7312.21759997611
7312.21759997611
7312.21759997611
7312.21759997611
7312.21759997611
7312.65899720579
7312.72494325727
7312.72494325727
7312.72494325727
7312.72494325727
7312.72494325727
7312.72494325727
7312.72494325727
7312.72494325727
7312.72494325727
7312.72494325727
7312.72494325727
7312.7267998201
7312.7267998201
7312.7267998201
7312.7267998201
7312.7267998201
7312.7267998201
7312.7267998201
7312.7267998201
7312.7267998201
7312.7267998201
7312.7267998201
7312.7267998201
7312.7267998201
7312.7267998201
7312.7267998201
7312.7267998201
7312.7267998201
7312.7267998201
7312.7267998201
7312.7267998201
7312.7267998201
7312.7267998201
7312.7267998201
7312.7267998201
7316.29692808584
7316.31828469487
7316.31828469487
7316.31828469487
7316.31828469487
7316.31828469487
7316.31861540453
7316.32392843276
7316.32392843276
7316.32392843276
7316.32392843276
7316.33933884764
7316.33933884764
7316.33933884764
7316.33933884764
7316.33933884764
7316.33933884764
7316.33933884764
7316.33933884764
7316.33933884764
7316.33933884764
7316.33933884764
7316.33933884764
7316.33933884764
7316.33933884764
7316.33933884764
7316.33933884764
7316.33933884764
7316.33933884764
7316.42737766111
7316.44443604008
7316.44443604008
7316.44443604008
7316.44443604008
7316.44443604008
7316.47209596012
7316.47209596012
7316.47209596012
7316.47209596012
7316.47209596012
7316.5052030414
7316.5052030414
7316.5052030414
7316.5052030414
7316.5052030414
7316.5052030414
7316.5052030414
7316.5052030414
7316.5052030414
7316.5052030414
7316.5052030414
7316.5052030414
7316.5052030414
7316.5052030414
7316.5052030414
7316.5052030414
7316.5052030414
7316.5052030414
7316.5052030414
7316.5052030414
7316.5052030414
7316.5052030414
7316.5052030414
7316.5052030414
7316.5052030414
7316.5052030414
7316.5052030414
7316.5052030414
7316.5052030414
7316.5052030414
7316.5052030414
7316.5052030414
7316.5052030414
7316.5052030414
7316.5052030414
7316.5052030414
7316.5052030414
7316.5052030414
7316.5052030414
7316.5052030414
7316.5052030414
7316.5052030414
7316.5052030414
7316.5052030414
7316.5052030414
7316.5052030414
7316.5052030414
7316.5052030414
7316.5052030414
7316.5052030414
7316.5052030414
7316.5052030414
7316.5052030414
7322.53920796663
7322.53920796663
7322.53920796663
7322.56327970924
7322.56327970924
7322.56327970924
7322.56327970924
7322.56327970924
7322.56346036575
7322.56346036575
7322.56346036575
7322.56346036575
7322.56346036575
7322.56346036575
7322.56346036575
7322.56346036575
7322.7987628252
7322.8026295742
7322.83120787254
7322.83120787254
7333.88715593588
7333.8997226932
7333.93688973137
7333.93688973137
7333.95957530849
7333.95957530849
7333.95957530849
7333.95957530849
7333.95957530849
7333.95957530849
7333.95957530849
7333.95957530849
7333.95957530849
7333.95957530849
7333.95957530849
7333.95957530849
7333.95957530849
7333.95957530849
7333.95957530849
7333.95957530849
7333.95957530849
7333.95957530849
7333.95957530849
7333.95957530849
7333.95957530849
7333.95957530849
7333.95957530849
7335.53584981447
7335.56718453388
7335.56718453388
7335.56718453388
7335.61308674425
7335.61308674425
7335.61824698719
7335.61824698719
7335.61824698719
7335.61824698719
7335.61824698719
7335.61824698719
7335.61824698719
7335.61824698719
7335.61824698719
7335.61824698719
7335.61824698719
7335.61824698719
7335.61824698719
7335.61824698719
7335.61824698719
7335.61824698719
7335.61824698719
7336.90323129271
7336.96317388326
7336.96559703251
7336.96559703251
7336.96559703251
7336.96559703251
7336.96559703251
7336.97105475862
7336.97105475862
7336.97105475862
7336.97105475862
7336.97105475862
7336.97105475862
7336.97105475862
7336.97105475862
7336.97105475862
7336.97105475862
7336.97105475862
7336.97105475862
7336.97105475862
7336.97105475862
7336.97105475862
7336.97105475862
7336.97105475862
7336.97105475862
7336.97105475862
7336.97105475862
7336.97105475862
7336.97105475862
7336.97105475862
7336.97105475862
7336.97105475862
7336.97105475862
7336.97105475862
7339.13093994352
7339.13992516257
7339.14302202665
7339.14302202665
7339.14302202665
7339.14302202665
7339.24182937484
7339.24182937484
7339.24182937484
7339.24182937484
7339.24182937484
7339.24182937484
7339.24182937484
7339.24182937484
7339.24182937484
7339.8119241138
7339.83722627982
7339.84980993201
7339.86718924203
7339.86718924203
7339.93736398771
7339.93736398771
7339.93736398771
7339.93736398771
7339.93736398771
7339.93736398771
7339.93736398771
7339.93736398771
7339.93736398771
7339.93736398771
7344.74941701062
7344.77123544084
7344.80189716057
7344.80255200712
7344.80255200712
7344.80255200712
7344.80255200712
7344.80255200712
7344.80255200712
7344.80255200712
7344.80255200712
7344.80255200712
7344.80255200712
7344.80255200712
7344.80255200712
7344.80255200712
7344.80255200712
7344.80255200712
7344.80255200712
7344.80255200712
7344.80255200712
7344.80255200712
7344.80255200712
7344.80255200712
7344.80255200712
7344.80255200712
7344.80255200712
7344.80255200712
7344.80255200712
7344.80255200712
7344.80255200712
7344.80255200712
7344.80255200712
7344.80255200712
7344.80255200712
7344.80255200712
7344.80255200712
7344.80255200712
7344.80255200712
7344.80255200712
7344.80255200712
7344.80255200712
7344.80255200712
7344.80255200712
7344.80255200712
7344.80255200712
7344.80255200712
7344.80255200712
7344.80255200712
7344.80255200712
7344.80255200712
7344.80255200712
7344.80255200712
7344.80255200712
7344.80255200712
7344.80255200712
7344.80255200712
7344.80255200712
7344.80255200712
7344.80255200712
7344.80255200712
7344.80255200712
7344.80255200712
7344.80255200712
7344.80255200712
7344.80255200712
7344.80255200712
7344.80255200712
7344.80255200712
7344.80255200712
7344.80255200712
7344.80255200712
7344.80255200712
7344.80255200712
7344.80255200712
7344.80255200712
7344.80255200712
7344.80255200712
7344.80255200712
7344.80255200712
7344.80255200712
7344.80255200712
7344.80255200712
7344.80255200712
7344.80255200712
7344.80255200712
7344.80255200712
7344.80255200712
7344.80255200712
7344.80255200712
7344.80255200712
7344.80255200712
7344.80255200712
7344.80255200712
7344.80255200712
7344.80255200712
7344.80255200712
7344.80255200712
7344.80255200712
7344.80255200712
7344.80255200712
7344.80255200712
7344.80255200712
7344.80255200712
7344.80255200712
7344.80255200712
7344.80255200712
7344.80255200712
7344.80255200712
7344.80255200712
7344.80255200712
7344.80255200712
7344.80255200712
7344.80255200712
7344.80255200712
7344.80255200712
7349.49677643736
7349.49677643736
7351.88528595197
7358.55383867395
7358.63735500322
7358.68505473139
7358.68505473139
7358.68591624251
7358.68591624251
7358.68974727519
7358.68974727519
7358.68974727519
7358.68974727519
7358.68974727519
7358.68974727519
7358.68974727519
7358.68974727519
7358.68974727519
7358.68974727519
7358.68974727519
7358.68974727519
7358.68974727519
7358.68974727519
7358.68974727519
7358.68974727519
7358.68974727519
7358.68974727519
7358.68974727519
7358.68974727519
7358.68974727519
7358.68974727519
7358.68974727519
7358.68974727519
7358.68974727519
7358.68974727519
7358.68974727519
7358.68974727519
7358.68974727519
7358.68974727519
7358.68974727519
7358.68974727519
7358.68974727519
7358.68974727519
7358.68974727519
7358.68974727519
7358.68974727519
7358.68974727519
7358.68974727519
7358.68974727519
7358.68974727519
7358.68974727519
7374.90625999991
7374.93769007714
7374.93769007714
7374.93769007714
7374.93769007714
7374.93769007714
7374.93769007714
7374.93769007714
7374.93769007714
7374.93769007714
7374.93769007714
7374.93769007714
7374.93769007714
7374.93769007714
7374.93769007714
7374.93769007714
7374.93769007714
7374.93769007714
7374.93769007714
7374.93769007714
7374.93769007714
7374.93769007714
7374.93769007714
7374.93769007714
7374.93769007714
7374.93769007714
7374.93769007714
7374.93769007714
7374.93769007714
7374.93769007714
7374.93769007714
7374.93769007714
7374.93769007714
7374.93769007714
7374.93769007714
7374.93769007714
7374.93769007714
7374.93769007714
7374.93769007714
7374.93769007714
7374.93769007714
7374.93769007714
7374.93769007714
7374.93769007714
7374.93769007714
7374.93769007714
7374.93769007714
7374.93769007714
7374.93769007714
7374.93769007714
7374.93769007714
7374.93769007714
7374.93769007714
7374.93769007714
7374.93769007714
7374.93769007714
7374.93769007714
7374.93769007714
7374.93769007714
7374.93769007714
7374.93769007714
7374.93769007714
7374.93769007714
7374.93769007714
7374.93769007714
7374.93769007714
7374.93769007714
7374.93769007714
7374.93769007714
7374.93769007714
7374.93769007714
7374.93769007714
7374.93769007714
7374.93769007714
7374.93769007714
7374.93769007714
7374.93769007714
7374.93769007714
7374.93769007714
7374.93769007714
7374.93769007714
7374.93769007714
7374.93769007714
7374.93769007714
7374.93769007714
7374.93769007714
7374.93769007714
7374.93769007714
7374.93769007714
7374.93769007714
7374.93769007714
7374.93769007714
7374.93769007714
7374.93769007714
7374.93769007714
7374.93769007714
7374.93769007714
7374.93769007714
7374.93769007714
7374.93769007714
7374.93769007714
7374.93769007714
7374.93769007714
7374.93769007714
7374.93769007714
7374.93769007714
7374.93769007714
7375.90327438853
7375.9140394641
7375.9140394641
7375.97227280404
7375.97227280404
7375.97227280404
7375.97227280404
7375.97227280404
7375.97227280404
7375.97227280404
7375.97227280404
7375.97227280404
7375.97227280404
7375.97227280404
7375.97227280404
7375.97227280404
7375.97227280404
7375.97227280404
7375.97227280404
7375.97227280404
7375.97227280404
7375.97227280404
7375.97227280404
7375.97227280404
7375.97227280404
7375.97227280404
7375.97227280404
7375.97227280404
7375.97227280404
7375.97227280404
7375.97227280404
7375.97227280404
7375.97227280404
7375.97227280404
7375.97227280404
7375.97227280404
7375.97227280404
7375.97227280404
7375.97227280404
7375.97227280404
7375.97227280404
7375.97227280404
7375.97227280404
7375.97227280404
7375.97227280404
7375.97227280404
7375.97227280404
7375.97227280404
7375.97227280404
7375.97227280404
7375.97227280404
7375.97227280404
7377.30057166906
7377.30057166906
7377.30057166906
7377.30057166906
7377.30057166906
7377.30057166906
7377.30057166906
7377.30728789805
7377.33808709593
7377.33808709593
7377.33808709593
7377.33808709593
7377.33808709593
7377.33808709593
7377.33808709593
7377.33808709593
7377.33808709593
7377.33808709593
7377.33808709593
7377.33808709593
7377.33808709593
7377.33808709593
7377.33808709593
7377.33808709593
7377.33808709593
7377.33808709593
7377.33808709593
7377.33808709593
7377.33808709593
7377.33808709593
7377.33808709593
7377.33808709593
7377.33808709593
7377.33808709593
7377.33808709593
7377.33808709593
7377.33808709593
7377.33808709593
7377.33808709593
7377.33808709593
7383.80921428477
7383.85737047274
7383.85737047274
7383.85771109837
7383.86775894
7383.86775894
7383.86775894
7383.86775894
7383.86775894
7383.86775894
7383.86775894
7383.86775894
7383.86775894
7393.14190114274
7393.14190114274
7393.14190114274
7393.14190114274
7393.14190114274
7393.1559109822
7393.1559109822
7393.1559109822
7393.1559109822
7393.1559109822
7393.1559109822
7393.1559109822
7393.1559109822
7393.1559109822
7393.1559109822
7393.1559109822
7393.1559109822
7393.1559109822
7401.88035366256
7401.91718481012
7401.92391845085
7401.95635315879
7401.95635315879
7401.95635315879
7401.95635315879
7401.95635315879
7401.95635315879
7401.95635315879
7401.95635315879
7401.95635315879
7401.95635315879
7401.95635315879
7401.95635315879
7401.95635315879
7401.95635315879
7401.95635315879
7401.95635315879
7401.95635315879
7401.95635315879
7401.95635315879
7401.95635315879
7401.95635315879
7401.95635315879
7401.95635315879
7401.95635315879
7401.95635315879
7401.95635315879
7401.95635315879
7401.95635315879
7401.95635315879
7401.95635315879
7401.95635315879
7401.95635315879
7401.95635315879
7401.95635315879
7401.95635315879
7401.95635315879
7401.95635315879
7401.95635315879
7401.95635315879
7401.95635315879
7401.95635315879
7401.95635315879
7401.95635315879
7401.95635315879
7401.95635315879
7401.95635315879
7401.95635315879
7401.95635315879
7401.95635315879
7401.95635315879
7401.95635315879
7401.95635315879
7401.95635315879
7401.95635315879
7401.95635315879
7401.95635315879
7401.95635315879
7401.95635315879
7401.95635315879
7401.95635315879
7401.95635315879
7401.95635315879
7401.95635315879
7401.95635315879
7401.95635315879
7401.95635315879
7401.95635315879
7401.95635315879
7401.95635315879
7401.95635315879
7401.95635315879
7401.95635315879
7401.95635315879
7401.95635315879
7401.95635315879
7401.95635315879
7401.95635315879
7401.95635315879
7401.95635315879
7401.95635315879
7401.95635315879
7401.95635315879
7401.95635315879
7401.95635315879
7401.95635315879
7401.95635315879
7401.95635315879
7401.95635315879
7401.95635315879
7401.95635315879
7401.95635315879
7401.95635315879
7401.95635315879
7401.95635315879
7401.95635315879
7401.95635315879
7401.95635315879
7401.95635315879
7401.95635315879
7401.95635315879
7401.95635315879
7401.95635315879
7401.95635315879
7401.95635315879
7401.95635315879
7401.95635315879
7401.95635315879
7401.95635315879
7401.95635315879
7401.95635315879
7401.95635315879
7401.95635315879
7401.95635315879
7401.95635315879
7401.95635315879
7401.95675613902
7401.95675613902
7401.95675613902
7401.95675613902
7401.95675613902
7401.95675613902
7401.95675613902
7401.95675613902
7401.95675613902
7401.95675613902
7401.95675613902
7401.95675613902
7401.95675613902
7401.95675613902
7401.95675613902
7401.95675613902
7401.95675613902
7401.95675613902
7401.95675613902
7401.95675613902
7401.95675613902
7401.95675613902
7401.95675613902
7401.95675613902
7401.95675613902
7401.95675613902
7401.95675613902
7401.95675613902
7401.95675613902
7401.95675613902
7401.95675613902
7401.95675613902
7401.95675613902
7401.95675613902
7401.95675613902
7401.95675613902
7401.95675613902
7401.95675613902
7401.95675613902
7401.95675613902
7401.95675613902
7401.95675613902
7401.95675613902
7401.95675613902
7401.95675613902
7401.95675613902
7401.95675613902
7401.95675613902
7401.95675613902
7401.95675613902
7401.95675613902
7401.95675613902
7401.95675613902
7401.95675613902
7401.95675613902
7401.95675613902
7401.95675613902
7401.95675613902
7401.95675613902
7403.12268090124
7403.12268090124
7403.12268090124
7403.12268090124
7403.12268090124
7403.12268090124
7403.12268090124
7403.12268090124
7403.1244504605
7403.1244504605
7403.1244504605
7403.1244504605
7403.1244504605
7403.1244504605
7404.64312125762
7404.67114135457
7404.67114135457
7404.67114135457
7404.67114135457
7404.67114135457
7404.67114135457
7404.67114135457
7404.67114135457
7404.67114135457
7404.67114135457
7404.68216182498
7404.68216182498
7404.68216182498
7404.68216182498
7404.68216182498
7404.68216182498
7404.68216182498
7404.68216182498
7404.68216182498
7404.68216182498
7404.68216182498
7404.68216182498
7404.68216182498
7404.68216182498
7404.68216182498
7404.68216182498
7404.68216182498
7404.68216182498
7404.68216182498
7404.68216182498
7404.68216182498
7404.68216182498
7404.68216182498
7404.68216182498
7404.68216182498
7404.68216182498
7404.68216182498
7404.68216182498
7404.68216182498
7404.68216182498
7404.68216182498
7404.68216182498
7404.68216182498
7404.68216182498
7404.68216182498
7404.68216182498
7404.68216182498
7404.68216182498
7404.68216182498
7404.68216182498
7404.68216182498
7404.68216182498
7404.68216182498
7404.68216182498
7404.68216182498
7404.68216182498
7404.68216182498
7404.68216182498
7404.68216182498
7404.68216182498
7404.68216182498
7404.68216182498
7404.68216182498
7404.68216182498
7404.68216182498
7404.68216182498
7404.68216182498
7404.68216182498
7404.68216182498
7404.68216182498
7404.68216182498
7404.68216182498
7404.68216182498
7404.68216182498
7404.68216182498
7404.68216182498
7404.68216182498
7404.68216182498
7404.68216182498
7404.68216182498
7404.68216182498
7404.68216182498
7404.68216182498
7404.68216182498
7404.68216182498
7404.68216182498
7404.68216182498
7404.68216182498
7404.68216182498
7404.68216182498
7404.68216182498
7404.68216182498
7404.68216182498
7404.68216182498
7404.68216182498
7404.68216182498
7404.68216182498
7404.68216182498
7404.68216182498
7404.68216182498
7404.68216182498
7404.68216182498
7404.68216182498
7409.21486520192
7409.25250539211
7409.25523082581
7409.25523082581
7409.25523082581
7409.25523082581
7409.25523082581
7409.25523082581
7409.25523082581
7409.25523082581
7409.25523082581
7409.25523082581
7409.25523082581
7409.25523082581
7409.25523082581
7409.25523082581
7409.25523082581
7409.25523082581
7409.25523082581
7409.25523082581
7409.25523082581
7409.25523082581
7409.25523082581
7409.25523082581
7409.25523082581
7409.25523082581
7409.25523082581
7409.25523082581
7409.25523082581
7409.25523082581
7409.25523082581
7409.25523082581
7409.25523082581
7409.25523082581
7409.25523082581
7409.25523082581
7409.25523082581
7409.25523082581
7409.25523082581
7409.25523082581
7409.25523082581
7409.25523082581
7409.25523082581
7409.25523082581
7409.25523082581
7409.25523082581
7409.25523082581
7409.25523082581
7409.25523082581
7409.25523082581
7409.25523082581
7409.25523082581
7409.25523082581
7409.25523082581
7409.25523082581
7409.25523082581
7409.25523082581
7409.25523082581
7409.25523082581
7409.25523082581
7409.25523082581
7409.25523082581
7409.25523082581
7409.25523082581
7409.25523082581
7409.25523082581
7409.25523082581
7409.25523082581
7409.25523082581
7409.25523082581
7409.25523082581
7409.25523082581
7409.25523082581
7409.25523082581
7409.25523082581
7409.25523082581
7409.25523082581
7409.25523082581
7409.25523082581
7409.25523082581
7409.25523082581
7409.25523082581
7409.25523082581
7409.25523082581
7409.25523082581
7409.25523082581
7409.25523082581
7409.25523082581
7409.25523082581
7409.25523082581
7409.25523082581
7409.25523082581
7409.25523082581
7409.25523082581
7409.25523082581
7409.25523082581
7409.25523082581
7409.25523082581
7409.25523082581
7409.25523082581
7409.25523082581
7409.25523082581
7409.25523082581
7409.25523082581
7409.25523082581
7409.25523082581
7409.25523082581
7409.25523082581
7409.25523082581
7409.25523082581
7409.25523082581
7409.25523082581
7409.25523082581
7409.25523082581
7409.25523082581
7409.25523082581
7409.25523082581
7409.25523082581
7409.25523082581
7409.25523082581
7409.25523082581
7409.25523082581
7409.25523082581
7409.25523082581
7409.25523082581
7409.25523082581
7409.25523082581
7409.25523082581
7409.25523082581
7409.25523082581
7409.25523082581
7409.25523082581
7409.25523082581
7409.25523082581
7409.25523082581
7409.25523082581
7409.25523082581
7409.25523082581
7409.25523082581
7409.25523082581
7409.25523082581
7409.25523082581
7409.25523082581
7409.25523082581
7409.25523082581
7409.25523082581
7409.25523082581
7409.25523082581
7409.25523082581
7409.25523082581
7409.25523082581
7409.25523082581
7409.25523082581
7409.25523082581
7409.25523082581
7409.25523082581
7409.25523082581
7409.25523082581
7409.25523082581
7409.25523082581
7409.25523082581
7409.25523082581
7409.25523082581
7409.25523082581
7409.25523082581
7409.25523082581
7409.25523082581
7409.25523082581
7409.25523082581
7409.25523082581
7409.25523082581
7409.25523082581
7409.25523082581
7409.25523082581
7409.25523082581
7409.25523082581
7409.25523082581
7409.25523082581
7409.25523082581
7409.25523082581
7414.27961835999
7414.31177553412
7414.31935537547
7414.31935537547
7414.31935537547
7414.31935537547
7414.33968262215
7414.33968262215
7414.33968262215
7414.33968262215
7414.33968262215
7414.33968262215
7414.33968262215
7414.33968262215
7414.33968262215
7414.33968262215
7414.33968262215
7414.33968262215
7414.33968262215
7417.85293008326
7417.90120496089
7417.90120496089
7418.97970884255
7419.0093434391
7419.0093434391
7419.0093434391
7419.01192187981
7419.01192187981
7419.05835566816
7419.05835566816
7419.05835566816
7419.05835566816
7419.05835566816
7419.05835566816
7419.05835566816
7419.05835566816
7419.05835566816
7419.05835566816
7419.05835566816
7419.05835566816
7419.05835566816
7419.05835566816
7419.05835566816
7424.02188210825
7424.02188210825
7424.0690805138
7424.0690805138
7424.0690805138
7424.0690805138
7424.0690805138
7424.0690805138
7424.0690805138
7424.0690805138
7424.0690805138
7424.0690805138
7424.0690805138
7424.0690805138
7424.0690805138
7424.0690805138
7424.0690805138
7424.0690805138
7424.0690805138
7424.0690805138
7424.0690805138
7424.0690805138
7424.0690805138
7424.0690805138
7424.0690805138
7424.0690805138
7424.0690805138
7425.02637477466
7425.06257786173
7425.06524627856
7425.06524627856
7425.06524627856
7425.06524627856
7425.06524627856
7425.06524627856
7425.07528416599
7425.07528416599
7425.07528416599
7425.07528416599
7425.07528416599
7425.07528416599
7425.07528416599
7425.07528416599
7425.07528416599
7425.07528416599
7425.07528416599
7425.07528416599
7425.07528416599
7425.07528416599
7425.07528416599
7425.07528416599
7425.07528416599
7425.07528416599
7425.07528416599
7425.07528416599
7425.07528416599
7425.07528416599
7425.07528416599
7425.07528416599
7425.07528416599
7425.07528416599
7425.07528416599
7425.07528416599
7425.07528416599
7425.07528416599
7425.07528416599
7425.07528416599
7425.07528416599
7425.07528416599
7425.07528416599
7425.07528416599
7425.07528416599
7425.07528416599
7425.07528416599
7425.07528416599
7425.07528416599
7425.07528416599
7425.07528416599
7425.07528416599
7425.07528416599
7425.60565956206
7425.60565956206
7425.62888973863
7425.62888973863
7425.65752886057
7425.65752886057
7425.65752886057
7425.65752886057
7425.65752886057
7425.65752886057
7425.65752886057
7425.65752886057
7425.65752886057
7425.65752886057
7425.65752886057
7425.65752886057
7425.65752886057
7425.65752886057
7425.65752886057
7425.65752886057
7425.65752886057
7425.65752886057
7425.65752886057
7425.65752886057
7425.65752886057
7425.65752886057
7425.65752886057
7425.65752886057
7425.65752886057
7425.65752886057
7425.65752886057
7425.65752886057
7425.65752886057
7425.65752886057
7425.65752886057
7425.65752886057
7425.65752886057
7425.65752886057
7425.65752886057
7425.65752886057
7425.65752886057
7425.65752886057
7425.65752886057
7425.65752886057
7425.65752886057
7425.65752886057
7425.65752886057
7425.65752886057
7425.65752886057
7425.65752886057
7425.65752886057
7425.65752886057
7425.65752886057
7425.65752886057
7425.65752886057
7425.65752886057
7425.65752886057
7425.65752886057
7425.65752886057
7425.65752886057
7425.65752886057
7425.65752886057
7425.65752886057
7425.65752886057
7425.65752886057
7425.65752886057
7425.65752886057
7425.65752886057
7425.65752886057
7425.65752886057
7425.65752886057
7425.65752886057
7425.65752886057
7425.65752886057
7425.65752886057
7425.65752886057
7425.65752886057
7425.65752886057
7425.65752886057
7425.65752886057
7425.65752886057
7425.65752886057
7425.65752886057
7425.65752886057
7425.65752886057
7425.65752886057
7425.65752886057
7425.65752886057
7425.65752886057
7425.65752886057
7425.65752886057
7425.65752886057
7425.65752886057
7425.65752886057
7425.65752886057
7425.65752886057
7425.65752886057
7425.65752886057
7425.65752886057
7425.65752886057
7425.65752886057
7425.65752886057
7425.65752886057
7425.65752886057
7425.65752886057
7425.65752886057
7425.65752886057
7425.65752886057
7425.65752886057
7425.65752886057
7425.65752886057
7425.65752886057
7425.65752886057
7425.65752886057
7425.65752886057
7425.65752886057
7425.65752886057
7425.65752886057
7425.65752886057
7425.65752886057
7425.65752886057
7425.65752886057
7425.65752886057
7425.65752886057
7425.65752886057
7425.65752886057
7425.65752886057
7425.65752886057
7425.65752886057
7425.65752886057
7425.65752886057
7425.65752886057
7425.65752886057
7425.65752886057
7425.65752886057
7425.65752886057
7425.65752886057
7425.65752886057
7425.65752886057
7425.65752886057
7425.65752886057
7425.65752886057
7425.65752886057
7425.65752886057
7425.65752886057
7425.65752886057
7425.65752886057
7425.65752886057
7425.65752886057
7425.65752886057
7425.65752886057
7425.65752886057
7425.65752886057
7425.65752886057
7425.65752886057
7425.65752886057
7425.65752886057
7425.65752886057
7425.65752886057
7425.65752886057
7425.65752886057
7425.65752886057
7425.65752886057
7425.65752886057
7425.65752886057
7425.65752886057
7425.65752886057
7425.65752886057
7425.65752886057
7425.65752886057
7425.65752886057
7425.65752886057
7425.65752886057
7425.65752886057
7425.65752886057
7425.65752886057
7425.65752886057
7425.65752886057
7425.65752886057
7425.65752886057
7425.65752886057
7425.65752886057
7425.65752886057
7425.65752886057
7425.65752886057
7425.65752886057
7425.65752886057
7425.65752886057
7425.65752886057
7425.65752886057
7425.65752886057
7425.65752886057
7425.65752886057
7425.65752886057
7425.65752886057
7425.65752886057
7425.65752886057
7425.65752886057
7425.65752886057
7425.65752886057
7425.65752886057
7425.65752886057
7425.65752886057
7425.65752886057
7425.65752886057
7425.65752886057
7425.65752886057
7425.65752886057
7425.65752886057
7425.65752886057
7425.65752886057
7425.65752886057
7425.65752886057
7425.65752886057
7425.65752886057
7425.65752886057
7425.65752886057
7425.65752886057
7425.65752886057
7425.65752886057
7425.65752886057
7425.65752886057
7425.65752886057
7425.65752886057
7425.65752886057
7425.65752886057
7425.65752886057
7425.65752886057
7425.65752886057
7425.65752886057
7425.65752886057
7425.65752886057
7425.65752886057
7425.65752886057
7425.65752886057
7425.65752886057
7425.65752886057
7425.65752886057
7425.65752886057
7425.65752886057
7425.65752886057
7425.65752886057
7425.65752886057
7425.65752886057
7425.65752886057
7425.65752886057
7425.65752886057
7425.65752886057
7425.65752886057
7425.65752886057
7425.65752886057
7425.65752886057
7425.65752886057
7425.65752886057
7425.65752886057
7425.65752886057
7425.65752886057
7425.65752886057
7425.65752886057
7425.65752886057
7425.65752886057
7425.65752886057
7425.65752886057
7425.65752886057
7425.65752886057
7428.1953786735
7428.23359543707
7428.23359543707
7428.2577170498
7428.2577170498
7428.2577170498
7428.2577170498
7428.2662632202
7428.2662632202
7428.2662632202
7428.27603981456
7428.27603981456
7428.27603981456
7428.27603981456
7428.27603981456
7428.27603981456
7428.27603981456
7428.27603981456
7428.27603981456
7428.27603981456
7428.27603981456
7428.27603981456
7432.41235900067
7432.42654574092
7432.45385117268
7432.45385117268
7432.4713423735
7432.4713423735
7432.4713423735
7432.4713423735
7432.4713423735
7432.4713423735
7432.4713423735
7432.4713423735
7432.4713423735
7432.4713423735
7432.4713423735
7432.4713423735
7432.4713423735
7432.4713423735
7432.4713423735
7432.4713423735
7432.4713423735
7432.4713423735
7432.4713423735
7432.4713423735
7432.4713423735
7432.4713423735
7432.4713423735
7432.4713423735
7432.4713423735
7432.4713423735
7432.4713423735
7432.4713423735
7432.4713423735
7432.4713423735
7432.4713423735
7432.4713423735
7432.4713423735
7432.4713423735
7432.4713423735
7432.4713423735
7432.4713423735
7432.4713423735
7432.4713423735
7432.4713423735
7432.4713423735
7432.4713423735
7432.4713423735
7432.4713423735
7432.4713423735
7432.4713423735
7432.4713423735
7432.4713423735
7432.4713423735
7432.4713423735
7432.4713423735
7432.4713423735
7432.4713423735
7432.4713423735
7432.4713423735
7432.4713423735
7432.4713423735
7432.4713423735
7432.4713423735
7432.4713423735
7432.4713423735
7432.4713423735
7432.4713423735
7432.4713423735
7432.4713423735
7432.4713423735
7432.4713423735
7432.4713423735
7432.4713423735
7432.4713423735
7432.4713423735
7432.4713423735
7432.4713423735
7432.4713423735
7432.4713423735
7432.4713423735
7432.4713423735
7432.4713423735
7432.4713423735
7432.4713423735
7432.4713423735
7432.4713423735
7432.4713423735
7432.4713423735
7432.4713423735
7432.4713423735
7432.4713423735
7432.4713423735
7432.4713423735
7432.4713423735
7432.4713423735
7432.4713423735
7432.4713423735
7432.4713423735
7432.4713423735
7432.4713423735
7432.4713423735
7432.4713423735
7432.4713423735
7432.4713423735
7432.4713423735
7432.4713423735
7432.4713423735
7432.4713423735
7432.4713423735
7432.4713423735
7432.4713423735
7432.4713423735
7432.4713423735
7432.4713423735
7432.4713423735
7432.4713423735
7432.4713423735
7432.4713423735
7432.4713423735
7432.4713423735
7432.4713423735
7432.4713423735
7432.4713423735
7432.4713423735
7432.4713423735
7432.4713423735
7432.4713423735
7432.4713423735
7432.4713423735
7432.4713423735
7432.4713423735
7432.4713423735
7432.4713423735
7432.4713423735
7432.4713423735
7432.4713423735
7432.4713423735
7432.4713423735
7432.4713423735
7432.4713423735
7432.4713423735
7432.4713423735
7432.4713423735
7432.4713423735
7432.4713423735
7432.4713423735
7432.4713423735
7432.4713423735
7432.4713423735
7432.4713423735
7432.4713423735
7432.4713423735
7432.4713423735
7432.4713423735
7432.4713423735
7432.4713423735
7432.4713423735
7432.4713423735
7432.4713423735
7432.4713423735
7432.4713423735
7432.4713423735
7432.4713423735
7432.4713423735
7432.4713423735
7432.4713423735
7432.4713423735
7432.4713423735
7432.4713423735
7432.4713423735
7432.4713423735
7432.4713423735
7432.4713423735
7432.4713423735
7432.4713423735
7432.4713423735
7432.4713423735
7432.4713423735
7432.4713423735
7432.4713423735
7432.4713423735
7440.45895527
7440.45895527
7440.48170820061
7440.48170820061
7440.48170820061
7440.48170820061
7440.48170820061
7440.48170820061
7440.48170820061
7440.48170820061
7440.48170820061
7440.48170820061
7440.48170820061
7440.48170820061
7440.48170820061
7440.48170820061
7440.48170820061
7440.48170820061
7440.48170820061
7440.48170820061
7440.48170820061
7440.48170820061
7440.48170820061
7440.48170820061
7440.48170820061
7440.48170820061
7440.48170820061
7440.48170820061
7440.48170820061
7440.48170820061
7440.48170820061
7440.48170820061
7440.48170820061
7440.48170820061
7440.48170820061
7440.48170820061
7440.48170820061
7440.48170820061
7440.48170820061
7445.56255924926
7445.58030478486
7445.6312794794
7445.6312794794
7445.67758114913
7445.67758114913
7445.67758114913
7445.67758114913
7445.67758114913
7445.67758114913
7445.67758114913
7445.67758114913
7445.67758114913
7445.67758114913
7445.67758114913
7445.67758114913
7445.67758114913
7445.67758114913
7445.67758114913
7445.67758114913
7445.67758114913
7445.67758114913
7445.67758114913
7445.67758114913
7445.67758114913
7445.67758114913
7445.67758114913
7445.67758114913
7445.67758114913
7445.67758114913
7445.67758114913
7445.67758114913
7445.67758114913
7445.67758114913
7445.67758114913
7445.67758114913
7445.67758114913
7445.67758114913
7445.67758114913
7445.67758114913
7445.67758114913
7445.67758114913
7445.67758114913
7445.67758114913
7445.67758114913
7445.67758114913
7445.67758114913
7445.67758114913
7445.67758114913
7445.67758114913
7445.67758114913
7445.67758114913
7445.67758114913
7445.67758114913
7445.67758114913
7445.67758114913
7445.67758114913
7445.67758114913
7445.67758114913
7445.67758114913
7445.67758114913
7445.67758114913
7445.67758114913
7445.67758114913
7445.67758114913
7445.67758114913
7445.67758114913
7445.67758114913
7445.67758114913
7445.67758114913
7445.67758114913
7445.67758114913
7445.67758114913
7445.67758114913
7445.67758114913
7445.67758114913
7445.67758114913
7445.67758114913
7445.67758114913
7445.67758114913
7445.67758114913
7445.67758114913
7445.67758114913
7445.67758114913
7445.67758114913
7445.67758114913
7445.67758114913
7445.67758114913
7449.7483786137
7449.78046030825
7449.80144988893
7449.80604569568
7449.80604569568
7449.80604569568
7449.80604569568
7449.80604569568
7449.80604569568
7449.83053582424
7449.83053582424
7449.83053582424
7449.83053582424
7449.83053582424
7449.83053582424
7451.3288456495
7451.35251209301
7451.39403694912
7451.39403694912
7457.2550693663
7457.27706289209
7457.29275763945
7457.29275763945
7457.29275763945
7457.29275763945
7457.29275763945
7457.29275763945
7457.29275763945
7457.29275763945
7457.29275763945
7457.29275763945
7457.29275763945
7457.29275763945
7457.29275763945
7457.29275763945
7457.29275763945
7457.29275763945
7457.29275763945
7457.29275763945
7457.29275763945
7457.29275763945
7457.29275763945
7457.29275763945
7457.29275763945
7457.29275763945
7457.29275763945
7457.29275763945
7457.29275763945
7457.29275763945
7457.29275763945
7457.29275763945
7457.29275763945
7457.29275763945
7457.29275763945
7457.29275763945
7457.29275763945
7457.29275763945
7457.29275763945
7457.29275763945
7457.29275763945
7457.29275763945
7457.29275763945
7457.29275763945
7457.29275763945
7457.29275763945
7457.29275763945
7457.29275763945
7457.29275763945
7457.29275763945
7457.29275763945
7457.29275763945
7457.29275763945
7457.29275763945
7457.29275763945
7457.29275763945
7457.29275763945
7457.29275763945
7457.29275763945
7457.29275763945
7457.29275763945
7457.29275763945
7457.29275763945
7457.29275763945
7457.29275763945
7457.29275763945
7457.29275763945
7457.29275763945
7457.29275763945
7457.29275763945
7457.29275763945
7457.29275763945
7457.29275763945
7457.29275763945
7457.29275763945
7457.29275763945
7457.29275763945
7457.29275763945
7457.29275763945
7457.29275763945
7457.29275763945
7457.29275763945
7457.29275763945
7457.29275763945
7457.29275763945
7457.29275763945
7457.29275763945
7457.29275763945
7457.29275763945
7457.29275763945
7457.29275763945
7457.29275763945
7457.29275763945
7457.29275763945
7457.29275763945
7457.29275763945
7457.29275763945
7457.29275763945
7457.29275763945
7457.29275763945
7457.29275763945
7457.29275763945
7457.29275763945
7457.29275763945
7457.29275763945
7457.29275763945
7457.29275763945
7457.29275763945
7457.29275763945
7457.29275763945
7457.29275763945
7463.19360051662
7463.22509333165
7463.22509333165
7463.24627102715
7463.24627102715
7463.24627102715
7463.24627102715
7463.24627102715
7463.24627102715
7463.24722490125
7463.24722490125
7463.24722490125
7463.24722490125
7463.24722490125
7463.24722490125
7463.24722490125
7463.24722490125
7463.24722490125
7463.24722490125
7463.24722490125
7463.24722490125
7463.24722490125
7463.24722490125
7463.24722490125
7463.24722490125
7463.24722490125
7463.24722490125
7463.24722490125
7463.24722490125
7463.24722490125
7463.24722490125
7463.24722490125
7463.24722490125
7463.24722490125
7463.24722490125
7463.24722490125
7463.24722490125
7463.24722490125
7463.24722490125
7463.24722490125
7463.24722490125
7463.24722490125
7463.24722490125
7463.24722490125
7463.24722490125
7463.24722490125
7463.24722490125
7463.24722490125
7463.24722490125
7463.24722490125
7463.24722490125
7463.24722490125
7463.24722490125
7463.24722490125
7463.24722490125
7463.24722490125
7463.24722490125
7463.24722490125
7463.24722490125
7463.24722490125
7463.24722490125
7463.24722490125
7463.24722490125
7463.24722490125
7463.24722490125
7463.24722490125
7463.24722490125
7463.24722490125
7463.24722490125
7463.24722490125
7463.24722490125
7463.24722490125
7463.24722490125
7463.24722490125
7463.24722490125
7463.24722490125
7463.24722490125
7463.24722490125
7463.24722490125
7463.24722490125
7463.24722490125
7463.24722490125
7463.24722490125
7463.24722490125
7463.24722490125
7463.24722490125
7463.24722490125
7463.24722490125
7463.24722490125
7463.24722490125
7465.94004366158
7466.00228120744
7466.00228120744
7466.00228120744
7466.00228120744
7466.00228120744
7466.03347755952
7466.03347755952
7466.04703195522
7466.04928067193
7466.04928067193
7466.04928067193
7466.04928067193
7466.04928067193
7466.04928067193
7466.04928067193
7466.04928067193
7466.04928067193
7466.04928067193
7466.04928067193
7466.04928067193
7466.04928067193
7466.04928067193
7466.04928067193
7466.04928067193
7466.04928067193
7466.04928067193
7466.04928067193
7466.04928067193
7466.04928067193
7466.04928067193
7466.04928067193
7466.04928067193
7466.04928067193
7466.04928067193
7466.04928067193
7466.04928067193
7466.04928067193
7466.04928067193
7466.04928067193
7466.04928067193
7466.04928067193
7466.04928067193
7466.04928067193
7466.04928067193
7466.04928067193
7466.04928067193
7466.04928067193
7466.04928067193
7466.04928067193
7466.04928067193
7466.04928067193
7466.04928067193
7466.04928067193
7466.04928067193
7466.04928067193
7466.04928067193
7466.04928067193
7466.04928067193
7466.04928067193
7466.04928067193
7466.04928067193
7466.04928067193
7466.04928067193
7466.04928067193
7466.04928067193
7466.04928067193
7466.04928067193
7466.04928067193
7466.04928067193
7466.04928067193
7466.04928067193
7466.04928067193
7466.04928067193
7466.04928067193
7466.04928067193
7466.04928067193
7466.04928067193
7466.04928067193
7466.04928067193
7466.04928067193
7466.04928067193
7466.04928067193
7466.04928067193
7466.04928067193
7466.04928067193
7466.04928067193
7466.04928067193
7466.04928067193
7466.04928067193
7466.04928067193
7466.04928067193
7466.04928067193
7466.04928067193
7466.04928067193
7466.04928067193
7466.04928067193
7466.04928067193
7466.04928067193
7466.04928067193
7466.04928067193
7466.04928067193
7466.04928067193
7466.89265351586
7466.93210646141
7466.95082926345
7466.95082926345
7466.95082926345
7466.95082926345
7466.95082926345
7466.95082926345
7466.95082926345
7466.95082926345
7466.95082926345
7466.95082926345
7466.95082926345
7466.95082926345
7466.95082926345
7466.95082926345
7466.95082926345
7466.95082926345
7466.95082926345
7466.95082926345
7466.95082926345
7466.95082926345
7466.95082926345
7466.95082926345
7466.95082926345
7466.95082926345
7466.95082926345
7466.95082926345
7466.95082926345
7466.95082926345
7466.95082926345
7466.95082926345
7466.95082926345
7466.95082926345
7466.95082926345
7466.95082926345
7466.95082926345
7466.95082926345
7466.95082926345
7466.95082926345
7466.95082926345
7466.95082926345
7466.95082926345
7466.95082926345
7466.95082926345
7466.95082926345
7466.95082926345
7466.95082926345
7466.95082926345
7466.95082926345
7466.95082926345
7466.95082926345
7466.95082926345
7476.73102209209
7476.73102209209
7476.73102209209
7476.75013821061
7476.75013821061
7476.75013821061
7476.75013821061
7476.75013821061
7476.75013821061
7476.75217470494
7476.75217470494
7476.75217470494
7476.75217470494
7476.75217470494
7476.75217470494
7476.75217470494
7476.75217470494
7476.75217470494
7476.75217470494
7476.75217470494
7476.75217470494
7476.75217470494
7476.75217470494
7476.75217470494
7476.75217470494
7476.75217470494
7476.75217470494
7476.75217470494
7476.75217470494
7476.75217470494
7476.75217470494
7476.75217470494
7476.75217470494
7476.75217470494
7476.75217470494
7476.75217470494
7483.96738573223
7484.07226432359
7484.07226432359
7484.07226432359
7484.07355170307
7484.07436039324
7484.07964204648
7484.07964204648
7484.07964204648
7484.07964204648
7484.0920409945
7484.0920409945
7484.0920409945
7484.0920409945
7484.0920409945
7484.0920409945
7484.0920409945
7484.0920409945
7484.0920409945
7484.0920409945
7484.0920409945
7484.0920409945
7484.0920409945
7484.0920409945
7484.0920409945
7484.0920409945
7484.0920409945
7484.0920409945
7484.0920409945
7484.0920409945
7484.0920409945
7484.0920409945
7484.0920409945
7484.0920409945
7484.0920409945
7484.0920409945
7484.0920409945
7484.0920409945
7484.0920409945
7484.0920409945
7484.0920409945
7484.0920409945
7484.0920409945
7484.0920409945
7484.0920409945
7484.0920409945
7484.0920409945
7484.0920409945
7484.0920409945
7484.0920409945
7484.0920409945
7484.0920409945
7484.0920409945
7484.0920409945
7484.0920409945
7484.0920409945
7484.0920409945
7484.0920409945
7484.0920409945
7484.0920409945
7484.0920409945
7484.0920409945
7484.0920409945
7484.0920409945
7484.0920409945
7484.0920409945
7484.0920409945
7484.0920409945
7484.0920409945
7484.0920409945
7484.0920409945
7484.0920409945
7484.0920409945
7484.0920409945
7484.0920409945
7484.0920409945
7484.0920409945
7484.0920409945
7484.0920409945
7484.0920409945
7484.0920409945
7484.0920409945
7484.0920409945
7484.0920409945
7484.0920409945
7484.0920409945
7484.0920409945
7484.0920409945
7484.0920409945
7484.0920409945
7484.0920409945
7484.0920409945
7484.0920409945
7484.0920409945
7484.0920409945
7484.0920409945
7484.0920409945
7484.0920409945
7484.0920409945
7484.0920409945
7484.0920409945
7484.0920409945
7484.0920409945
7484.0920409945
7484.0920409945
7484.0920409945
7484.0920409945
7484.0920409945
7484.0920409945
7484.0920409945
7484.0920409945
7484.0920409945
7484.0920409945
7484.0920409945
7484.0920409945
7484.0920409945
7484.0920409945
7484.0920409945
7484.0920409945
7484.0920409945
7484.0920409945
7484.0920409945
7484.0920409945
7484.0920409945
7484.0920409945
7484.0920409945
7484.0920409945
7484.0920409945
7484.0920409945
7484.0920409945
7484.0920409945
7484.0920409945
7484.0920409945
7484.0920409945
7484.0920409945
7484.0920409945
7484.0920409945
7489.35094198993
7489.35286606686
7489.35286606686
7489.36420564669
7489.36420564669
7489.36504494197
7489.38677636209
7489.39180314725
7489.39180314725
7489.39180314725
7489.39180314725
7489.39180314725
7489.39180314725
7489.39180314725
7489.39180314725
7489.39180314725
7489.39180314725
7489.39180314725
7490.58109589234
7490.58109589234
7490.58109589234
7490.58109589234
7490.58109589234
7490.58109589234
7490.58109589234
7490.58109589234
7490.58258484
7490.58258484
7490.58258484
7490.58258484
7490.58258484
7490.58258484
7490.58258484
7490.58258484
7490.58258484
7490.58258484
7490.58258484
7490.58258484
7490.58258484
7490.58258484
7490.58258484
7490.58258484
7490.58258484
7490.58258484
7490.58258484
7490.58258484
7490.58258484
7490.58258484
7490.58258484
7490.58258484
7490.58258484
7490.58258484
7490.58258484
7490.58258484
7490.58258484
7490.58258484
7490.58258484
7490.58258484
7490.58258484
7490.58258484
7490.58258484
7491.38909644416
7491.4192791386
7491.4313451923
7491.4313451923
7491.4313451923
7491.45232728499
7491.45640392379
7491.45640392379
7491.45640392379
7491.45640392379
7491.45640392379
7491.45640392379
7491.45640392379
7491.45640392379
7491.45640392379
7491.45640392379
7491.45640392379
7491.45640392379
7491.45640392379
7491.45640392379
7491.45640392379
7491.45640392379
7491.45640392379
7491.45640392379
7491.45640392379
7491.45640392379
7491.45640392379
7491.45640392379
7491.45640392379
7491.45640392379
7491.45640392379
7491.45640392379
7491.45640392379
7491.45640392379
7491.45640392379
7491.45640392379
7491.45640392379
7491.45640392379
7491.45640392379
7491.45640392379
7491.45640392379
7491.45640392379
7491.45640392379
7491.45640392379
7491.45640392379
7491.45640392379
7491.45640392379
7491.45640392379
7491.45640392379
7491.45640392379
7491.45640392379
7491.45640392379
7491.45640392379
7491.45640392379
7491.45640392379
7491.45640392379
7491.45640392379
7491.45640392379
7491.45640392379
7491.45640392379
7491.45640392379
7491.45640392379
7491.45640392379
7491.45640392379
7491.45640392379
7491.45640392379
7491.45640392379
7491.45640392379
7491.45640392379
7491.45640392379
7491.45640392379
7491.45640392379
7491.45640392379
7491.45640392379
7491.45640392379
7491.45640392379
7491.45640392379
7491.45640392379
7491.45640392379
7491.45640392379
7491.45640392379
7491.45640392379
7491.45640392379
7491.45640392379
7491.45640392379
7491.45640392379
7491.45640392379
7491.45640392379
7491.45640392379
7491.45640392379
7491.45640392379
7491.45640392379
7491.45640392379
7491.45640392379
7491.45640392379
7491.45640392379
7491.45640392379
7491.45640392379
7491.45640392379
7491.45640392379
7491.45640392379
7491.45640392379
7491.45640392379
7491.45640392379
7491.45640392379
7491.45640392379
7491.45640392379
7491.45640392379
7491.45640392379
7491.45640392379
7491.45640392379
7491.45640392379
7491.45640392379
7491.45640392379
7491.45640392379
7491.45640392379
7491.45640392379
7491.45640392379
7491.45640392379
7491.45640392379
7491.45640392379
7491.45640392379
7491.45640392379
7491.45640392379
7491.45640392379
7491.45640392379
7491.45640392379
7491.45640392379
7491.45640392379
7491.45640392379
7491.45640392379
7491.45640392379
7491.45640392379
7491.45640392379
7491.45640392379
7491.45640392379
7491.45640392379
7491.45640392379
7491.45640392379
7491.45640392379
7491.45640392379
7491.45640392379
7491.45640392379
7491.45640392379
7491.45640392379
7491.45640392379
7491.45640392379
7504.2503852616
7504.2503852616
7504.2503852616
7504.25517741819
7504.25517741819
7504.25517741819
7504.25517741819
7504.25517741819
7504.25517741819
7504.25517741819
7504.25517741819
7504.25517741819
7504.268402561
7504.268402561
7504.268402561
7504.268402561
7504.27864142458
7504.30729060111
7504.30729060111
7504.30729060111
7504.30729060111
7504.30729060111
7504.30729060111
7504.30729060111
7504.30729060111
7504.30729060111
7504.30729060111
7504.30729060111
7504.30729060111
7504.30729060111
7504.30729060111
7504.30729060111
7504.30729060111
7504.30729060111
7504.30729060111
7504.30729060111
7504.30729060111
7504.30729060111
7504.30729060111
7504.30729060111
7504.30729060111
7504.30729060111
7504.30729060111
7504.30729060111
7504.30729060111
7504.30729060111
7504.30729060111
7504.30729060111
7504.30729060111
7504.30729060111
7504.30729060111
7504.30729060111
7504.30729060111
7504.30729060111
7504.30729060111
7504.30729060111
7504.30729060111
7504.30729060111
7504.30729060111
7504.30729060111
7504.30729060111
7504.30729060111
7504.30729060111
7504.30729060111
7504.30729060111
7504.30729060111
7504.30729060111
7504.30729060111
7504.30729060111
7504.30729060111
7504.30729060111
7504.30729060111
7504.30729060111
7504.30729060111
7504.30729060111
7504.30729060111
7504.30729060111
7504.30729060111
7504.30729060111
7504.30729060111
7504.30729060111
7504.30729060111
7504.30729060111
7504.30729060111
7504.30729060111
7504.30729060111
7504.30729060111
7504.30729060111
7504.30729060111
7504.30729060111
7504.30729060111
7504.30729060111
7504.30729060111
7504.30729060111
7504.30729060111
7504.30729060111
7504.30729060111
7504.30729060111
7504.30729060111
7504.30729060111
7504.30729060111
7504.30729060111
7504.30729060111
7504.30729060111
7504.30729060111
7504.30729060111
7504.30729060111
7504.30729060111
7504.30729060111
7504.30729060111
7504.30729060111
7504.30729060111
7504.30729060111
7504.30729060111
7504.30729060111
7507.00152258313
7507.03434529732
7513.15475101265
7513.16190555926
7513.16461809205
7513.17202562415
7513.17202562415
7513.17202562415
7513.17202562415
7513.17202562415
7513.19620803316
7513.19620803316
7513.19620803316
7513.19620803316
7513.19620803316

