5313.54472955908
5566.45155950496
5756.72441757441
5847.41266977718
5925.68375793331
5990.4429191195
6040.4832796069
6074.54508733427
6107.40469566459
6140.54617794648
6168.05578672208
6177.02340675115
6195.96790973273
6213.66012672893
6225.99928310777
6257.36372546485
6261.51957030962
6266.66026836104
6284.96433936928
6297.31383207296
6318.27124035508
6351.89820927486
6360.28564391346
6364.03662677964
6367.862185466
6368.4826727311
6384.58501784642
6406.41665888763
6408.19335318631
6416.85881005716
6418.77312723713
6428.14853320803
6431.39290237611
6446.94255997845
6451.47208296535
6454.94711391942
6459.34663424509
6461.51998011956
6463.01344882041
6468.85925866369
6475.11371776077
6480.07223552987
6480.07223552987
6488.22973293728
6491.78682572924
6511.16007139869
6512.70646057342
6516.27231559271
6523.17797082056
6527.6806824662
6527.6806824662
6528.77487447893
6532.13782609342
6539.11994105651
6539.11994105651
6542.01104638045
6542.01104638045
6542.01104638045
6553.07111124516
6556.61462927014
6558.54162092062
6560.94740586767
6575.43437097726
6575.43437097726
6575.43437097726
6583.95892952678
6583.95892952678
6583.95892952678
6588.01803245794
6588.01803245794
6588.01803245794
6596.35790385575
6596.48167459129
6596.99445201537
6596.99445201537
6598.3133850152
6598.3133850152
6598.3133850152
6601.19114542043
6607.16957130361
6607.16957130361
6618.77449823278
6621.39675818954
6621.44158948331
6623.77358328526
6634.30954115107
6634.30954115107
6634.30954115107
6634.30954115107
6634.39537692479
6637.03457999959
6637.03457999959
6645.87978770904
6648.02171174632
6658.59649428366
6658.59649428366
6662.2471185085
6663.44304605038
6663.89966929821
6666.26624664244
6666.26624664244
6668.276459298
6669.64000605401
6669.96211575768
6669.96211575768
6670.36159361524
6670.36159361524
6670.78788933929
6672.99040267198
6672.99040267198
6686.8992854639
6690.19214423755
6690.64985973999
6690.64985973999
6690.64985973999
6690.64985973999
6691.17545928922
6693.21526416316
6696.53829834181
6696.53829834181
6696.53829834181
6696.53829834181
6698.43803959831
6698.43803959831
6698.43803959831
6698.43803959831
6698.43803959831
6700.70092311761
6701.3721435255
6701.3721435255
6705.88762187492
6716.67542685846
6716.67542685846
6716.67542685846
6716.67542685846
6719.76390652705
6719.76390652705
6722.05227605101
6722.05227605101
6722.05227605101
6723.58855444312
6723.58855444312
6723.58855444312
6723.58855444312
6723.58855444312
6723.91765557278
6729.43923785576
6729.86982006079
6729.86982006079
6735.90263734278
6735.90263734278
6742.92171773064
6742.92171773064
6742.92171773064
6742.92171773064
6742.92171773064
6742.92171773064
6742.92171773064
6746.18469210095
6746.18469210095
6747.72849738344
6747.72849738344
6747.72849738344
6747.72849738344
6747.82938367352
6749.94198834912
6749.94198834912
6749.94198834912
6753.32903796945
6753.52500318745
6753.52500318745
6753.52500318745
6753.52500318745
6753.52500318745
6754.21853445432
6764.87130547221
6764.87130547221
6764.87130547221
6776.17495377406
6780.11571700506
6780.11571700506
6780.11571700506
6780.11571700506
6782.9820265778
6782.9820265778
6782.9820265778
6782.9820265778
6782.9820265778
6782.9820265778
6784.65273443608
6784.65273443608
6792.98946893114
6792.98946893114
6792.98946893114
6792.98946893114
6798.99320706701
6798.99320706701
6798.99320706701
6798.99320706701
6798.99320706701
6798.99320706701
6798.99320706701
6798.99320706701
6798.99320706701
6802.91921085534
6804.31682926133
6804.31682926133
6804.31682926133
6804.31682926133
6805.54635805489
6808.14197109581
6809.6228227775
6809.6228227775
6812.0363627858
6812.0363627858
6812.0363627858
6812.72873858319
6812.72873858319
6812.72873858319
6816.07416520361
6816.8524267256
6816.8524267256
6816.8524267256
6816.8524267256
6820.18100154024
6820.18100154024
6820.18100154024
6822.80807072553
6822.80807072553
6822.80807072553
6822.80807072553
6822.80807072553
6824.46766368329
6824.46766368329
6824.46766368329
6824.46766368329
6824.46766368329
6824.46766368329
6824.46766368329
6824.46766368329
6827.53991999932
6827.53991999932
6827.53991999932
6827.53991999932
6827.53991999932
6827.53991999932
6829.59930902047
6829.59930902047
6829.59930902047
6829.59930902047
6830.0154093117
6830.0154093117
6830.0154093117
6830.0154093117
6830.0154093117
6830.0154093117
6830.0154093117
6830.0154093117
6830.0154093117
6832.48610932031
6837.66003784486
6837.66003784486
6837.66003784486
6842.00971116165
6845.24215710606
6859.03888328646
6859.03888328646
6859.03888328646
6859.03888328646
6859.03888328646
6859.03888328646
6859.03888328646
6859.80375612497
6859.80375612497
6859.80375612497
6860.94083877442
6863.80472373636
6863.80472373636
6863.80472373636
6863.80472373636
6863.80472373636
6863.80472373636
6864.57103144204
6864.57103144204
6864.57103144204
6864.57103144204
6864.57103144204
6867.61883058588
6867.61883058588
6867.61883058588
6868.99449208065
6868.99449208065
6868.99449208065
6868.99449208065
6868.99449208065
6871.12324519008
6875.80592346846
6875.80592346846
6875.80592346846
6875.80592346846
6875.80592346846
6880.08100442567
6880.08100442567
6880.08100442567
6880.08100442567
6880.08100442567
6880.08100442567
6885.36925014293
6887.89219553409
6887.89219553409
6890.67221122364
6900.98288703809
6900.98288703809
6900.98288703809
6900.98288703809
6900.98288703809
6900.98288703809
6900.98288703809
6900.98288703809
6900.98288703809
6900.98288703809
6900.98288703809
6900.98288703809
6900.98288703809
6900.98288703809
6900.98288703809
6900.98288703809
6900.98288703809
6900.98288703809
6900.98288703809
6900.98288703809
6900.98288703809
6900.98288703809
6900.98288703809
6900.98288703809
6900.98288703809
6900.98288703809
6900.98288703809
6900.98288703809
6901.64363423622
6902.23798184263
6902.23798184263
6902.23798184263
6902.23798184263
6902.23798184263
6902.23798184263
6902.23798184263
6902.23798184263
6904.9448455466
6904.9448455466
6904.9448455466
6904.9448455466
6907.35644423243
6907.35644423243
6907.35644423243
6907.35644423243
6907.35644423243
6907.35644423243
6907.35644423243
6907.35644423243
6907.35644423243
6907.35644423243
6907.35644423243
6907.35644423243
6907.35644423243
6907.78514070232
6907.78514070232
6907.78514070232
6907.78514070232
6913.92339164416
6913.92339164416
6913.92339164416
6913.92339164416
6913.92339164416
6913.92339164416
6914.32678019983
6914.32678019983
6914.32678019983
6914.32678019983
6914.32678019983
6914.32678019983
6914.32678019983
6915.31979069439
6915.31979069439
6915.31979069439
6915.31979069439
6915.31979069439
6915.31979069439
6915.31979069439
6915.31979069439
6915.31979069439
6915.31979069439
6915.31979069439
6915.31979069439
6918.01275269366
6918.01275269366
6919.61010670981
6919.61010670981
6919.61010670981
6919.61010670981
6919.76822445579
6919.76822445579
6924.64675508005
6924.64675508005
6924.64675508005
6924.64675508005
6924.64675508005
6931.59857024233
6931.59857024233
6931.59857024233
6931.59857024233
6937.48603568733
6937.48603568733
6943.1178338133
6943.1178338133
6943.1178338133
6943.1178338133
6943.1178338133
6943.1178338133
6943.1178338133
6943.1178338133
6943.1178338133
6943.1178338133
6943.1178338133
6943.1178338133
6943.1178338133
6943.1178338133
6943.1178338133
6947.72448371037
6950.56661653344
6950.56661653344
6950.56661653344
6950.56661653344
6950.56661653344
6953.79504514513
6953.79504514513
6954.36690911859
6954.36690911859
6954.36690911859
6954.36690911859
6954.36690911859
6954.36690911859
6954.36690911859
6954.36690911859
6954.36690911859
6954.36690911859
6954.36690911859
6954.36690911859
6954.36690911859
6954.36690911859
6954.36690911859
6954.36690911859
6954.36690911859
6954.36690911859
6954.36690911859
6954.36690911859
6954.36690911859
6954.36690911859
6954.36690911859
6958.00926286054
6958.00926286054
6958.00926286054
6958.00926286054
6958.00926286054
6958.00926286054
6958.00926286054
6958.00926286054
6958.00926286054
6958.31305640565
6958.31305640565
6958.31305640565
6958.31305640565
6958.31305640565
6958.31305640565
6958.31305640565
6958.60150252442
6959.13835158793
6959.13835158793
6959.13835158793
6959.13835158793
6959.13835158793
6959.13835158793
6959.13835158793
6959.13835158793
6959.99209679624
6959.99209679624
6959.99209679624
6959.99209679624
6959.99209679624
6959.99209679624
6959.99209679624
6959.99209679624
6959.99209679624
6959.99209679624
6960.29927220608
6962.56059777757
6962.56059777757
6962.56059777757
6967.309625724
6967.309625724
6967.309625724
6968.46966948658
6968.46966948658
6968.64119334198
6968.64119334198
6968.64119334198
6969.31463611543
6969.31463611543
6969.31463611543
6969.31463611543
6969.31463611543
6969.31463611543
6969.31463611543
6969.31463611543
6979.28548193238
6983.55846923291
6983.55846923291
6983.55846923291
6983.55846923291
6983.55846923291
6983.55846923291
6983.55846923291
6983.55846923291
6983.55846923291
6983.55846923291
6983.55846923291
6986.13597850114
6986.13597850114
6986.13597850114
6986.13597850114
6986.13597850114
6986.13597850114
6990.33436472933
6990.33436472933
6991.20209123151
6991.20209123151
6991.20209123151
6991.20209123151
6991.20209123151
6991.20209123151
6993.78351472125
6999.8009818742
6999.8009818742
6999.8009818742
6999.8009818742
6999.8009818742
6999.8009818742
6999.8009818742
6999.8009818742
7002.92148316498
7002.92148316498
7002.92148316498
7002.92148316498
7002.92148316498
7002.92148316498
7004.43146574016
7009.22478682576
7009.22478682576
7009.22478682576
7009.22478682576
7009.22478682576
7009.22478682576
7009.22478682576
7009.22478682576
7009.22478682576
7009.22478682576
7009.22478682576
7009.22478682576
7009.24454487105
7013.70834891963
7013.70834891963
7013.70834891963
7013.70834891963
7013.70834891963
7013.70834891963
7013.70834891963
7013.70834891963
7013.70834891963
7013.70834891963
7013.70834891963
7013.70834891963
7016.92331660607
7016.92331660607
7016.92331660607
7024.89456266504
7024.89456266504
7024.89456266504
7025.70407311477
7025.70407311477
7025.70407311477
7029.85891321594
7029.85891321594
7029.85891321594
7029.85891321594
7029.85891321594
7035.78905559672
7035.78905559672
7035.78905559672
7035.78905559672
7035.78905559672
7035.78905559672
7035.78905559672
7035.78905559672
7035.78905559672
7035.78905559672
7035.78905559672
7035.78905559672
7036.81635055398
7036.81635055398
7036.81635055398
7036.81635055398
7036.81635055398
7036.81635055398
7036.81635055398
7036.81635055398
7036.81635055398
7036.81635055398
7036.81635055398
7036.81635055398
7036.81635055398
7036.81635055398
7036.9600761346
7037.03139915066
7037.03139915066
7037.03139915066
7037.03139915066
7037.03139915066
7037.03139915066
7037.03139915066
7037.03139915066
7037.03139915066
7037.03139915066
7037.03139915066
7041.94902079899
7041.94902079899
7041.94902079899
7041.94902079899
7048.71556145593
7048.71556145593
7048.71556145593
7048.71556145593
7048.71556145593
7048.71556145593
7048.71556145593
7048.71556145593
7048.71556145593
7048.71556145593
7048.71556145593
7048.71556145593
7048.71556145593
7048.71556145593
7048.71556145593
7050.03165423371
7050.03165423371
7050.03165423371
7050.03165423371
7050.03165423371
7050.03165423371
7050.03165423371
7050.03165423371
7050.03165423371
7050.03165423371
7050.03165423371
7050.03165423371
7050.03165423371
7050.03165423371
7050.03165423371
7050.03165423371
7050.03165423371
7050.03165423371
7050.03165423371
7050.03165423371
7054.70633670654
7054.70633670654
7054.70633670654
7054.70633670654
7054.99245508316
7055.55129832333
7055.55129832333
7055.55129832333
7055.55129832333
7055.55129832333
7056.56088027942
7056.56088027942
7056.56088027942
7056.56088027942
7056.56088027942
7056.56088027942
7056.56088027942
7056.56088027942
7056.56088027942
7056.56088027942
7056.56088027942
7056.56088027942
7056.56088027942
7064.88669189164
7064.88669189164
7064.88669189164
7064.88669189164
7064.88669189164
7064.88669189164
7064.88669189164
7064.88669189164
7064.88669189164
7068.00353550272
7068.00353550272
7068.00353550272
7068.00353550272
7068.00353550272
7068.00353550272
7068.00353550272
7068.00353550272
7068.00353550272
7068.00353550272
7068.00353550272
7068.00353550272
7068.00353550272
7068.13184059204
7068.13184059204
7068.13184059204
7068.48502623862
7068.48502623862
7068.48502623862
7068.48502623862
7068.48502623862
7068.48502623862
7068.48502623862
7068.48502623862
7068.48502623862
7068.48502623862
7068.48502623862
7068.78056907034
7068.78056907034
7068.78056907034
7068.78056907034
7068.78056907034
7068.78056907034
7068.78056907034
7068.78056907034
7068.78056907034
7068.78056907034
7068.78056907034
7068.78056907034
7068.78056907034
7070.96771003927
7070.96771003927
7070.96771003927
7070.96771003927
7070.96771003927
7070.96771003927
7070.96771003927
7070.96771003927
7071.70469631609
7071.70469631609
7071.70469631609
7071.70469631609
7071.70469631609
7071.70469631609
7071.70469631609
7071.70469631609
7071.70469631609
7071.70469631609
7071.70469631609
7071.70469631609
7071.70469631609
7071.73241310034
7071.73241310034
7071.73241310034
7071.73241310034
7071.73241310034
7071.73241310034
7071.73241310034
7071.73241310034
7071.73241310034
7071.73241310034
7071.73241310034
7071.73241310034
7071.73241310034
7071.73241310034
7071.73241310034
7071.73241310034
7071.73241310034
7071.73241310034
7071.73241310034
7071.87941714536
7072.55117675685
7072.55117675685
7072.55117675685
7072.55117675685
7072.55117675685
7072.55117675685
7072.55117675685
7072.55117675685
7072.55117675685
7072.55117675685
7072.55117675685
7072.55117675685
7072.55117675685
7072.55117675685
7075.92121400716
7075.92121400716
7075.92121400716
7075.92121400716
7075.92121400716
7075.92121400716
7075.92121400716
7075.92121400716
7075.92121400716
7075.92121400716
7075.92121400716
7079.28158439876
7079.28158439876
7079.28158439876
7079.28158439876
7079.28158439876
7079.28158439876
7079.28158439876
7079.28158439876
7079.28158439876
7079.28158439876
7079.28158439876
7079.28158439876
7080.49228665505
7080.49228665505
7080.49228665505
7080.49228665505
7080.49228665505
7080.49228665505
7080.49228665505
7080.49228665505
7081.02453213455
7081.02453213455
7081.02453213455
7081.02453213455
7084.43947820497
7087.77548062009
7087.77548062009
7087.77548062009
7087.77548062009
7087.77548062009
7087.77548062009
7087.77548062009
7087.77548062009
7087.77548062009
7087.77548062009
7087.77548062009
7087.77548062009
7087.77548062009
7087.77548062009
7087.77548062009
7087.77548062009
7087.77548062009
7087.77548062009
7087.77548062009
7087.77548062009
7090.30362411178
7090.30362411178
7090.30362411178
7090.30362411178
7090.30362411178
7090.30362411178
7090.30362411178
7090.30362411178
7090.30362411178
7090.30362411178
7090.30362411178
7090.30362411178
7090.30362411178
7090.30362411178
7090.30362411178
7090.30362411178
7090.30362411178
7090.30362411178
7090.30362411178
7092.06667840965
7092.06667840965
7092.06667840965
7092.06667840965
7092.06667840965
7092.06667840965
7092.06667840965
7095.48912041852
7095.48912041852
7095.48912041852
7095.48912041852
7095.48912041852
7095.48912041852
7095.48912041852
7095.48912041852
7095.48912041852
7095.48912041852
7095.48912041852
7095.48912041852
7095.48912041852
7096.00856728429
7096.00856728429
7096.00856728429
7096.00856728429
7096.00856728429
7096.00856728429
7096.00856728429
7096.00856728429
7096.00856728429
7096.00856728429
7105.05515084485
7105.05515084485
7105.05515084485
7105.05515084485
7105.05515084485
7105.05515084485
7105.05515084485
7105.05515084485
7105.05515084485
7105.05515084485
7105.05515084485
7105.05515084485
7105.05515084485
7106.49603496446
7106.49603496446
7106.49603496446
7106.49603496446
7106.49603496446
7106.49603496446
7106.49603496446
7107.52888888715
7107.52888888715
7107.52888888715
7107.52888888715
7108.0557167697
7108.0557167697
7108.0557167697
7108.0557167697
7108.0557167697
7108.0557167697
7108.0557167697
7111.34335879686
7111.34335879686
7111.34335879686
7111.34335879686
7111.34335879686
7111.34335879686
7111.34335879686
7111.34335879686
7111.34335879686
7111.34335879686
7111.34335879686
7111.34335879686
7111.34335879686
7111.34335879686
7111.34335879686
7111.34335879686
7111.34335879686
7111.34335879686
7111.34335879686
7116.40690657656
7116.40690657656
7116.40690657656
7116.40690657656
7116.40690657656
7116.40690657656
7116.40690657656
7116.40690657656
7116.40690657656
7116.40690657656
7116.40690657656
7116.40690657656
7116.40690657656
7116.40690657656
7116.40690657656
7116.40690657656
7116.40690657656
7116.40690657656
7116.40690657656
7116.40690657656
7116.40690657656
7116.40690657656
7116.40690657656
7116.40690657656
7116.40690657656
7116.40690657656
7116.40690657656
7116.40690657656
7116.40690657656
7121.64533109862
7121.64533109862
7121.64533109862
7121.64533109862
7121.64533109862
7121.64533109862
7121.64533109862
7121.64533109862
7121.64533109862
7121.64533109862
7121.64533109862
7121.64533109862
7121.64533109862
7121.64533109862
7121.64533109862
7123.81629225213
7123.81629225213
7123.81629225213
7123.81629225213
7123.81629225213
7123.81629225213
7123.81629225213
7123.81629225213
7125.99085459759
7125.99085459759
7125.99085459759
7125.99085459759
7125.99085459759
7125.99085459759
7125.99085459759
7125.99085459759
7125.99085459759
7125.99085459759
7125.99085459759
7125.99085459759
7125.99085459759
7125.99085459759
7125.99085459759
7125.99085459759
7125.99085459759
7125.99085459759
7125.99085459759
7125.99085459759
7125.99085459759
7131.54575072282
7131.54575072282
7132.63839783369
7132.63839783369
7132.63839783369
7132.63839783369
7132.63839783369
7132.63839783369
7132.63839783369
7132.63839783369
7132.63839783369
7132.63839783369
7132.63839783369
7132.63839783369
7132.63839783369
7132.63839783369
7132.63839783369
7132.63839783369
7132.63839783369
7132.63839783369
7132.63839783369
7139.74113614866
7139.74113614866
7139.74113614866
7139.74113614866
7154.18848845296
7157.97330234352
7157.97330234352
7157.97330234352
7157.97330234352
7157.97330234352
7157.97330234352
7157.97330234352
7157.97330234352
7157.97330234352
7157.97330234352
7157.97330234352
7157.97330234352
7157.97330234352
7157.97330234352
7157.97330234352
7157.97330234352
7157.97330234352
7157.97330234352
7157.97330234352
7157.97330234352
7157.97330234352
7157.97330234352
7157.97330234352
7157.97330234352
7157.97330234352
7157.97330234352
7157.97330234352
7157.97330234352
7157.97330234352
7157.97330234352
7157.97330234352
7157.97330234352
7157.97330234352
7159.49493837378
7161.32634557798
7161.32634557798
7161.32634557798
7161.32634557798
7161.32634557798
7161.32634557798
7165.77538860595
7165.77538860595
7165.77538860595
7165.77538860595
7165.77538860595
7165.77538860595
7165.77538860595
7165.77538860595
7165.77538860595
7165.77538860595
7165.77538860595
7165.77538860595
7165.77538860595
7165.77538860595
7165.77538860595
7165.77538860595
7165.77538860595
7165.77538860595
7165.77538860595
7165.77538860595
7165.91259717036
7165.91259717036
7165.91259717036
7165.91259717036
7165.91259717036
7165.91259717036
7165.91259717036
7165.91259717036
7165.91259717036
7165.91259717036
7165.91259717036
7165.91259717036
7165.91259717036
7165.91259717036
7168.70407750097
7168.70407750097
7168.70407750097
7168.70407750097
7168.70407750097
7168.70407750097
7168.70407750097
7168.70407750097
7168.70407750097
7168.70407750097
7168.70407750097
7168.70407750097
7168.70407750097
7168.70407750097
7168.70407750097
7168.70407750097
7168.70407750097
7168.70407750097
7168.70407750097
7168.70407750097
7168.70407750097
7168.70407750097
7168.70407750097
7168.70407750097
7168.70407750097
7168.70407750097
7168.70407750097
7168.70407750097
7168.70407750097
7168.70407750097
7168.70407750097
7168.70407750097
7168.70407750097
7168.70407750097
7170.63608658546
7170.63608658546
7170.63608658546
7170.63608658546
7170.63608658546
7170.63608658546
7174.09762866502
7174.09762866502
7174.09762866502
7174.09762866502
7174.09762866502
7174.09762866502
7174.09762866502
7174.09762866502
7174.09762866502
7174.09762866502
7174.09762866502
7174.09762866502
7174.09762866502
7174.09762866502
7174.09762866502
7174.09762866502
7174.09762866502
7174.09762866502
7174.09762866502
7174.62368461063
7174.62368461063
7174.62368461063
7175.25103759808
7175.25103759808
7175.25103759808
7175.58551222875
7175.58551222875
7175.58551222875
7175.58551222875
7175.58551222875
7175.58551222875
7175.58551222875
7175.58551222875
7175.58551222875
7175.58551222875
7175.58551222875
7175.58551222875
7175.58551222875
7175.58551222875
7175.58551222875
7175.58551222875
7175.58551222875
7175.58551222875
7175.58551222875
7175.58551222875
7175.58551222875
7175.58551222875
7175.58551222875
7175.58551222875
7175.58551222875
7175.58551222875
7175.58551222875
7175.58551222875
7175.58551222875
7175.58551222875
7175.58551222875
7175.58551222875
7175.58551222875
7175.58551222875
7175.58551222875
7175.58551222875
7175.58551222875
7175.58551222875
7175.58551222875
7175.58551222875
7175.58551222875
7175.58551222875
7175.58551222875
7175.58551222875
7175.58551222875
7175.58551222875
7175.58551222875
7175.58551222875
7175.58551222875
7175.58551222875
7175.58551222875
7175.58551222875
7175.58551222875
7175.58551222875
7175.58551222875
7177.45138949879
7177.45138949879
7178.28180680599
7189.88435567242
7193.44873026641
7193.44873026641
7193.44873026641
7193.44873026641
7193.44873026641
7193.54491452344
7193.54491452344
7193.54491452344
7193.54491452344
7193.54491452344
7193.54491452344
7193.54491452344
7194.68710573979
7194.68710573979
7194.68710573979
7197.87012768245
7197.87012768245
7197.87012768245
7197.87012768245
7197.87012768245
7197.87012768245
7197.87012768245
7197.87012768245
7197.87012768245
7197.87012768245
7197.87012768245
7197.87012768245
7197.91683176672
7197.91683176672
7197.91683176672
7197.91683176672
7197.91683176672
7199.93305047207
7200.51547569166
7202.64605233793
7202.64605233793
7202.64605233793
7202.64605233793
7202.64605233793
7202.64605233793
7202.64605233793
7202.64605233793
7202.64605233793
7202.64605233793
7202.64605233793
7202.64605233793
7202.64605233793
7202.64605233793
7202.64605233793
7202.64605233793
7202.64605233793
7202.64605233793
7202.64605233793
7202.64605233793
7202.64605233793
7202.64605233793
7202.64605233793
7202.64605233793
7202.64605233793
7202.64605233793
7202.64605233793
7202.64605233793
7202.64605233793
7203.12455129355
7203.12455129355
7203.12455129355
7203.12455129355
7203.12455129355
7203.12455129355
7203.12455129355
7203.12455129355
7214.78047119878
7214.78047119878
7214.78047119878
7214.78047119878
7214.78047119878
7214.78047119878
7214.78047119878
7214.78047119878
7214.78047119878
7214.78047119878
7214.78047119878
7214.78047119878
7214.78047119878
7214.78047119878
7214.78047119878
7214.78047119878
7214.78047119878
7214.78047119878
7214.78047119878
7214.78047119878
7216.32169502071
7216.32169502071
7216.32169502071
7216.32169502071
7216.32169502071
7216.32169502071
7216.32169502071
7216.32169502071
7216.32169502071
7216.32169502071
7216.32169502071
7216.32169502071
7216.32169502071
7216.32169502071
7216.32169502071
7216.32169502071
7216.32169502071
7216.32169502071
7216.32169502071
7216.32169502071
7216.32169502071
7220.1881894759
7220.1881894759
7220.1881894759
7220.1881894759
7220.78227077651
7220.78227077651
7220.78227077651
7220.78227077651
7220.78227077651
7220.78227077651
7220.78227077651
7220.78227077651
7220.78227077651
7220.78227077651
7220.78227077651
7220.78227077651
7220.78227077651
7220.78227077651
7220.78227077651
7220.78227077651
7220.78227077651
7220.78227077651
7220.78227077651
7220.78227077651
7220.78227077651
7220.78227077651
7220.78227077651
7220.78227077651
7220.78227077651
7221.94420905686
7221.94420905686
7222.23373872518
7222.23373872518
7226.3016250996
7226.3016250996
7226.3016250996
7226.3016250996
7226.3016250996
7226.3016250996
7230.3183079798
7230.3183079798
7230.3183079798
7230.3183079798
7230.3183079798
7230.3183079798
7230.3183079798
7230.3183079798
7230.3183079798
7230.3183079798
7237.50150883894
7237.50150883894
7237.50150883894
7237.50150883894
7237.50150883894
7237.50150883894
7237.50150883894
7237.50150883894
7237.50150883894
7237.50150883894
7237.50150883894
7237.50150883894
7237.50150883894
7237.50150883894
7237.50150883894
7238.96039725093
7240.82583415526
7240.82583415526
7240.82583415526
7240.82583415526
7240.82583415526
7240.82583415526
7241.24053327165
7241.2883325105
7241.2883325105
7241.2883325105
7241.2883325105
7241.2883325105
7241.2883325105
7241.2883325105
7241.2883325105
7241.2883325105
7241.2883325105
7241.2883325105
7241.2883325105
7241.2883325105
7241.2883325105
7241.2883325105
7241.2883325105
7241.2883325105
7241.2883325105
7241.2883325105
7241.2883325105
7241.2883325105
7241.2883325105
7241.2883325105
7241.37076133464
7241.37076133464
7241.37076133464
7241.37076133464
7241.37076133464
7242.85478343022
7243.19928639219
7243.69673979597
7243.69673979597
7243.69673979597
7243.69673979597
7243.69673979597
7243.69673979597
7243.69673979597
7243.69673979597
7243.69673979597
7243.69673979597
7243.69673979597
7243.69673979597
7243.69673979597
7243.69673979597
7243.69673979597
7243.69673979597
7243.69673979597
7243.69673979597
7243.69673979597
7243.69673979597
7243.69673979597
7243.69673979597
7243.69673979597
7243.69673979597
7243.69673979597
7243.69673979597
7243.69673979597
7243.69673979597
7243.69673979597
7243.69673979597
7245.14001390711
7245.14001390711
7245.14001390711
7245.14001390711
7245.14001390711
7245.14001390711
7245.14001390711
7245.14001390711
7245.14001390711
7245.14001390711
7245.14001390711
7245.14001390711
7245.14001390711
7245.14001390711
7245.14001390711
7245.14001390711
7245.14001390711
7245.14001390711
7245.14001390711
7245.14001390711
7245.14001390711
7245.60346030375
7245.60346030375
7245.60346030375
7245.60346030375
7246.9342775943
7246.9342775943
7247.80295384721
7247.80295384721
7247.80295384721
7247.80295384721
7247.80295384721
7249.28888005283
7249.28888005283
7249.28888005283
7249.28888005283
7249.28888005283
7249.28888005283
7249.28888005283
7249.28888005283
7251.89579642306
7251.89579642306
7251.89579642306
7251.89579642306
7251.89579642306
7251.89579642306
7251.89579642306
7253.07210505515
7253.07210505515
7253.07210505515
7253.07210505515
7253.07210505515
7253.49582772746
7255.65639403458
7256.37238813337
7264.52043293998
7264.52043293998
7264.52043293998
7264.52043293998
7264.52043293998
7264.52043293998
7264.52043293998
7264.52043293998
7264.52043293998
7264.52043293998
7264.52043293998
7264.52043293998
7264.52043293998
7264.52043293998
7264.52043293998
7264.52043293998
7264.52043293998
7264.52043293998
7264.52043293998
7264.52043293998
7264.52043293998
7264.59303576893
7264.59303576893
7264.59303576893
7264.59303576893
7264.59303576893
7264.59303576893
7264.59303576893
7264.59303576893
7274.12466956562
7274.12466956562
7274.12466956562
7274.12466956562
7274.12466956562
7274.12466956562
7274.12466956562
7274.12466956562
7274.12466956562
7274.12466956562
7274.12466956562
7274.12466956562
7274.12466956562
7274.12466956562
7274.12466956562
7274.12466956562
7275.88090267301
7275.88090267301
7275.88090267301
7275.88090267301
7278.30871189755
7278.30871189755
7278.30871189755
7278.30871189755
7278.30871189755
7278.30871189755
7278.30871189755
7278.30871189755
7278.30871189755
7278.30871189755
7278.30871189755
7278.30871189755
7278.30871189755
7278.30871189755
7278.30871189755
7278.47857819308
7278.47857819308
7278.47857819308
7284.31710516679
7284.31710516679
7284.31710516679
7284.31710516679
7284.31710516679
7284.31710516679
7284.31710516679
7284.31710516679
7284.31710516679
7284.31710516679
7284.31710516679
7284.31710516679
7286.10862807146
7286.10862807146
7288.15387525033
7288.15387525033
7288.15387525033
7288.15387525033
7288.15387525033
7288.15387525033
7288.15387525033
7295.46820519113
7298.14479624124
7298.14479624124
7298.14479624124
7298.14479624124
7298.14479624124
7298.14479624124
7298.14479624124
7298.14479624124
7298.14479624124
7298.14479624124
7298.14479624124
7300.56228711056
7300.56228711056
7300.56228711056
7300.56228711056
7300.56228711056
7300.56228711056
7300.56228711056
7300.56228711056
7300.56228711056
7300.56228711056
7301.25312109712
7301.25312109712
7301.25312109712
7301.25312109712
7301.25312109712
7301.25312109712
7301.25312109712
7301.25312109712
7301.25312109712
7304.19771842135
7304.19771842135
7304.19771842135
7304.19771842135
7304.19771842135
7304.19771842135
7304.19771842135
7304.97864914869
7304.97864914869
7304.97864914869
7304.97864914869
7304.97864914869
7304.97864914869
7306.88532183956
7306.88532183956
7306.88532183956
7306.88532183956
7306.88532183956
7306.88532183956
7306.88532183956
7306.88532183956
7306.88532183956
7306.88532183956
7306.88532183956
7306.88532183956
7306.88532183956
7306.88532183956
7306.88532183956
7306.88532183956
7306.88532183956
7306.88532183956
7306.88532183956
7306.88532183956
7306.88532183956
7306.88532183956
7306.88532183956
7306.88532183956
7306.88532183956
7306.88532183956
7306.88532183956
7306.88532183956
7306.88532183956
7306.88532183956
7306.88532183956
7306.88532183956
7306.88532183956
7306.88532183956
7306.88532183956
7306.88532183956
7306.88532183956
7306.88532183956
7306.88532183956
7306.88532183956
7306.88532183956
7306.88532183956
7306.88532183956
7306.88532183956
7306.88532183956
7306.88532183956
7310.19000864413
7310.7546914701
7310.7546914701
7310.7546914701
7310.7546914701
7310.7546914701
7310.7546914701
7310.7546914701
7310.81163276688
7310.81163276688
7310.81163276688
7310.81163276688
7312.07833908458
7314.76244934626
7314.76244934626
7314.76244934626
7314.76244934626
7314.76244934626
7314.76244934626
7314.76244934626
7314.76244934626
7314.76244934626
7314.76244934626
7314.94971596822
7314.94971596822
7321.24499593855
7321.24499593855
7321.24499593855
7321.24499593855
7321.24499593855
7321.24499593855
7321.24499593855
7321.97456762636
7321.97456762636
7321.97456762636
7321.97456762636
7321.97456762636
7321.97456762636
7321.97456762636
7321.97456762636
7321.97456762636
7321.97456762636
7321.97456762636
7321.97456762636
7321.97456762636
7321.97456762636
7321.97456762636
7321.97456762636
7321.97456762636
7321.97456762636
7321.97456762636
7321.97456762636
7321.97456762636
7321.98551346373
7321.98551346373
7324.82652613935
7324.82652613935
7324.82652613935
7324.82652613935
7324.82652613935
7324.82652613935
7324.82652613935
7324.82652613935
7324.82652613935
7324.82652613935
7324.82652613935
7324.82652613935
7324.82652613935
7324.82652613935
7330.00052574769
7332.50449138255
7332.50449138255
7332.50449138255
7332.50449138255
7332.50449138255
7332.50449138255
7332.50449138255
7332.50449138255
7332.50449138255
7334.10675533258
7334.10675533258
7336.31274103429
7336.31274103429
7336.31274103429
7336.31274103429
7336.31274103429
7336.31274103429
7336.31274103429
7336.31274103429
7336.31274103429
7336.31274103429
7336.31274103429
7336.31274103429
7336.31274103429
7336.31274103429
7336.31274103429
7336.31274103429
7336.31274103429
7336.31274103429
7336.31274103429
7336.31274103429
7336.31274103429
7336.31274103429
7337.12586855818
7337.12586855818
7337.12586855818
7337.71877110126
7337.71877110126
7337.71877110126
7337.71877110126
7337.71877110126
7337.71877110126
7337.71877110126
7337.71877110126
7337.71877110126
7337.71877110126
7337.71877110126
7337.71877110126
7337.71877110126
7337.71877110126
7337.71877110126
7337.71877110126
7337.71877110126
7337.71877110126
7337.71877110126
7337.71877110126
7337.71877110126
7337.71877110126
7337.71877110126
7337.71877110126
7337.71877110126
7337.71877110126
7337.71877110126
7337.71877110126
7337.71877110126
7337.71877110126
7337.71877110126
7337.71877110126
7337.71877110126
7337.71877110126
7337.71877110126
7337.71877110126
7337.71877110126
7337.88892779475
7345.10612223189
7345.64209592423
7345.64209592423
7345.64209592423
7345.64209592423
7345.64209592423
7345.64209592423
7349.96761466547
7349.96761466547
7352.11626391155
7353.29305891167
7353.29305891167
7353.29305891167
7360.12899054275
7360.12899054275
7360.12899054275
7360.12899054275
7360.12899054275
7360.12899054275
7360.12899054275
7360.12899054275
7360.12899054275
7360.12899054275
7360.12899054275
7360.12899054275
7360.12899054275
7360.12899054275
7360.12899054275
7360.12899054275
7360.12899054275
7360.12899054275
7360.12899054275
7360.12899054275
7360.19063452218
7360.5313101974
7363.10108300384
7363.10108300384
7363.10108300384
7363.10108300384
7363.10108300384
7363.10108300384
7363.10108300384
7363.10108300384
7364.91876991675
7364.91876991675
7364.91876991675
7364.91876991675
7364.91876991675
7364.91876991675
7364.91876991675
7364.91876991675
7364.91876991675
7364.91876991675
7364.91876991675
7364.91876991675
7364.91876991675
7364.91876991675
7364.91876991675
7364.91876991675
7364.91876991675
7364.91876991675
7364.91876991675
7364.91876991675
7367.07058699746
7367.07058699746
7367.07058699746
7367.07058699746
7367.07058699746
7367.07058699746
7367.07058699746
7369.43117477416
7369.43117477416
7369.43117477416
7369.43117477416
7369.43117477416
7369.43117477416
7369.43117477416
7369.43117477416
7369.43117477416
7370.56748984399
7370.56748984399
7370.56748984399
7370.56748984399
7370.56748984399
7370.56748984399
7370.56748984399
7370.56748984399
7370.56748984399
7370.56748984399
7370.56748984399
7370.56748984399
7372.30122566356
7372.30122566356
7372.30122566356
7372.30122566356
7372.30122566356
7372.30122566356
7372.30122566356
7372.30122566356
7372.30122566356
7372.30122566356
7372.30122566356
7372.30122566356
7372.30122566356
7372.30122566356
7372.30122566356
7372.30122566356
7372.30122566356
7374.5244754255
7374.5244754255
7374.5244754255
7374.5244754255
7374.5244754255
7374.5244754255
7374.5244754255
7374.5244754255
7374.5244754255
7374.5244754255
7374.5244754255
7374.5244754255
7374.5244754255
7374.5244754255
7374.5244754255
7374.5244754255
7374.5244754255
7374.5244754255
7374.5244754255
7374.5244754255
7374.5244754255
7374.5244754255
7374.5244754255
7374.5244754255
7374.5244754255
7374.5244754255
7374.5244754255
7376.85476777604
7376.85476777604
7376.85476777604
7376.85476777604
7376.85476777604
7376.85476777604
7376.85476777604
7376.85476777604
7376.85476777604
7376.92809701521
7376.92809701521
7376.92809701521
7376.92809701521
7376.92809701521
7376.92809701521
7376.92809701521
7376.92809701521
7376.92809701521
7376.92809701521
7376.92809701521
7376.92809701521
7376.92809701521
7380.88602734287
7380.88602734287
7380.88602734287
7380.88602734287
7380.88602734287
7380.88602734287
7380.88602734287
7380.88602734287
7380.88602734287
7380.88602734287
7380.88602734287
7380.88602734287
7380.88602734287
7380.88602734287
7380.88602734287
7380.88602734287
7380.88602734287
7381.51945343097
7381.51945343097
7381.51945343097
7381.51945343097
7381.51945343097
7381.51945343097
7381.51945343097
7381.51945343097
7381.51945343097
7381.51945343097
7381.51945343097
7384.54314276547
7384.54314276547
7384.54314276547
7384.54314276547
7384.54314276547
7384.54314276547
7384.54314276547
7384.54314276547
7384.54314276547
7384.54314276547
7387.28668350991
7387.28668350991
7387.28668350991
7387.28668350991
7387.28668350991
7387.28668350991
7387.28668350991
7387.28668350991
7387.28668350991
7387.28668350991
7387.28668350991
7387.28668350991
7387.28668350991
7387.28668350991
7387.28668350991
7387.28668350991
7387.28668350991
7387.28668350991
7387.28668350991
7387.28668350991
7387.28668350991
7387.28668350991
7387.28668350991
7387.28668350991
7387.28668350991
7387.28668350991
7387.28668350991
7387.28668350991
7392.18619070795
7392.18619070795
7393.99108576677
7393.99108576677
7393.99108576677
7393.99108576677
7393.99108576677
7393.99108576677
7393.99108576677
7393.99108576677
7396.59010976119
7396.59010976119
7396.59010976119
7396.59010976119
7396.59010976119
7396.59010976119
7396.59010976119
7396.59010976119
7396.59010976119
7396.59010976119
7396.59010976119
7399.62550642177
7399.62550642177
7399.62550642177
7399.62550642177
7399.62550642177
7399.62550642177
7399.81360465382
7399.81360465382
7399.81360465382
7399.81360465382
7399.81360465382
7399.81360465382
7402.29799005065
7402.29799005065
7402.29799005065
7402.29799005065
7402.29799005065
7402.29799005065
7402.29799005065
7402.29799005065
7402.29799005065
7402.29799005065
7402.29799005065
7404.67455464498
7404.67455464498
7404.67455464498
7404.67455464498
7404.67455464498
7404.67455464498
7404.67455464498
7404.67455464498
7404.67455464498
7404.67455464498
7404.67455464498
7404.67455464498
7404.67455464498
7404.67455464498
7404.67455464498
7404.67455464498
7404.67455464498
7404.67455464498
7404.67455464498
7404.67455464498
7404.67455464498
7404.67455464498
7404.67455464498
7404.67455464498
7404.67455464498
7404.67455464498
7404.67455464498
7404.67455464498
7404.67455464498
7404.67455464498
7404.67455464498
7404.67455464498
7404.67455464498
7404.67455464498
7404.67455464498
7404.67455464498
7404.67455464498
7404.67455464498
7404.67455464498
7404.67455464498
7404.67455464498
7404.67455464498
7404.67455464498
7411.7021672714
7416.66774642633
7416.66774642633
7416.66774642633
7417.66588782279
7417.66588782279
7417.66588782279
7417.66588782279
7417.66588782279
7418.49560000843
7418.49560000843
7418.49560000843
7418.49560000843
7418.83581522508
7418.83581522508
7418.83581522508
7418.83581522508
7418.83581522508
7418.83581522508
7418.83581522508
7418.83581522508
7418.83581522508
7418.83581522508
7418.83581522508
7418.83581522508
7418.83581522508
7418.83581522508
7418.83581522508
7418.83581522508
7418.83581522508
7418.83581522508
7419.65812445614
7419.65812445614
7419.65812445614
7421.03517096246
7421.03517096246
7421.03517096246
7421.03517096246
7421.03517096246
7421.03517096246
7421.92706832551
7421.92706832551
7421.92706832551
7421.92706832551
7421.92706832551
7421.92706832551
7421.92706832551
7421.92706832551
7422.6024327775
7422.6024327775
7422.6024327775
7422.6024327775
7422.6024327775
7422.6024327775
7422.6024327775
7422.6024327775
7422.6024327775
7422.6024327775
7422.6024327775
7422.6024327775
7422.6024327775
7422.6024327775
7422.6024327775
7422.6024327775
7422.6024327775
7422.6024327775
7422.6024327775
7422.6024327775
7424.05533661767
7424.05533661767
7424.05533661767
7424.05533661767
7424.53735654404
7425.38988370168
7425.38988370168
7425.38988370168
7425.38988370168
7425.38988370168
7425.38988370168
7430.13437746016
7430.13437746016
7431.00805406133
7431.00805406133
7431.00805406133
7431.00805406133
7431.00805406133
7431.00805406133
7431.00805406133
7431.00805406133
7431.00805406133
7431.00805406133
7431.00805406133
7431.00805406133
7431.00805406133
7431.00805406133
7432.19317684431
7432.19317684431
7432.19317684431
7432.19317684431
7432.19317684431
7432.19317684431
7432.19317684431
7434.57135939362
7434.57135939362
7434.57135939362
7434.57135939362
7434.57135939362
7434.57135939362
7436.21690559884
7444.36895372545
7444.36895372545
7446.79553470062
7446.79553470062
7449.0350952635
7450.0551295463
7450.0551295463
7450.0551295463
7450.0551295463
7452.01554760188
7452.01554760188
7452.01554760188
7452.01554760188
7452.01554760188
7452.01554760188
7452.01554760188
7452.01554760188
7452.01554760188
7452.01554760188
7452.01554760188
7452.01554760188
7452.01554760188
7452.01554760188
7452.01554760188
7452.01554760188
7452.44246320439
7452.44246320439
7452.44246320439
7452.44246320439
7452.44246320439
7452.44246320439
7452.44246320439
7452.44246320439
7452.44246320439
7452.44246320439
7452.44246320439
7452.44246320439
7452.44246320439
7452.44246320439
7452.44246320439
7452.44246320439
7452.44246320439
7452.44246320439
7452.44246320439
7454.65015201178
7454.65015201178
7454.65015201178
7454.65015201178
7454.65015201178
7454.65015201178
7454.65015201178
7454.65015201178
7454.65015201178
7454.65015201178
7454.65015201178
7454.65015201178
7454.65015201178
7454.65015201178
7454.65015201178
7454.65015201178
7454.65015201178
7454.65015201178
7454.65015201178
7454.65015201178
7454.65015201178
7454.65015201178
7454.65015201178
7457.87921629003
7457.87921629003
7462.2652134035
7462.2652134035
7462.2652134035
7462.2652134035
7462.2652134035
7462.2652134035
7462.2652134035
7462.2652134035
7462.2652134035
7462.2652134035
7462.2652134035
7462.2652134035
7462.2652134035
7462.2652134035
7462.2652134035
7462.3219127836
7462.3219127836
7462.3219127836
7462.3219127836
7462.3219127836
7462.3219127836
7462.3219127836
7462.3219127836
7462.3219127836
7462.3219127836
7462.3219127836
7462.3219127836
7462.3219127836
7462.3219127836
7462.3219127836
7462.3219127836
7462.3219127836
7462.3219127836
7466.6991454731
7466.6991454731
7466.6991454731
7469.47192996523
7469.47192996523
7469.47192996523
7469.47192996523
7469.47192996523
7469.47192996523
7469.47192996523
7469.47192996523
7469.47192996523
7469.47192996523
7469.47192996523
7469.47192996523
7469.47192996523
7469.47192996523
7469.47192996523
7469.47192996523
7469.47192996523
7469.47192996523
7469.47192996523
7469.47192996523
7469.47192996523
7469.47192996523
7469.47192996523
7469.47192996523
7469.47192996523
7469.47192996523
7469.47192996523
7469.47192996523
7469.47192996523
7469.47192996523
7469.47192996523
7469.47192996523
7469.47192996523
7469.47192996523
7469.47192996523
7473.64111978841
7473.64111978841
7473.64111978841
7474.91470855907
7474.91470855907
7475.83206255104
7475.83206255104
7475.83206255104
7475.83206255104
7475.83206255104
7476.61916969091
7476.61916969091
7476.61916969091
7476.61916969091
7476.61916969091
7476.61916969091
7476.61916969091
7476.61916969091
7476.61916969091
7476.61916969091
7476.64892293472
7476.64892293472
7476.64892293472
7476.64892293472
7476.64892293472
7476.64892293472
7476.64892293472
7476.64892293472
7476.64892293472
7476.64892293472
7476.64892293472
7479.11558967061
7479.11558967061
7479.11558967061
7479.11558967061
7479.11558967061
7479.11558967061
7479.11558967061
7479.11558967061
7479.11558967061
7479.11558967061
7479.11558967061
7479.11558967061
7479.11558967061
7479.11558967061
7479.11558967061
7479.11558967061
7479.11558967061
7479.11558967061
7479.11558967061
7479.11558967061
7479.11558967061
7479.11558967061
7479.11558967061
7479.11558967061
7479.11558967061
7479.11558967061
7479.11558967061
7479.11558967061
7479.11558967061
7479.11558967061
7479.11558967061
7479.11558967061
7479.11558967061
7479.11558967061
7479.11558967061
7479.11558967061
7479.11558967061
7481.17253196061
7481.17253196061
7481.17253196061
7481.17253196061
7481.17253196061
7481.17253196061
7481.17253196061
7481.17253196061
7481.17253196061
7481.17253196061
7481.17253196061
7481.17253196061
7481.17253196061
7481.17253196061
7481.17253196061
7481.17253196061
7481.17253196061
7481.17253196061
7481.17253196061
7481.17253196061
7481.17253196061
7481.17253196061
7482.02831159238
7482.02831159238
7482.02831159238
7482.02831159238
7482.02831159238
7482.02831159238
7482.02831159238
7482.02831159238
7482.02831159238
7482.02831159238
7482.02831159238
7482.02831159238
7482.02831159238
7482.02831159238
7482.02831159238
7482.02831159238
7482.02831159238
7482.02831159238
7482.02831159238
7482.02831159238
7483.12265878691
7483.12265878691
7483.12265878691
7483.12265878691
7483.12265878691
7486.98414512234
7486.98414512234
7486.98414512234
7486.98414512234
7486.98414512234
7486.98414512234
7486.98414512234
7486.98414512234
7486.98414512234
7486.98414512234
7488.3610942342
7488.3610942342
7488.3610942342
7488.3610942342
7488.3610942342
7488.3610942342
7488.3610942342
7488.3610942342
7488.3610942342
7488.3610942342
7488.3610942342
7488.3610942342
7489.64606630706
7489.64606630706
7489.64606630706
7489.64606630706
7489.64606630706
7489.64606630706
7489.64606630706
7489.64606630706
7490.99063263386
7490.99063263386
7490.99063263386
7490.99063263386
7490.99063263386
7490.99063263386
7490.99063263386
7490.99063263386
7490.99063263386
7490.99063263386
7490.99063263386
7490.99063263386
7491.5552312066
7491.5552312066
7491.5552312066
7491.5552312066
7491.5552312066
7494.59736819893
7494.59736819893
7495.09118470462
7495.09118470462
7495.09118470462
7495.09118470462
7498.07525482029
7498.07525482029
7498.07525482029
7498.07525482029
7498.07525482029
7498.07525482029
7498.07525482029
7498.07525482029
7498.07525482029
7498.07525482029
7498.07525482029
7498.07525482029
7498.07525482029
7498.07525482029
7498.07525482029
7498.07525482029
7498.07525482029
7498.07525482029
7498.07525482029
7498.07525482029
7498.07525482029
7498.07525482029
7498.07525482029
7498.07525482029
7500.1457549706
7501.75800286397
7501.75800286397
7501.75800286397
7501.75800286397
7501.75800286397
7501.75800286397
7501.75800286397
7501.75800286397
7501.75800286397
7501.75800286397
7501.75800286397
7501.75800286397
7501.75800286397
7501.75800286397
7501.75800286397
7501.75800286397
7501.75800286397
7501.75800286397
7501.75800286397
7501.75800286397
7501.75800286397
7501.75800286397
7501.75800286397
7501.75800286397
7501.75800286397
7501.75800286397
7501.75800286397
7502.94874647312
7502.94874647312
7504.30784605341
7504.30784605341
7504.30784605341
7504.30784605341
7504.30784605341
7505.46041271117
7505.46041271117
7505.46041271117
7508.63274191662
7508.63274191662
7508.63274191662
7508.63274191662
7508.63274191662
7508.63274191662
7508.63274191662
7508.63274191662
7508.63274191662
7508.63274191662
7508.63274191662
7508.63274191662
7508.63274191662
7508.63274191662
7508.63274191662
7508.63274191662
7508.63274191662
7508.63274191662
7508.63274191662
7508.63274191662
7508.63274191662
7508.63274191662
7508.63274191662
7508.63274191662
7508.63274191662
7508.63274191662
7509.55340282576
7509.55340282576
7509.55340282576
7509.55340282576
7509.55340282576
7509.55340282576
7509.55340282576
7512.72843417818
7512.72843417818
7512.72843417818
7512.72843417818
7512.72843417818
7512.72843417818
7512.72843417818
7512.72843417818
7512.72843417818
7512.72843417818
7512.72843417818
7512.72843417818
7512.72843417818
7512.72843417818
7512.72843417818
7512.72843417818
7512.72843417818
7512.72843417818
7512.72843417818
7512.72843417818
7512.72843417818
7512.72843417818
7512.72843417818
7512.72843417818
7512.72843417818
7512.72843417818
7512.72843417818
7512.72843417818
7512.72843417818
7512.72843417818
7512.72843417818
7512.72843417818
7512.72843417818
7514.87738603674
7517.10842863599
7517.10842863599
7517.10842863599
7517.10842863599
7517.10842863599
7517.10842863599
7517.10842863599
7517.10842863599
7517.10842863599
7517.10842863599
7517.10842863599
7517.10842863599
7517.10842863599
7517.10842863599
7517.10842863599
7517.10842863599
7517.10842863599
7517.10842863599
7517.10842863599
7517.10842863599
7517.10842863599
7517.10842863599
7517.10842863599
7517.10842863599
7517.10842863599
7517.10842863599
7517.94696571053
7517.94696571053
7517.94696571053
7517.94696571053
7521.80559924807
7521.80559924807
7522.43055307368
7522.43055307368
7522.43055307368
7522.43055307368
7522.43055307368
7522.43055307368
7522.43055307368
7522.43055307368
7522.43055307368
7522.43055307368
7522.43055307368
7522.43055307368
7522.91526159553
7522.91526159553
7522.91526159553
7522.91526159553
7522.91526159553
7522.91526159553
7522.91526159553
7522.91526159553
7522.91526159553
7522.91526159553
7522.91526159553
7523.8562443631
7523.8562443631
7523.8562443631
7523.8562443631
7523.8562443631
7523.8562443631
7523.8562443631
7523.8562443631
7523.8562443631
7523.8562443631
7523.8562443631
7523.8562443631
7523.8562443631
7523.8562443631
7523.8562443631
7523.8562443631
7523.8562443631
7523.8562443631
7525.34443346017
7525.34443346017
7525.34443346017
7525.34443346017
7525.34443346017
7525.34443346017
7525.34443346017
7525.34443346017
7525.34443346017
7525.34443346017
7525.34443346017
7525.34443346017
7525.34443346017
7525.34443346017
7525.34443346017
7528.22810274461
7528.22810274461
7528.22810274461
7528.22810274461
7529.37494790589
7529.37494790589
7529.37494790589
7529.37494790589
7529.37494790589
7529.37494790589
7529.37494790589
7529.37494790589
7529.37494790589
7529.37494790589
7529.37494790589
7529.37494790589
7529.37494790589
7529.37494790589
7529.37494790589
7529.37494790589
7529.37494790589
7529.37494790589
7529.37494790589
7531.76084066921
7531.76084066921
7531.76084066921
7531.76084066921
7531.76084066921
7531.76084066921
7531.76084066921
7531.76084066921
7531.76084066921
7531.76084066921
7531.76084066921
7531.76084066921
7531.76084066921
7531.76084066921
7531.76084066921
7531.76084066921
7531.76084066921
7531.76084066921
7531.76084066921
7531.76084066921
7532.02121364222
7532.02121364222
7532.02121364222
7532.02121364222
7532.02121364222
7532.02121364222
7532.02121364222
7532.02121364222
7532.02121364222
7532.02121364222
7532.02121364222
7532.02121364222
7532.02121364222
7532.02121364222
7537.8264716845
7537.8264716845
7537.8264716845
7537.8264716845
7537.8264716845
7537.8264716845
7550.67222875035
7550.67389490149
7551.6009844022
7551.6009844022
7551.6009844022
7551.6009844022
7551.6009844022
7560.31782118523
7560.31782118523
7560.31782118523
7560.31782118523
7560.31782118523
7560.31782118523
7560.31782118523
7560.31782118523
7560.31782118523
7560.31782118523
7560.31782118523
7560.31782118523
7560.31782118523
7560.31782118523
7560.31782118523
7560.31782118523
7560.31782118523
7560.31782118523
7560.31782118523
7560.31782118523
7560.31782118523
7560.31782118523
7560.31782118523
7560.31782118523
7560.31782118523
7560.31782118523
7560.31782118523
7560.31782118523
7560.31782118523
7560.31782118523
7560.31782118523
7560.31782118523
7560.31782118523
7560.31782118523
7560.31782118523
7560.31782118523
7560.31782118523
7560.31782118523
7560.31782118523
7565.9635356679
7568.86611508956
7568.86611508956
7568.86611508956
7568.86611508956
7568.86611508956
7568.86611508956
7568.86611508956
7568.86611508956
7568.86611508956
7568.86611508956
7568.86611508956
7568.86611508956
7568.86611508956
7568.86611508956
7568.86611508956
7568.86611508956
7568.86611508956
7568.86611508956
7568.86611508956
7569.0196542264
7569.0196542264
7574.0042774184
7574.0042774184
7574.0042774184
7574.0042774184
7574.0042774184
7574.0042774184
7574.0042774184
7574.0042774184
7574.0042774184
7574.0042774184
7574.0042774184
7574.0042774184
7574.0042774184
7574.0042774184
7574.0042774184
7574.0042774184
7574.0042774184
7574.0042774184
7574.0042774184
7574.0042774184
7574.0042774184
7574.0042774184
7574.0042774184
7574.0042774184
7574.52879000257
7574.52879000257
7574.52879000257
7574.52879000257
7574.52879000257
7574.52879000257
7574.52879000257
7574.52879000257
7574.52879000257
7574.52879000257
7574.52879000257
7574.52879000257
7575.17140820316
7575.17140820316
7575.17140820316
7576.19392721148
7576.19392721148
7576.19392721148
7576.19392721148
7576.19392721148
7576.19392721148
7576.19392721148
7576.19392721148
7576.19392721148
7576.19392721148
7576.19392721148
7576.19392721148
7576.19392721148
7576.19392721148
7576.19392721148
7576.19392721148
7576.19392721148
7576.19392721148
7576.19392721148
7576.19392721148
7576.19392721148
7576.19392721148
7576.19392721148
7576.19392721148
7576.19392721148
7576.19392721148
7576.19392721148
7576.19392721148
7576.19392721148
7576.19392721148
7576.19392721148
7576.19392721148
7576.19392721148
7576.19392721148
7576.19392721148
7576.19392721148
7576.19392721148
7576.19392721148
7576.19392721148
7576.19392721148
7576.19392721148
7576.19392721148
7576.19392721148
7576.19392721148
7576.19392721148
7576.19392721148
7576.19392721148
7576.19392721148
7576.19392721148
7576.19392721148
7576.19392721148
7576.19392721148
7576.87997995511
7576.87997995511
7576.87997995511
7576.87997995511
7576.87997995511
7576.87997995511
7576.87997995511
7576.87997995511
7576.87997995511
7576.87997995511
7576.87997995511
7576.87997995511
7576.87997995511
7576.87997995511
7576.87997995511
7576.87997995511
7576.87997995511
7576.87997995511
7576.87997995511
7576.87997995511
7576.87997995511
7576.87997995511
7576.87997995511
7576.87997995511
7576.87997995511
7576.87997995511
7576.87997995511
7576.87997995511
7576.87997995511
7576.87997995511
7576.87997995511
7576.87997995511
7576.87997995511
7576.87997995511
7576.87997995511
7576.87997995511
7576.87997995511
7576.87997995511
7576.87997995511
7576.87997995511
7576.87997995511
7576.87997995511
7576.87997995511
7578.69052756938
7582.43143661102
7582.43143661102
7582.43143661102
7582.43143661102
7582.43143661102
7582.43143661102
7582.43143661102
7582.43143661102
7582.43143661102
7582.43143661102
7582.43143661102
7582.93802642692
7584.16104130264
7584.16104130264
7584.16104130264
7584.16104130264
7584.39038679521
7586.77855899231
7587.20368286521
7587.20368286521
7587.20368286521
7587.20368286521
7587.20368286521
7587.20368286521
7587.20368286521
7587.20368286521
7587.20368286521
7587.20368286521
7587.20368286521
7587.20368286521
7587.20368286521
7587.20368286521
7590.25372043378
7590.25372043378
7590.25372043378
7590.25372043378
7590.25372043378
7590.25372043378
7590.25372043378
7590.25372043378
7590.25372043378
7590.25372043378
7590.25372043378
7590.25372043378
7590.25372043378
7590.25372043378
7590.25372043378
7590.25372043378
7590.25372043378
7590.25372043378
7590.25372043378
7590.25372043378
7590.25372043378
7592.32042620383
7592.45145719423
7592.84003654163
7592.84003654163
7592.84003654163
7592.84003654163
7592.84003654163
7592.84003654163
7592.84003654163
7592.84003654163
7592.84003654163
7592.84003654163
7592.84003654163
7592.84003654163
7592.84003654163
7592.84003654163
7592.84003654163
7592.84003654163
7592.84003654163
7592.84003654163
7593.30580779595
7593.30580779595
7593.30580779595
7593.30580779595
7593.30580779595
7593.30580779595
7593.30580779595
7593.30580779595
7593.30580779595
7593.30580779595
7593.30580779595
7593.30580779595
7593.30580779595
7593.30580779595
7595.54181166134
7595.54181166134
7602.20253903975
7602.20253903975
7602.20253903975
7602.20253903975
7602.20253903975
7602.20253903975
7609.55525188787
7619.74871291637
7620.5624547023
7620.5624547023
7620.5624547023
7620.5624547023
7620.5624547023
7620.5624547023
7620.5624547023
7620.5624547023
7620.5624547023
7620.5624547023
7620.5624547023
7620.5624547023
7620.5624547023
7620.5624547023
7620.5624547023
7620.5624547023
7620.5624547023
7620.5624547023
7620.5624547023
7620.5624547023
7620.5624547023
7620.5624547023
7620.5624547023
7620.5624547023
7620.5624547023
7620.5624547023
7620.5624547023
7620.5624547023
7620.5624547023
7620.5624547023
7620.5624547023
7620.5624547023
7620.5624547023
7620.5624547023
7620.5624547023
7620.5624547023
7620.5624547023
7620.5624547023
7620.5624547023
7620.5624547023
7620.5624547023
7620.5624547023
7620.5624547023
7620.5624547023
7620.5624547023
7620.5624547023
7620.5624547023
7620.5624547023
7620.5624547023
7620.5624547023
7620.5624547023
7620.5624547023
7620.5624547023
7621.64346652221
7621.64346652221
7621.64346652221
7621.64346652221
7621.64346652221
7621.64346652221
7621.64346652221
7621.64346652221
7621.64346652221
7621.64346652221
7621.64346652221
7622.34816770409
7622.34816770409
7622.69196728715
7622.69196728715
7622.69196728715
7622.69196728715
7622.69196728715
7622.69196728715
7622.69196728715
7622.69196728715
7622.69196728715
7622.69196728715
7622.69196728715
7622.69196728715
7622.69196728715
7622.69196728715
7622.69196728715
7622.69196728715
7622.69196728715
7622.69196728715
7622.69196728715
7622.69196728715
7622.69196728715
7622.69196728715
7626.08766938148
7626.08766938148
7626.08766938148
7626.08766938148
7626.08766938148
7626.08766938148
7626.08766938148
7626.08766938148
7626.08766938148
7632.05514008239
7632.90541710876
7632.90541710876
7632.90541710876
7636.12378195949
7636.12378195949
7636.12378195949
7636.12378195949
7637.44089674008
7637.44089674008
7637.44089674008
7637.44089674008
7637.44089674008
7637.44089674008
7637.44089674008
7637.44089674008
7637.44089674008
7637.44089674008
7637.44089674008
7637.44089674008
7637.44089674008
7637.44089674008
7637.44089674008
7637.44089674008
7637.44089674008
7637.44089674008
7637.44089674008
7637.44089674008
7637.44089674008
7637.44089674008
7637.44089674008
7637.44089674008
7637.44089674008
7637.44089674008
7637.44089674008
7637.44089674008
7637.44089674008
7637.44089674008
7638.79236789487
7638.79236789487
7638.79236789487
7638.79236789487
7638.79236789487
7638.79236789487
7638.79236789487
7638.79236789487
7638.79236789487
7638.79236789487
7638.79236789487
7638.79236789487
7638.79236789487
7638.79236789487
7638.79236789487
7638.79236789487
7638.79236789487
7638.79236789487
7638.79236789487
7639.26662599147
7639.26662599147
7639.26662599147
7639.26662599147
7639.26662599147
7639.26662599147
7641.31905933772
7641.31905933772
7641.31905933772
7641.31905933772
7641.31905933772
7641.31905933772
7641.31905933772
7641.31905933772
7641.31905933772
7641.31905933772
7641.31905933772
7641.31905933772
7641.31905933772
7641.31905933772
7641.31905933772
7641.31905933772
7641.31905933772
7641.31905933772
7641.31905933772
7644.60616761403
7644.60616761403
7644.60616761403
7644.60616761403
7644.60616761403
7644.60616761403
7644.60616761403
7644.60616761403
7644.60616761403
7644.60616761403
7645.10998707972
7645.10998707972
7645.10998707972
7645.10998707972
7645.10998707972
7645.10998707972
7645.10998707972
7645.10998707972
7645.10998707972
7645.10998707972
7645.10998707972
7645.10998707972
7645.10998707972
7645.10998707972
7645.10998707972
7645.10998707972
7645.10998707972
7645.10998707972
7647.60307095534
7647.60307095534
7647.60307095534
7647.60307095534
7647.60307095534
7647.60307095534
7647.60307095534
7647.60307095534
7647.60307095534
7647.60307095534
7647.60307095534
7647.60307095534
7647.60307095534
7647.60307095534
7647.60307095534
7647.60307095534
7647.60307095534
7652.84270157636
7652.84270157636
7652.84270157636
7652.84270157636
7652.84270157636
7652.84270157636
7652.84270157636
7652.84270157636
7653.91791888763
7653.91791888763
7653.91791888763
7653.91791888763
7653.91791888763
7653.91791888763
7653.91791888763
7653.91791888763
7653.91791888763
7653.91791888763
7653.91791888763
7653.91791888763
7653.91791888763
7653.91791888763
7653.91791888763
7653.91791888763
7653.91791888763
7653.91791888763
7653.91791888763
7653.91791888763
7653.91791888763
7653.91791888763
7653.91791888763
7653.91791888763
7653.91791888763
7653.91791888763
7653.91791888763
7653.91791888763
7653.91791888763
7653.91791888763
7653.91791888763
7653.91791888763
7653.91791888763
7653.91791888763
7653.91791888763
7653.91791888763
7653.91791888763
7653.91791888763
7653.91791888763
7653.91791888763
7653.91791888763
7657.04423403695
7657.04423403695
7659.9620148067
7659.9620148067
7659.9620148067
7659.9620148067
7659.9620148067
7659.9620148067
7659.9620148067
7660.01938639229
7660.01938639229
7660.01938639229
7660.01938639229
7660.01938639229
7660.01938639229
7660.85671163552
7660.85671163552
7660.85671163552
7660.85671163552
7660.85671163552
7660.85671163552
7660.85671163552
7660.85671163552
7660.85671163552
7660.85671163552
7660.85671163552
7660.85671163552
7660.85671163552
7660.85671163552
7662.54338190616
7662.54338190616
7662.54338190616
7662.54338190616
7662.54338190616
7662.54338190616
7662.54338190616
7662.54338190616
7663.33898042732
7664.03715780038
7664.03715780038
7664.03715780038
7664.03715780038
7664.03715780038
7664.03715780038
7664.03715780038
7664.03715780038
7664.03715780038
7665.78970108081
7665.78970108081
7665.78970108081
7665.78970108081
7665.78970108081
7665.78970108081
7665.78970108081
7665.78970108081
7665.78970108081
7665.78970108081
7665.78970108081
7665.78970108081
7665.78970108081
7665.78970108081
7665.78970108081
7665.78970108081
7677.97428795912
7677.97428795912
7677.97428795912
7677.97428795912
7677.97428795912
7677.97428795912
7677.97428795912
7677.97428795912
7677.97428795912
7680.26478586025
7680.37634560519
7680.37634560519
7680.37634560519
7680.37634560519
7680.37634560519
7680.37634560519
7680.37634560519
7680.37634560519
7680.37634560519
7680.37634560519
7680.37634560519
7680.37634560519
7680.37634560519
7680.37634560519
7680.37634560519
7680.37634560519
7680.37634560519
7680.37634560519
7680.37634560519
7680.37634560519
7680.37634560519
7680.37634560519
7680.37634560519
7680.37634560519
7680.37634560519
7680.37634560519
7680.37634560519
7680.37634560519
7680.37634560519
7680.37634560519
7680.37634560519
7680.37634560519
7680.37634560519
7680.37634560519
7680.37634560519
7680.37634560519
7680.37634560519
7680.37634560519
7680.37634560519
7680.37634560519
7680.37634560519
7680.37634560519
7680.37634560519
7680.37634560519
7680.37634560519
7680.37634560519
7680.37634560519
7680.37634560519
7680.37634560519
7680.37634560519
7680.37634560519
7680.37634560519
7680.37634560519
7680.68688125222
7680.68688125222
7680.68688125222
7680.68688125222
7680.68688125222
7680.68688125222
7680.68688125222
7680.68688125222
7680.68688125222
7680.68688125222
7680.68688125222
7680.68688125222
7680.68688125222
7680.68688125222
7680.68688125222
7680.68688125222
7680.68688125222
7680.68688125222
7680.68688125222
7680.68688125222
7680.68688125222
7680.68688125222
7680.68688125222
7680.68688125222
7680.68688125222
7680.68688125222
7682.29793905723
7682.29793905723
7682.29793905723
7682.29793905723
7682.29793905723
7682.29793905723
7682.29793905723
7682.29793905723
7682.29793905723
7682.29793905723
7682.29793905723
7682.29793905723
7682.29793905723
7682.29793905723
7682.29793905723
7682.29793905723
7682.29793905723
7682.29793905723
7682.29793905723
7682.29793905723
7682.29793905723
7682.29793905723
7682.29793905723
7682.29793905723
7682.29793905723
7682.29793905723
7682.29793905723
7682.29793905723
7682.29793905723
7682.29793905723
7682.29793905723
7682.29793905723
7682.29793905723
7682.29793905723
7682.29793905723
7682.29793905723
7682.29793905723
7682.29793905723
7682.29793905723
7682.29793905723
7682.29793905723
7682.29793905723
7682.29793905723
7682.29793905723
7682.29793905723
7682.29793905723
7682.87945621913
7682.87945621913
7682.87945621913
7682.87945621913
7682.87945621913
7684.22071221972
7684.22071221972
7684.22071221972
7684.22071221972
7684.22071221972
7684.22071221972
7684.22071221972
7684.22071221972
7684.22071221972
7684.22071221972
7684.22071221972
7684.22071221972
7684.22071221972
7684.22071221972
7684.22071221972
7684.22071221972
7684.22071221972
7684.22071221972
7684.22071221972
7684.22071221972
7684.22071221972
7684.22071221972
7684.22071221972
7684.22071221972
7684.22071221972
7684.22071221972
7684.22071221972
7684.22071221972
7684.22071221972
7684.22071221972
7684.22071221972
7684.22071221972
7684.22071221972
7684.22071221972
7684.22071221972
7684.22071221972
7684.22071221972
7684.22071221972
7684.22071221972
7684.22071221972
7684.22071221972
7684.22071221972
7684.22071221972
7684.22071221972
7684.22071221972
7684.22071221972
7684.22071221972
7689.62543936174
7689.62543936174
7689.62543936174
7689.62543936174
7689.62543936174
7689.62543936174
7689.62543936174
7689.62543936174
7689.62543936174
7689.62543936174
7689.62543936174
7689.62543936174
7689.62543936174
7689.62543936174
7689.62543936174
7689.62543936174
7689.62543936174
7689.62543936174
7689.62543936174
7689.62543936174
7689.62543936174
7689.62543936174
7689.62543936174
7689.62543936174
7689.62543936174
7689.62543936174
7689.62543936174
7689.62543936174
7689.62543936174
7689.62543936174
7689.62543936174
7695.38656317263
7695.38656317263
7695.38656317263
7695.38656317263
7695.38656317263
7695.38656317263
7695.38656317263
7695.38656317263
7695.38656317263
7695.38656317263
7695.38656317263
7695.38656317263
7695.38656317263
7695.38656317263
7695.38656317263
7695.38656317263
7695.38656317263
7695.38656317263
7695.38656317263
7695.38656317263
7695.38656317263
7695.38656317263
7695.38656317263
7695.38656317263
7695.38656317263
7695.38656317263
7695.38656317263
7695.38656317263
7695.38656317263
7695.38656317263
7695.68290281599
7695.68290281599
7695.68290281599
7695.68290281599
7695.68290281599
7695.68290281599
7695.68290281599
7695.68290281599
7695.68290281599
7695.68290281599
7695.68290281599
7695.68290281599
7695.68290281599
7695.68290281599
7695.68290281599
7695.68290281599
7695.68290281599
7695.68290281599
7695.68290281599
7695.68290281599
7695.68290281599
7695.68290281599
7695.68290281599
7695.68290281599
7695.68290281599
7695.68290281599
7695.68290281599
7695.68290281599
7695.68290281599
7695.68290281599
7695.68290281599
7695.68290281599
7695.68290281599
7695.68290281599
7695.68290281599
7695.68290281599
7695.68290281599
7695.68290281599
7695.68290281599
7698.20004300386
7698.20004300386
7698.20004300386
7698.20004300386
7698.20004300386
7698.20004300386
7698.20004300386
7698.20004300386
7698.20004300386
7698.20004300386
7698.20004300386
7698.20004300386
7698.20004300386
7698.20004300386
7698.20004300386
7698.20004300386
7698.20004300386
7698.20004300386
7698.20004300386
7698.20004300386
7698.20004300386
7698.20004300386
7698.20004300386
7698.20004300386
7698.20004300386
7698.20004300386
7698.34924088392
7700.48576795798
7700.48576795798
7700.48576795798
7700.48576795798
7700.48576795798
7700.48576795798
7702.90734942211
7702.90734942211
7702.90734942211
7702.90734942211
7702.90734942211
7702.90734942211
7702.90734942211
7704.23029345163
7704.23029345163
7704.23029345163
7704.23029345163
7704.23029345163
7704.23029345163
7704.23029345163
7704.23029345163
7704.23029345163
7704.23029345163
7704.23029345163
7704.23029345163
7704.23029345163
7704.23029345163
7704.23029345163
7704.23029345163
7704.23029345163
7704.23029345163
7709.05419160665
7709.05419160665
7709.05419160665
7709.05419160665
7709.05419160665
7709.05419160665
7709.05419160665
7709.05419160665
7709.05419160665
7709.05419160665
7709.05419160665
7709.05419160665
7709.05419160665
7709.05419160665
7709.05419160665
7709.05419160665
7709.05419160665
7709.05419160665
7709.05419160665
7709.05419160665
7711.22935386347
7711.22935386347
7711.22935386347
7711.22935386347
7711.22935386347
7711.22935386347
7711.22935386347
7711.22935386347
7711.22935386347
7711.95937496131
7711.95937496131
7711.95937496131
7711.95937496131
7711.95937496131
7711.95937496131
7711.95937496131
7711.95937496131
7711.95937496131
7711.95937496131
7711.95937496131
7711.96588995113
7711.96588995113
7711.96588995113
7711.96588995113
7711.96588995113
7711.96588995113
7711.96588995113
7711.96588995113
7711.96588995113
7711.96588995113
7711.96588995113
7711.96588995113
7711.96588995113
7711.96588995113
7711.96588995113
7711.96588995113
7711.96588995113
7711.96588995113
7711.96588995113
7711.96588995113
7711.96588995113
7711.96588995113
7711.96588995113
7711.96588995113
7711.96588995113
7711.96588995113
7711.96588995113
7711.96588995113
7711.96588995113
7711.96588995113
7711.96588995113
7711.96588995113
7711.96588995113
7711.96588995113
7711.96588995113
7711.96588995113
7711.96588995113
7711.96588995113
7711.96588995113
7711.96588995113
7711.96588995113
7711.96588995113
7711.96588995113
7711.96588995113
7711.96588995113
7711.96588995113
7711.96588995113
7711.96588995113
7711.96588995113
7711.96588995113
7711.96588995113
7711.96588995113
7718.97337660103
7718.97337660103
7718.97337660103
7718.97337660103
7718.97337660103
7718.97337660103
7718.97337660103
7718.97337660103
7718.97337660103
7718.97337660103
7718.97337660103
7718.97337660103
7718.97337660103
7718.97337660103
7718.97337660103
7718.97337660103
7718.97337660103
7718.97337660103
7718.97337660103
7718.97337660103
7718.97337660103
7718.97337660103
7718.97337660103
7718.97337660103
7718.97337660103
7718.97337660103
7718.97337660103
7718.97337660103
7718.97337660103
7718.97337660103
7722.58742536448
7722.58742536448
7722.58742536448
7722.58742536448
7722.58742536448
7722.58742536448
7722.58742536448
7722.58742536448
7722.58742536448
7722.58742536448
7722.58742536448
7722.58742536448
7722.58742536448
7722.58742536448
7722.58742536448
7722.58742536448
7722.58742536448
7722.58742536448

