2615.97997947426
2893.61904099095
2969.41180342909
2992.19235546832
3001.05988210914
3008.63946133609
3010.4168292191
3010.91430261273
3011.11951751471
3011.24547302416
3021.40325961463
3047.54459501232
3047.59313878559
3047.74209595771
3047.76368759549
3056.89846897638
3076.35379401171
3076.36340850073
3076.36993688948
3084.07804940507
3084.35823003715
3102.56951493939
3122.42096204895
3127.51522926803
3128.47469473676
3128.47541484808
3128.47594041413
3128.47632399325
3132.97972422172
3133.01602157482
3133.01617069553
3150.53593857939
3186.68073478505
3204.60339817858
3204.75759652739
3206.19269830274
3206.19273860352
3213.69511335337
3227.26639408021
3227.26640726656
3227.26641689048
3227.26642391441
3243.07516197543
3243.46021336007
3243.4602164757
3243.46021868669
3243.46022030037
3243.46022146572
3243.46022231624
3243.46022293698
3253.7617060278
3261.46033957772
3261.84749977306
3261.84749994919
3270.76606028167
3270.76606037549
3282.57701648267
3282.57701653264
3285.84277823298
3286.12079137678
3286.1207913904
3286.12079140034
3286.12079140759
3293.06714450233
3311.74631926448
3311.74631926787
3311.74631927035
3311.74631927216
3311.74631927348
3311.74631927444
3317.52893074666
3317.52893074717
3317.52893074755
3317.52893074782
3317.52893074802
3317.55661975539
3317.5566197555
3329.39814328653
3330.58202248876
3333.78680711153
3333.78680711156
3333.78680711158
3333.7868071116
3333.78680711161
3333.78680711162
3333.78680711162
3333.78680711163
3333.78680711163
3333.78680711163
3333.78680711163
3333.78680711163
3338.22248481482
3338.22248481482
3338.22248481482
3338.22248481482
3338.22248481482
3338.22248481482
3338.22248481482
3338.22248481482
3338.22248481482
3338.22248481482
3342.82838718557
3345.89466783749
3345.89466783749
3345.89466783749
3345.89466783749
3345.89466783749
3345.89466783749
3345.89466783749
3345.89466783749
3345.89466783749
3345.89466783749
3345.89466783749
3345.89466783749
3345.89466783749
3346.84423515065
3350.20467130851
3350.33814740623
3350.33814740623
3350.33814740623
3350.33814740623
3352.17122851447
3352.17122851447
3352.17122851447
3352.17122851447
3352.17122851447
3352.17122851447
3352.17122851447
3352.17122851447
3352.17122851447
3352.17122851447
3352.17122851447
3361.67192413467
3361.67192413467
3361.67192413467
3361.67192413467
3361.67192413467
3361.67192413467
3361.67192413467
3365.22189141026
3365.23506417066
3386.79755258384
3387.66742624574
3387.66742624574
3387.66742624574
3387.66742624574
3387.66742624574
3387.66742624574
3403.25499873507
3403.28934357473
3403.28934357473
3403.28934357473
3403.28934357473
3403.28934357473
3403.28934357473
3403.28934357473
3403.28934357473
3403.28934357473
3403.87327993926
3404.31485972374
3404.31485972374
3404.31485972374
3416.08514858193
3416.08514858193
3416.08514858193
3416.08514858193
3416.08514858193
3416.08514858193
3416.08514858193
3416.08514858193
3416.08514858193
3416.08514858193
3416.08514858193
3416.08514858193
3416.08514858193
3416.08514858193
3418.1522394799
3418.1522394799
3418.1522394799
3418.1522394799
3418.1522394799
3418.97126271552
3419.05436588526
3419.05436588526
3419.05436588526
3419.05436588526
3419.05436588526
3419.05436588526
3419.05436588526
3419.05436588526
3419.05436588526
3419.05436588526
3419.05436588526
3419.05436588526
3419.05436588526
3419.05436588526
3419.05436588526
3419.05436588526
3419.05436588526
3419.05436588526
3419.05436588526
3419.05436588526
3419.05436588526
3419.05436588526
3419.05436588526
3419.05436588526
3419.05436588526
3419.05436588526
3419.05436588526
3419.05436588526
3419.05436588526
3419.05436588526
3419.05436588526
3419.05436588526
3419.05436588526
3429.18353287734
3429.18353287734
3429.18353287734
3429.18353287734
3429.18353287734
3429.18353287734
3429.18353287734
3429.18353287734
3430.70527991033
3430.70527991033
3430.70527991033
3430.70527991033
3430.70527991033
3430.70527991033
3430.70527991033
3430.70527991033
3430.70527991033
3430.70527991033
3430.70527991033
3430.70527991033
3430.70527991033
3430.70527991033
3437.01706067933
3444.42661330697
3444.42661330697
3447.41462204778
3447.41462204778
3447.41462204778
3447.41462204778
3447.41462204778
3447.41462204778
3447.41462204778
3447.41462204778
3447.41462204778
3447.41462204778
3447.41462204778
3447.41462204778
3447.41462204778
3447.41462204778
3447.41462204778
3447.41462204778
3447.41462204778
3447.41462204778
3447.41462204778
3447.41462204778
3447.41462204778
3447.41462204778
3447.41462204778
3447.41462204778
3447.41462204778
3447.41462204778
3447.41462204778
3451.67638133303
3452.15406527643
3452.15406527643
3452.15406527643
3452.15406527643
3452.15406527643
3463.66167237503
3463.74726355347
3463.74726355347
3463.74726355347
3463.74726355347
3463.74726355347
3463.74726355347
3463.74726355347
3464.20936326221
3464.20936326221
3464.20936326221
3464.20936326221
3464.20936326221
3464.20936326221
3464.20936326221
3464.20936326221
3464.20936326221
3464.20936326221
3464.20936326221
3464.20936326221
3464.20936326221
3464.20936326221
3464.20936326221
3464.20936326221
3464.20936326221
3464.20936326221
3464.20936326221
3473.47669218557
3474.36568415025
3474.36568415025
3485.80159005555
3485.80159005555
3485.80159005555
3485.80159005555
3485.80159005555
3485.80159005555
3485.80159005555
3485.80159005555
3485.80159005555
3485.80159005555
3485.80159005555
3485.80159005555
3485.80159005555
3485.80159005555
3485.80159005555
3485.80159005555
3485.80159005555
3485.80159005555
3485.80159005555
3485.80159005555
3485.80159005555
3485.80159005555
3485.80159005555
3487.75841860383
3487.75841860383
3487.75841860383
3488.22647912291
3488.22647912291
3488.22647912291
3488.22647912291
3488.22647912291
3488.22647912291
3488.22647912291
3488.22647912291
3488.22647912291
3488.22647912291
3488.22647912291
3488.22647912291
3488.22647912291
3488.22647912291
3488.22647912291
3500.03582926603
3504.94520154183
3504.94520154183
3504.94520154183
3504.94520154183
3504.94520154183
3504.94520154183
3504.94520154183
3504.94520154183
3504.94520154183
3504.94520154183
3504.94520154183
3504.94520154183
3504.94520154183
3504.94520154183
3505.54685799687
3505.54685799687
3505.54685799687
3517.47764697052
3523.80049142309
3523.80049142309
3523.80049142309
3523.80049142309
3523.80049142309
3532.03212562112
3532.03212562112
3532.03212562112
3532.03212562112
3532.03212562112
3547.94840491881
3548.81226184884
3548.81226184884
3548.81226184884
3548.81226184884
3548.81226184884
3548.81226184884
3548.81226184884
3548.81226184884
3548.81226184884
3548.81226184884
3548.81226184884
3548.81226184884
3548.81226184884
3548.81226184884
3548.81226184884
3548.81226184884
3557.02698315396
3557.02698315396
3557.02698315396
3557.02698315396
3557.02698315396
3557.02698315396
3557.02698315396
3557.02698315396
3557.02698315396
3557.02698315396
3557.02698315396
3557.02698315396
3557.02698315396
3557.02698315396
3557.02698315396
3557.02698315396
3561.21799330304
3561.30358448148
3561.30358448148
3561.30358448148
3561.30358448148
3561.30358448148
3561.30358448148
3561.30358448148
3561.30358448148
3561.30358448148
3561.30358448148
3561.30358448148
3561.30358448148
3561.30358448148
3561.43260383447
3561.73201994678
3561.73201994678
3561.73201994678
3561.73201994678
3561.73201994678
3561.73201994678
3561.73201994678
3561.73201994678
3561.73201994678
3561.73201994678
3561.73201994678
3561.73201994678
3561.73201994678
3572.67102452917
3573.00471657634
3573.00471657634
3573.00471657634
3573.00471657634
3573.00471657634
3573.00471657634
3573.00471657634
3573.00471657634
3573.00471657634
3573.00471657634
3581.51272837739
3589.96799773809
3589.97227406026
3589.97227406026
3589.97227406026
3589.97227406026
3589.97227406026
3589.97227406026
3589.97227406026
3589.97227406026
3589.97227406026
3589.97227406026
3589.97227406026
3589.97227406026
3589.97227406026
3589.97227406026
3589.97227406026
3589.97227406026
3589.97227406026
3589.97227406026
3589.97227406026
3589.97227406026
3589.97227406026
3589.97227406026
3589.97227406026
3589.97227406026
3589.97227406026
3591.16409168003
3591.16409168003
3591.16409168003
3591.16409168003
3591.16409168003
3591.16409168003
3591.16409168003
3591.16409168003
3591.16409168003
3591.16409168003
3591.16409168003
3591.16409168003
3591.16409168003
3591.16409168003
3591.16409168003
3591.16409168003
3591.16409168003
3591.16409168003
3591.16409168003
3591.16409168003
3591.16409168003
3591.16409168003
3591.16409168003
3591.16409168003
3594.36649662405
3594.36649662405
3594.36649662405
3594.36649662405
3594.36649662405
3594.36649662405
3594.36649662405
3594.36649662405
3594.36649662405
3594.36649662405
3594.36649662405
3594.36649662405
3594.36649662405
3594.36649662405
3594.36649662405
3594.36649662405
3594.36649662405
3594.36649662405
3594.36649662405
3594.36649662405
3594.36649662405
3594.37774156107
3594.37774156107
3594.37774156107
3594.37774156107
3594.37774156107
3594.37774156107
3594.37774156107
3594.37774156107
3594.37774156107
3594.37774156107
3594.37774156107
3594.37774156107
3594.37774156107
3594.37774156107
3594.37774156107
3594.37774156107
3594.37774156107
3594.37774156107
3594.37774156107
3594.37774156107
3594.37774156107
3594.37774156107
3594.88361730277
3597.18933207536
3597.18933207536
3597.18933207536
3597.18933207536
3597.18933207536
3597.18933207536
3597.18933207536
3597.18933207536
3597.18933207536
3597.18933207536
3597.18933207536
3597.18933207536
3597.18933207536
3597.18933207536
3597.18933207536
3597.18933207536
3597.18933207536
3597.18933207536
3597.18933207536
3597.18933207536
3597.18933207536
3597.18933207536
3597.18933207536
3597.18933207536
3597.18933207536
3597.18933207536
3601.20873380463
3601.20873380463
3601.20873380463
3601.20873380463
3601.60125784059
3601.60125784059
3601.60125784059
3601.60125784059
3609.8978663525
3610.40028565859
3610.40028565859
3610.40028565859
3610.40028565859
3610.40028565859
3610.40028565859
3611.75170584391
3611.89529320361
3611.89529320361
3615.88318944679
3615.88318944679
3615.88318944679
3615.88318944679
3615.88318944679
3618.99845961261
3619.95348674406
3619.95348674406
3619.95348674406
3619.95348674406
3619.95348674406
3619.95348674406
3619.95348674406
3619.95348674406
3619.95348674406
3619.95348674406
3619.95348674406
3621.38403532425
3621.69490576909
3621.69490576909
3621.69490576909
3621.69490576909
3621.69490576909
3621.69490576909
3621.69490576909
3623.0561794976
3623.0561794976
3623.0561794976
3623.0561794976
3623.0561794976
3623.0561794976
3623.0561794976
3623.61549314642
3623.61549314642
3627.88371639798
3628.19008684972
3628.19008684972
3628.19008684972
3628.19008684972
3628.19008684972
3628.19008684972
3628.19008684972
3628.19008684972
3628.19008684972
3628.19008684972
3636.012705774
3636.012705774
3636.012705774
3636.012705774
3636.012705774
3636.012705774
3636.012705774
3636.012705774
3636.012705774
3636.012705774
3636.012705774
3636.012705774
3636.012705774
3636.012705774
3636.012705774
3636.012705774
3636.012705774
3636.012705774
3636.012705774
3636.012705774
3636.012705774
3636.012705774
3636.012705774
3636.012705774
3636.012705774
3636.012705774
3636.012705774
3636.012705774
3636.012705774
3636.012705774
3636.012705774
3636.012705774
3636.012705774
3636.012705774
3636.012705774
3636.012705774
3636.012705774
3636.012705774
3636.012705774
3636.012705774
3636.012705774
3636.012705774
3636.012705774
3638.10081652914
3638.10081652914
3638.10081652914
3638.10081652914
3638.10081652914
3638.10081652914
3638.10081652914
3638.10081652914
3638.10081652914
3638.10081652914
3638.10081652914
3638.10081652914
3638.10081652914
3638.10081652914
3638.10081652914
3638.10081652914
3638.10081652914
3638.10081652914
3638.10081652914
3638.10081652914
3638.10081652914
3638.10081652914
3638.10081652914
3638.10081652914
3638.10081652914
3638.10081652914
3638.10081652914
3638.10081652914
3638.10081652914
3638.10081652914
3638.97746666374
3638.97746666374
3638.97746666374
3638.97746666374
3638.97746666374
3638.97746666374
3638.97746666374
3638.97746666374
3638.97746666374
3638.97746666374
3638.97746666374
3638.97746666374
3638.97746666374
3638.97746666374
3638.97746666374
3638.97746666374
3638.97746666374
3638.97746666374
3638.97746666374
3638.97746666374
3638.97746666374
3638.97746666374
3638.97746666374
3638.97746666374
3638.97746666374
3638.97746666374
3638.97746666374
3638.97746666374
3638.97746666374
3638.97746666374
3638.97746666374
3638.97746666374
3638.97746666374
3638.97746666374
3638.97746666374
3638.97746666374
3647.73268799329
3651.6407960798
3651.6407960798
3651.6407960798
3651.6407960798
3651.6407960798
3651.6407960798
3651.6407960798
3651.6407960798
3651.6407960798
3651.6407960798
3651.6407960798
3651.6407960798
3651.6407960798
3651.6407960798
3651.6407960798
3651.6407960798
3651.6407960798
3651.6407960798
3651.6407960798
3651.6407960798
3651.6407960798
3651.6407960798
3651.6407960798
3651.6407960798
3651.6407960798
3651.6407960798
3651.6407960798
3651.6407960798
3651.6407960798
3651.6407960798
3651.6407960798
3651.6407960798
3651.6407960798
3651.6407960798
3651.6407960798
3651.6407960798
3651.6407960798
3651.6407960798
3651.6407960798
3651.6407960798
3651.6407960798
3651.6407960798
3651.6407960798
3651.6407960798
3651.6407960798
3651.6407960798
3651.6407960798
3651.6407960798
3651.6407960798
3651.6407960798
3651.6407960798
3651.6407960798
3651.6407960798
3651.6407960798
3651.6407960798
3651.6407960798
3651.6407960798
3651.6407960798
3651.6407960798
3651.6407960798
3651.6407960798
3651.6407960798
3651.6407960798
3651.6407960798
3651.6407960798
3651.6407960798
3651.6407960798
3651.6407960798
3651.6407960798
3651.6407960798
3651.6407960798
3653.49891029312
3654.45393742457
3654.45393742457
3654.45393742457
3654.45393742457
3654.45393742457
3654.45393742457
3654.45393742457
3654.45393742457
3654.45393742457
3654.45393742457
3654.45393742457
3654.45393742457
3654.45393742457
3654.45393742457
3654.45393742457
3654.45393742457
3654.45393742457
3654.45393742457
3654.45393742457
3654.45393742457
3654.45393742457
3654.45393742457
3654.45393742457
3654.45393742457
3654.45393742457
3654.45393742457
3654.45393742457
3654.45393742457
3654.45393742457
3654.45393742457
3654.45393742457
3654.45393742457
3654.45393742457
3654.45393742457
3654.45393742457
3654.45393742457
3654.45393742457
3654.45393742457
3654.45393742457
3654.45393742457
3654.45393742457
3654.45393742457
3654.45393742457
3654.45393742457
3654.45393742457
3654.45393742457
3654.45393742457
3654.45393742457
3654.45393742457
3654.45393742457
3654.45393742457
3654.45393742457
3654.45393742457
3654.45393742457
3654.45393742457
3654.45393742457
3654.45393742457
3654.45393742457
3654.45393742457
3654.45393742457
3654.45393742457
3654.45393742457
3654.45393742457
3654.45393742457
3654.45393742457
3654.45393742457
3654.45393742457
3654.45393742457
3654.45393742457
3654.45393742457
3654.45393742457
3654.45393742457
3654.45393742457
3654.45393742457
3654.45393742457
3654.45393742457
3654.45393742457
3654.45393742457
3654.45393742457
3654.45393742457
3654.45393742457
3654.45393742457
3654.45393742457
3654.45393742457
3654.45393742457
3654.45393742457
3654.45393742457
3654.45393742457
3654.45393742457
3654.45393742457
3654.45393742457
3654.45393742457
3654.45393742457
3654.45393742457
3654.45393742457
3654.45393742457
3654.45393742457
3654.45393742457
3654.45393742457
3654.45393742457
3654.45393742457
3654.45393742457
3654.45393742457
3654.45393742457
3654.45393742457
3654.45393742457
3654.45393742457
3654.45393742457
3658.81171548576
3658.81171548576
3658.81171548576
3658.83948354818
3658.83948354818
3659.03023206051
3659.51616088466
3659.51616088466
3659.51616088466
3659.51616088466
3659.51616088466
3659.51616088466
3659.51616088466
3659.51616088466
3659.51616088466
3659.51616088466
3659.51616088466
3659.51616088466
3659.51616088466
3659.51616088466
3659.51616088466
3659.51616088466
3659.51616088466
3659.51616088466
3659.51616088466
3659.51616088466
3659.51616088466
3659.51616088466
3659.51616088466
3659.51616088466
3659.51616088466
3659.51616088466
3659.51616088466
3659.51616088466
3659.51616088466
3663.42300004982
3663.58881113705
3663.58881113705
3663.58881113705
3663.58881113705
3663.58881113705
3663.58881113705
3663.58881113705
3663.58881113705
3663.58881113705
3663.58881113705
3666.93886574807
3667.36836409256
3667.36836409256
3667.36836409256
3667.36836409256
3667.36836409256
3667.36836409256
3667.36836409256
3667.36836409256
3667.36836409256
3667.36836409256
3667.36836409256
3667.36836409256
3667.36836409256
3667.36836409256
3667.36836409256
3667.36836409256
3667.36836409256
3667.36836409256
3667.36836409256
3667.45719488703
3667.80273235277
3667.80273235277
3667.80273235277
3667.80273235277
3667.80273235277
3668.74568577467
3668.74568577467
3668.74568577467
3668.74568577467
3668.74568577467
3668.74568577467
3668.74568577467
3668.74568577467
3668.74568577467
3668.74568577467
3668.74568577467
3668.74568577467
3668.74568577467
3668.74568577467
3668.74568577467
3668.74568577467
3668.74568577467
3668.74568577467
3668.74568577467
3668.74568577467
3668.74568577467
3668.74568577467
3668.74568577467
3668.74568577467
3668.74568577467
3668.74568577467
3668.74568577467
3668.74568577467
3668.74568577467
3668.74568577467
3668.74568577467
3668.74568577467
3668.74568577467
3668.74568577467
3668.74568577467
3668.74568577467
3668.74568577467
3668.74568577467
3668.74568577467
3668.74568577467
3668.74568577467
3668.74568577467
3668.74568577467
3668.74568577467
3668.74568577467
3668.74568577467
3668.74568577467
3668.74568577467
3668.74568577467
3668.74568577467
3668.74568577467
3668.74568577467
3668.77807790953
3668.77807790953
3668.77807790953
3668.77807790953
3668.77807790953
3668.77807790953
3668.77807790953
3668.77807790953
3668.77807790953
3668.77807790953
3668.77807790953
3668.77807790953
3668.77807790953
3668.77807790953
3668.77807790953
3668.77807790953
3668.77807790953
3668.77807790953
3668.77807790953
3668.77807790953
3668.77807790953
3668.77807790953
3668.77807790953
3668.77807790953
3668.77807790953
3668.77807790953
3668.77807790953
3668.77807790953
3668.77807790953
3668.77807790953
3668.77807790953
3668.77807790953
3668.77807790953
3668.77807790953
3668.77807790953
3668.77807790953
3668.77807790953
3668.77807790953
3671.15591684908
3671.15591684908
3671.15591684908
3671.15591684908
3671.15591684908
3671.15591684908
3671.15591684908
3671.15591684908
3671.15591684908
3671.15591684908
3671.15591684908
3671.15591684908
3671.15591684908
3671.15591684908
3671.15591684908
3671.15591684908
3671.15591684908
3671.15591684908
3671.15591684908
3671.15591684908
3671.15591684908
3671.15591684908
3671.15591684908
3671.15591684908
3671.15591684908
3671.15591684908
3671.15591684908
3671.15591684908
3671.15591684908
3671.15591684908
3671.15591684908
3671.15591684908
3671.15591684908
3671.15591684908
3671.15591684908
3671.15591684908
3671.15591684908
3671.15591684908
3671.15591684908
3671.15591684908
3672.69529518617
3673.05092926506
3673.05092926506
3673.05092926506
3673.05092926506
3673.05092926506
3673.05092926506
3673.05092926506
3673.05092926506
3673.05092926506
3673.05092926506
3673.05092926506
3673.05092926506
3673.05092926506
3673.05092926506
3673.05092926506
3673.05092926506
3673.05092926506
3673.05092926506
3673.05092926506
3673.05092926506
3673.05092926506
3673.05092926506
3673.05092926506
3673.05092926506
3673.05092926506
3673.05092926506
3673.05092926506
3673.05092926506
3673.05092926506
3673.05092926506
3673.05092926506
3673.05092926506
3673.05092926506
3673.05092926506
3673.05092926506
3673.05092926506
3673.05092926506
3673.05092926506
3673.05092926506
3673.05092926506
3673.05092926506
3673.05092926506
3673.05092926506
3673.05092926506
3673.05092926506
3673.05092926506
3687.78164023713
3687.78164023713
3687.78164023713
3687.78164023713
3687.78164023713
3687.78164023713
3687.78164023713
3687.78164023713
3687.78164023713
3687.78164023713
3687.78164023713
3687.78164023713
3687.78164023713
3687.78164023713
3687.78164023713
3687.78164023713
3687.78164023713
3687.78164023713
3687.78164023713
3687.78164023713
3687.78164023713
3687.78164023713
3687.78164023713
3687.78164023713
3687.78164023713
3687.78164023713
3687.78164023713
3687.78164023713
3687.78164023713
3687.78164023713
3687.78164023713
3687.78164023713
3687.78164023713
3687.78164023713
3687.78164023713
3687.78164023713
3687.78164023713
3687.78164023713
3687.78164023713
3687.78164023713
3687.78164023713
3687.78164023713
3687.78164023713
3687.78164023713
3687.78164023713
3687.78164023713
3687.78164023713
3687.78164023713
3687.78164023713
3687.78164023713
3687.78164023713
3687.78164023713
3687.78164023713
3687.78164023713
3687.78164023713
3687.78164023713
3687.78164023713
3690.07320153597
3690.07320153597
3690.07320153597
3690.07320153597
3690.07320153597
3690.07320153597
3690.07320153597
3690.07320153597
3690.07320153597
3690.07320153597
3690.07320153597
3690.07320153597
3690.07320153597
3690.07320153597
3690.07320153597
3690.07320153597
3690.07320153597
3690.07320153597
3690.07320153597
3690.07320153597
3690.07320153597
3690.07320153597
3690.07320153597
3690.07320153597
3690.07320153597
3690.07320153597
3690.07320153597
3690.07320153597
3694.35214088327
3694.35214088327
3694.35214088327
3694.35214088327
3694.35214088327
3694.35214088327
3694.35214088327
3694.35214088327
3694.35214088327
3694.35214088327
3694.35214088327
3694.35214088327
3694.35214088327
3694.35214088327
3694.35214088327
3694.35214088327
3694.35214088327
3694.35214088327
3695.56465953552
3695.56465953552
3695.56465953552
3698.1878166111
3698.1878166111
3698.1878166111
3698.1878166111
3698.1878166111
3698.1878166111
3698.1878166111
3700.90346739599
3700.90346739599
3700.90346739599
3700.90346739599
3700.90346739599
3700.90346739599
3700.90346739599
3700.90346739599
3700.90346739599
3700.90346739599
3700.90346739599
3700.90346739599
3700.90346739599
3700.90346739599
3700.90346739599
3700.90346739599
3700.90346739599
3700.90346739599
3700.90346739599
3700.90346739599
3700.90346739599
3700.90346739599
3700.90346739599
3700.90346739599
3700.90346739599
3700.90346739599
3700.90346739599
3700.90346739599
3700.90346739599
3700.90346739599
3700.90346739599
3700.90346739599
3700.90346739599
3700.90346739599
3700.90346739599
3700.90346739599
3710.12702465922
3710.12702465922
3710.12702465922
3710.12702465922
3710.12702465922
3710.12702465922
3710.12702465922
3710.12702465922
3710.12702465922
3710.12702465922
3710.12702465922
3710.12702465922
3710.12702465922
3710.12702465922
3710.12702465922
3710.12702465922
3710.12702465922
3710.12702465922
3710.12702465922
3710.12702465922
3710.12702465922
3710.12702465922
3710.12702465922
3710.12702465922
3710.12702465922
3710.12702465922
3710.12702465922
3710.12702465922
3710.12702465922
3710.12702465922
3710.12702465922
3710.12702465922
3710.12702465922
3710.12702465922
3710.12702465922
3710.12702465922
3710.12702465922
3710.12702465922
3710.12702465922
3710.12702465922
3710.12702465922
3710.12702465922
3710.12702465922
3714.52962807735
3714.91467811495
3714.91467811495
3714.91467811495
3717.93481166426
3718.09509021884
3718.09509021884
3718.09509021884
3718.45324356171
3718.45324356171
3718.45324356171
3726.29358379358
3726.29358379358
3726.29358379358
3726.29358379358
3726.29358379358
3726.29358379358
3726.29358379358
3726.29358379358
3731.2095387757
3731.2095387757
3731.2095387757
3731.2095387757
3731.2095387757
3731.2095387757
3731.2095387757
3731.2095387757
3731.2095387757
3731.2095387757
3731.2095387757
3731.2095387757
3731.2095387757
3731.2095387757
3731.2095387757
3731.2095387757
3731.2095387757
3731.2095387757
3731.2095387757
3731.2095387757
3731.2095387757
3731.2095387757
3731.2095387757
3731.2095387757
3731.2095387757
3731.2095387757
3731.2095387757
3731.2095387757
3731.2095387757
3731.2095387757
3731.2095387757
3740.51140950828
3740.99045963606
3740.99045963606
3740.99045963606
3740.99045963606
3740.99045963606
3740.99045963606
3740.99045963606
3740.99045963606
3740.99045963606
3740.99045963606
3740.99045963606
3740.99045963606
3740.99045963606
3740.99045963606
3740.99045963606
3740.99045963606
3740.99045963606
3740.99045963606
3740.99045963606
3740.99045963606
3740.99045963606
3740.99045963606
3740.99045963606
3740.99045963606
3740.99045963606
3740.99045963606
3740.99045963606
3740.99045963606
3740.99045963606
3740.99045963606
3740.99045963606
3740.99045963606
3740.99045963606
3740.99045963606
3740.99045963606
3740.99045963606
3750.06165268404
3750.44670272164
3750.44670272164
3750.44670272164
3750.44670272164
3750.44670272164
3750.44670272164
3750.44670272164
3750.44670272164
3750.44670272164
3750.44670272164
3750.44670272164
3750.44670272164
3752.78170600245
3752.78170600245
3752.78170600245
3752.78170600245
3752.78170600245
3752.78170600245
3752.78170600245
3752.78170600245
3752.78170600245
3752.78170600245
3752.78170600245
3752.78170600245
3752.78170600245
3752.78170600245
3752.78170600245
3752.78170600245
3752.78170600245
3752.78170600245
3752.78170600245
3752.78170600245
3752.78170600245
3752.78170600245
3752.78170600245
3752.78170600245
3752.78170600245
3752.78170600245
3752.78170600245
3752.78170600245
3752.78170600245
3752.78170600245
3752.78170600245
3752.78170600245
3752.78170600245
3752.78170600245
3752.78170600245
3752.78170600245
3752.78170600245
3752.78170600245
3752.78170600245
3752.78170600245
3752.78170600245
3752.78170600245
3752.78170600245
3752.78170600245
3752.78170600245
3752.78170600245
3752.78170600245
3752.78170600245
3752.78170600245
3752.78170600245
3752.78170600245
3752.78170600245
3752.78170600245
3752.78170600245
3752.78170600245
3752.78170600245
3753.59032975007
3753.59032975007
3753.59032975007
3753.59032975007
3753.59032975007
3753.59032975007
3753.59032975007
3753.59032975007
3753.59032975007
3753.59032975007
3753.59032975007
3753.59032975007
3753.59032975007
3753.59032975007
3753.59032975007
3753.59032975007
3753.59032975007
3753.59032975007
3753.59032975007
3753.59032975007
3753.59032975007
3753.59032975007
3753.59032975007
3753.59032975007
3753.59032975007
3753.59032975007
3753.59032975007
3753.59032975007
3753.59032975007
3753.59032975007
3753.59032975007
3753.59032975007
3753.59032975007
3753.59032975007
3753.59032975007
3753.59032975007
3753.59032975007
3753.59032975007
3753.59032975007
3753.59032975007
3753.59032975007
3753.59032975007
3753.59032975007
3753.59032975007
3753.59032975007
3753.59032975007
3753.59032975007
3753.59032975007
3753.59032975007
3753.59032975007
3753.59032975007
3753.59032975007
3753.59032975007
3753.59032975007
3753.59032975007
3753.59032975007
3753.59032975007
3753.59032975007
3753.59032975007
3753.59032975007
3753.59032975007
3753.59032975007
3753.59032975007
3753.59032975007
3753.59032975007
3753.59032975007
3753.59032975007
3753.59032975007
3753.59032975007
3753.59032975007
3753.59032975007
3753.59032975007
3753.59032975007
3753.59032975007
3753.59032975007
3753.59032975007
3753.59032975007
3753.59032975007
3753.59032975007
3753.59032975007
3753.59032975007
3753.59032975007
3753.59032975007
3753.59032975007
3753.59032975007
3753.59032975007
3753.59032975007
3753.59032975007
3753.59032975007
3753.59032975007
3753.59032975007
3753.59032975007
3753.59032975007
3753.59032975007
3753.59032975007
3753.59032975007
3753.59032975007
3753.59032975007
3753.59032975007
3753.59032975007
3753.59032975007
3753.59032975007
3753.59032975007
3753.59032975007
3753.59032975007
3753.59032975007
3753.59032975007
3753.59032975007
3753.59032975007
3753.59032975007
3753.59032975007
3753.59032975007
3753.59032975007
3753.59032975007
3753.59032975007
3753.59032975007
3753.59032975007
3753.59032975007
3753.59032975007
3753.59032975007
3753.59032975007
3753.59032975007
3753.59032975007
3753.59032975007
3753.59032975007
3753.59032975007
3753.59032975007
3753.59032975007
3753.59032975007
3753.59032975007
3753.59032975007
3753.59032975007
3753.59032975007
3753.59032975007
3753.59032975007
3753.59032975007
3753.59032975007
3753.59032975007
3753.59032975007
3753.59032975007
3753.59032975007
3753.59032975007
3753.59032975007
3753.59032975007
3753.59032975007
3753.59032975007
3753.59032975007
3753.59032975007
3753.59032975007
3753.59032975007
3753.59032975007
3753.59032975007
3753.59032975007
3753.59032975007
3753.59032975007
3753.59032975007
3753.59032975007
3753.59032975007
3753.59032975007
3753.59032975007
3753.59032975007
3753.59032975007
3753.59032975007
3753.59032975007
3753.59032975007
3754.31576635174
3754.44068100004
3754.44068100004
3754.44068100004
3754.44068100004
3754.44068100004
3754.44068100004
3754.44068100004
3754.44068100004
3754.44068100004
3754.44068100004
3754.44068100004
3754.44068100004
3754.44068100004
3754.44068100004
3754.44068100004
3754.44068100004
3754.44068100004
3759.15984452203
3759.32287103268
3759.32287103268
3759.32287103268
3759.32287103268
3759.32287103268
3759.32287103268
3759.32287103268
3759.32287103268
3759.32287103268
3759.32287103268
3759.32287103268
3759.32287103268
3759.32287103268
3759.32287103268
3759.32287103268
3759.32287103268
3759.32287103268
3759.32287103268
3759.32287103268
3759.32287103268
3759.32287103268
3759.32287103268
3759.32287103268
3759.32287103268
3759.32287103268
3759.32287103268
3759.32287103268
3759.32287103268
3759.32287103268
3759.32287103268
3759.32287103268
3759.32287103268
3759.32287103268
3759.32287103268
3759.32287103268
3759.32287103268
3759.32287103268
3759.32287103268
3759.32287103268
3759.32287103268
3759.32287103268
3759.32287103268
3759.32287103268
3759.32287103268
3759.32287103268
3759.32287103268
3759.32287103268
3759.32287103268
3759.32287103268
3759.32287103268
3759.32287103268
3759.32287103268
3759.32287103268
3759.32287103268
3759.32287103268
3759.32287103268
3759.32287103268
3759.32287103268
3759.32287103268
3759.32287103268
3759.32287103268
3759.32287103268
3759.32287103268
3759.32287103268
3759.32287103268
3759.32287103268
3759.32287103268
3759.32287103268
3759.32287103268
3759.32287103268
3759.32287103268
3759.32287103268
3759.32287103268
3759.32287103268
3759.32287103268
3759.32287103268
3759.32287103268
3759.32287103268
3759.32287103268
3759.32287103268
3759.32287103268
3759.32287103268
3759.32287103268
3759.32287103268
3759.32287103268
3759.32287103268
3759.32287103268
3759.32287103268
3759.32287103268
3759.32287103268
3759.32287103268
3759.32287103268
3759.32287103268
3759.32287103268
3759.32287103268
3759.32287103268
3759.32287103268
3759.32287103268
3759.32287103268
3759.32287103268
3759.32287103268
3759.32287103268
3759.32287103268
3759.32287103268
3759.32287103268
3759.32287103268
3759.32287103268
3759.32287103268
3759.32287103268
3759.32287103268
3759.32287103268
3759.32287103268
3759.32287103268
3759.32287103268
3759.32287103268
3759.32287103268
3759.32287103268
3759.32287103268
3759.32287103268
3759.32287103268
3759.32287103268
3759.32287103268
3759.32287103268
3759.32287103268
3759.32287103268
3759.32287103268
3759.32287103268
3759.32287103268
3759.32287103268
3759.32287103268
3759.32287103268
3759.32287103268
3759.32287103268
3759.32287103268
3759.32287103268
3759.32287103268
3759.32287103268
3759.32287103268
3759.32287103268
3759.32287103268
3759.32287103268
3759.32287103268
3759.32287103268
3759.32287103268
3759.32287103268
3759.32287103268
3759.32287103268
3759.32287103268
3759.32287103268
3759.32287103268
3759.32287103268
3759.32287103268
3759.32287103268
3759.32287103268
3759.32287103268
3759.32287103268
3759.32287103268
3759.32287103268
3759.32287103268
3759.32287103268
3759.32287103268
3759.32287103268
3759.32287103268
3759.32287103268
3759.32287103268
3759.32287103268
3759.32287103268
3759.32287103268
3759.32287103268
3759.32287103268
3759.32287103268
3759.32287103268
3759.32287103268
3759.32287103268
3759.32287103268
3759.32287103268
3759.32287103268
3759.32287103268
3759.32287103268
3759.32287103268
3759.32287103268
3759.32287103268
3759.32287103268
3759.32287103268
3759.32287103268
3759.32287103268
3759.32287103268
3759.32287103268
3759.32287103268
3759.32287103268
3759.32287103268
3759.32287103268
3759.32287103268
3759.32287103268
3759.32287103268
3759.32287103268
3759.32287103268
3759.32287103268
3759.32287103268
3759.32287103268
3759.32287103268
3759.32287103268
3759.32287103268
3759.32287103268
3759.32287103268
3759.32287103268
3759.32287103268
3759.32287103268
3759.32287103268
3759.32287103268
3759.32287103268
3759.32287103268
3759.32287103268
3759.32287103268
3759.32287103268
3759.32287103268
3759.32287103268
3759.32287103268
3759.32287103268
3759.32287103268
3759.32287103268
3760.84104176419
3760.86720245647
3760.86720245647
3760.86720245647
3760.86720245647
3760.86720245647
3760.86720245647
3760.86720245647
3760.86720245647
3760.86720245647
3760.86720245647
3760.86720245647
3760.86720245647
3760.86720245647
3760.86720245647
3760.86720245647
3760.86720245647
3760.86720245647
3760.86720245647
3760.86720245647
3760.86720245647
3760.86720245647
3760.86720245647
3760.86720245647
3763.33624070565
3763.33624070565
3763.33624070565
3763.33624070565
3763.33624070565
3763.33624070565
3763.33624070565
3763.33624070565
3763.33624070565
3763.33624070565
3763.33624070565
3763.33624070565
3763.33624070565
3763.33624070565
3763.33624070565
3763.33624070565
3763.33624070565
3763.33624070565
3763.33624070565
3763.33624070565
3763.33624070565
3763.33624070565
3763.33624070565
3763.33624070565
3763.33624070565
3763.33624070565
3763.9771487411
3763.9771487411
3763.9771487411
3763.9771487411
3763.9771487411
3763.9771487411
3763.9771487411
3763.9771487411
3763.9771487411
3763.9771487411
3763.9771487411
3763.9771487411
3763.9771487411
3763.9771487411
3763.9771487411
3763.9771487411
3763.9771487411
3764.28000733874
3764.28000733874
3764.28000733874
3764.28000733874
3764.28000733874
3764.28000733874
3764.28000733874
3764.28000733874
3764.28000733874
3764.28000733874
3764.28000733874
3764.28000733874
3764.28000733874
3764.28000733874
3764.28000733874
3764.28000733874
3764.28000733874
3764.28000733874
3764.28000733874
3764.28000733874
3764.28000733874
3764.28000733874
3764.28000733874
3764.28000733874
3764.28000733874
3764.28000733874
3764.28000733874
3764.28000733874
3764.28000733874
3764.28000733874
3764.28000733874
3764.28000733874
3764.28000733874
3764.28000733874
3764.28000733874
3764.28000733874
3764.28000733874
3764.28000733874
3764.28000733874
3764.28000733874
3764.28000733874
3766.37310707173
3766.37310707173
3766.37310707173
3766.37310707173
3766.37310707173
3766.37310707173
3766.37310707173
3766.37310707173
3766.37310707173
3766.37310707173
3766.37310707173
3766.37310707173
3766.37310707173
3766.37310707173
3766.37310707173
3766.37310707173
3766.37310707173
3766.37310707173
3766.37310707173
3770.29324690548
3770.31940759776
3770.31940759776
3770.31940759776
3770.31940759776
3770.31940759776
3770.31940759776
3770.31940759776
3770.31940759776
3770.31940759776
3770.31940759776
3770.31940759776
3770.31940759776
3770.31940759776
3770.31940759776
3770.31940759776
3770.31940759776
3770.31940759776
3770.31940759776
3770.31940759776
3770.31940759776
3770.31940759776
3770.31940759776
3770.31940759776
3770.31940759776
3770.31940759776
3770.31940759776
3770.31940759776
3770.31940759776
3770.31940759776
3770.31940759776
3770.31940759776
3770.31940759776
3777.16190601345
3777.88916487762
3777.88916487762
3777.88916487762
3777.88916487762
3777.88916487762
3777.88916487762
3777.96747460127
3777.96747460127
3777.96747460127
3777.96747460127
3777.96747460127
3779.07495199907
3779.57777700691
3779.57777700691
3781.29085662526
3781.29085662526
3781.29085662526
3781.29085662526
3781.29085662526
3781.29085662526
3781.29085662526
3781.29085662526
3781.29085662526
3781.29085662526
3781.29085662526
3781.29085662526
3781.29085662526
3781.29085662526
3781.29085662526
3781.29085662526
3781.29085662526
3781.29085662526
3781.29085662526
3781.29085662526
3781.29085662526
3781.29085662526
3781.29085662526
3781.29085662526
3781.29085662526
3781.29085662526
3781.29085662526
3781.29085662526
3781.29085662526
3781.29085662526
3781.29085662526
3781.29085662526
3781.29085662526
3781.29085662526
3781.29085662526
3781.29085662526
3781.29085662526
3781.29085662526
3781.29085662526
3781.29085662526
3781.29085662526
3781.29085662526
3781.29085662526
3781.29085662526
3781.29085662526
3781.29085662526
3781.29085662526
3781.29085662526
3781.29085662526
3781.29085662526
3781.29085662526
3781.29085662526
3781.29085662526
3781.29085662526
3781.29085662526
3781.29085662526
3781.29085662526
3781.29085662526
3781.29085662526
3781.29085662526
3781.29085662526
3781.29085662526
3781.29085662526
3781.29085662526
3781.29085662526
3781.29085662526
3781.29085662526
3781.29085662526
3781.29085662526
3781.29085662526
3781.29085662526
3781.29085662526
3781.29085662526
3781.29085662526
3781.29085662526
3781.29085662526
3781.29085662526
3781.29085662526
3781.29085662526
3781.29085662526
3781.29085662526
3781.29085662526
3781.29085662526
3781.29085662526
3781.29085662526
3781.29085662526
3781.29085662526
3781.29085662526
3781.29085662526
3781.29085662526
3781.29085662526
3781.29085662526
3781.29085662526
3781.29085662526
3781.29085662526
3781.29085662526
3781.29085662526
3781.29085662526
3781.29085662526
3781.29085662526
3781.29085662526
3781.29085662526
3781.29085662526
3781.29085662526
3781.29085662526
3781.29085662526
3781.29085662526
3781.31601166108
3781.4416690284
3781.4416690284
3781.4416690284
3781.4416690284
3781.4416690284
3781.4416690284
3781.4416690284
3781.4416690284
3781.4416690284
3781.4416690284
3781.4416690284
3783.21979342965
3783.21979342965
3783.21979342965
3788.8175668889
3788.9589580659
3788.9589580659
3788.9589580659
3788.9589580659
3790.46074926804
3790.46074926804
3790.46074926804
3790.46074926804
3790.46074926804
3790.46074926804
3790.46074926804
3790.46074926804
3790.46074926804
3790.46074926804
3790.46074926804
3790.46074926804
3790.46074926804
3790.46074926804
3790.46074926804
3790.46074926804
3790.46074926804
3790.46074926804
3790.46074926804
3790.46074926804
3790.46074926804
3790.46074926804
3790.46074926804
3790.46074926804
3790.46074926804
3790.46074926804
3790.46074926804
3790.46074926804
3790.46074926804
3790.46074926804
3790.46074926804
3790.46074926804
3790.46074926804
3793.06319562487
3793.06319562487
3793.06319562487
3801.78620862344
3801.78620862344
3801.78620862344
3801.78620862344
3801.80203674842
3801.80203674842
3801.80203674842
3801.80203674842
3801.80203674842
3801.80203674842
3802.29496853543
3802.29496853543
3802.29496853543
3802.29496853543
3807.99355198143
3807.99355198143
3807.99355198143
3807.99355198143
3807.99355198143
3809.05218014435
3809.1352833141
3809.1352833141
3809.1352833141
3809.1352833141
3809.1352833141
3809.1352833141
3817.42108904547
3818.29185164506
3818.29185164506
3818.29185164506
3818.29185164506
3818.29185164506
3818.29185164506
3818.29185164506
3818.29185164506
3818.29185164506
3818.29185164506
3818.29185164506
3818.29185164506
3818.29185164506
3818.29185164506
3818.29185164506
3818.29185164506
3821.39698939493
3822.18375988709
3822.18375988709
3822.18375988709
3822.18375988709
3822.18375988709
3822.18375988709
3822.18375988709
3822.18375988709
3824.00665179789
3824.00665179789
3824.00665179789
3824.00665179789
3824.29425565855
3824.29425565855
3824.29425565855
3824.29425565855
3824.29425565855
3824.29425565855
3824.29425565855
3824.29425565855
3824.29425565855
3824.29425565855
3824.29425565855
3824.29425565855
3824.29425565855
3824.29425565855
3824.29425565855
3824.29425565855
3824.29425565855
3824.29425565855
3824.29425565855
3824.29425565855
3824.29425565855
3824.29425565855
3824.29425565855
3824.29425565855
3824.29425565855
3824.29425565855
3824.29425565855
3824.29425565855
3824.29425565855
3824.29425565855
3824.29425565855
3827.93782573805
3827.93782573805
3827.93782573805
3827.93782573805
3827.93782573805
3827.93782573805
3827.93782573805
3827.93782573805
3827.93782573805
3827.93782573805
3827.93782573805
3827.93782573805
3828.24282028696
3828.24282028696
3832.50030257934
3832.56030382618
3832.56030382618
3832.56030382618
3832.56030382618
3832.56030382618
3833.38410869773
3833.38410869773
3833.38410869773
3833.38410869773
3833.38410869773
3833.38410869773
3833.38410869773
3833.38410869773
3833.38410869773
3833.38410869773
3833.38410869773
3833.38410869773
3833.38410869773
3833.38410869773
3833.38410869773
3833.38410869773
3833.38410869773
3833.38410869773
3833.38410869773
3833.38410869773
3833.38410869773
3833.38410869773
3833.38410869773
3833.38410869773
3833.38410869773
3833.38410869773
3833.38410869773
3833.38410869773
3833.38410869773
3833.38410869773
3833.38410869773
3833.38410869773
3833.38410869773
3833.38410869773
3833.38410869773
3833.38410869773
3833.38410869773
3833.38410869773
3833.38410869773
3833.38410869773
3833.38410869773
3833.38410869773
3833.38410869773
3833.38410869773
3833.38410869773
3834.64100428695
3834.80681537418
3834.80681537418
3834.80681537418
3834.80681537418
3834.80681537418
3834.80681537418
3837.2827342085
3840.76950508902
3841.50187682781
3841.50187682781
3841.50187682781
3841.50187682781
3841.50187682781
3841.50187682781
3841.50187682781
3846.1085060986
3846.1085060986
3846.1085060986
3846.1085060986
3846.1085060986
3846.1085060986
3846.1085060986
3846.1085060986
3846.1085060986
3846.1085060986
3846.1085060986
3846.1085060986
3846.1085060986
3846.1085060986
3846.1085060986
3847.67274039491
3847.67274039491
3847.67274039491
3847.67274039491
3847.67274039491
3847.67274039491
3847.67274039491
3847.67274039491
3847.67274039491
3847.67274039491
3847.67274039491
3847.67274039491
3847.67274039491
3847.67274039491
3847.67274039491
3847.67274039491
3847.67274039491
3847.67274039491
3847.67274039491
3847.67274039491
3847.67274039491
3847.67274039491
3847.67274039491
3848.78306780142
3849.06702805277
3849.06702805277
3849.06702805277
3849.06702805277
3849.06702805277
3849.06702805277
3849.06702805277
3849.06702805277
3849.06702805277
3849.06702805277
3849.06702805277
3849.06702805277
3849.06702805277
3849.06702805277
3849.06702805277
3849.06702805277
3849.88900571695
3849.89328203912
3849.89328203912
3849.89328203912
3849.89328203912
3849.89328203912
3849.89328203912
3849.89328203912
3853.86383261808
3854.64535951696
3854.64535951696
3854.64535951696
3854.64535951696
3866.66504486504
3866.66504486504
3866.66504486504
3866.66504486504
3866.66504486504
3866.66504486504
3866.66504486504
3866.66504486504
3866.66504486504
3866.66504486504
3866.66504486504
3866.66504486504
3866.66504486504
3866.66504486504
3866.66504486504
3866.66504486504
3866.66504486504
3866.66504486504
3866.66504486504
3866.66504486504
3866.66504486504
3866.66504486504
3873.03841775554
3873.03841775554
3873.03841775554
3873.03841775554
3873.03841775554
3873.03841775554
3873.03841775554
3873.03841775554
3873.03841775554
3873.03841775554
3880.85532701991
3893.83908465606
3895.02466830296
3895.02466830296
3895.02466830296
3895.02466830296
3895.02466830296
3895.02466830296
3895.02466830296
3895.02466830296
3895.02466830296
3895.02466830296
3895.02466830296
3895.02466830296
3895.02466830296
3895.02466830296
3895.02466830296
3895.02466830296
3895.02466830296
3896.46229793845
3896.46229793845
3896.46229793845
3896.46229793845
3901.10592431899
3901.10592431899
3901.10592431899
3901.10592431899
3901.10592431899
3902.40758876418
3902.74128081135
3902.74128081135
3902.74128081135
3902.74128081135
3902.74128081135
3902.74128081135
3902.74128081135
3902.74128081135
3902.74128081135
3902.74128081135
3902.74128081135
3902.74128081135
3902.74128081135
3902.74128081135
3902.74128081135
3902.74128081135
3902.74128081135
3902.74128081135
3902.74128081135
3902.74128081135
3902.74128081135
3902.74128081135
3902.74128081135
3902.74128081135
3902.74128081135
3902.74128081135
3902.74128081135
3902.74128081135
3902.74128081135
3902.74128081135
3902.74128081135
3902.74128081135
3902.74128081135
3902.74128081135
3902.74128081135
3902.74128081135
3902.74128081135
3902.74128081135
3902.74128081135
3902.74128081135
3902.74128081135
3902.74128081135
3903.12945557252
3903.12945557252
3903.12945557252
3903.12945557252
3903.12945557252
3903.84692569696
3903.93002886671
3903.93002886671
3903.93002886671
3903.95508295343
3903.95508295343
3903.95508295343
3903.95508295343
3903.95508295343
3903.95508295343
3903.95508295343
3903.95508295343
3903.95508295343
3903.95508295343
3904.98683054502
3904.98683054502
3904.98683054502
3909.00017160124
3909.00017160124
3909.00017160124
3909.00017160124
3909.00017160124
3909.00017160124
3909.00017160124
3909.00017160124
3909.00017160124
3909.00017160124
3909.00017160124
3909.00017160124
3909.00017160124
3909.00017160124
3909.00017160124
3909.00017160124
3913.04716338793
3913.35353383967
3913.35353383967
3913.35353383967
3914.98101325892
3914.98101325892
3914.98101325892
3914.98101325892
3914.98101325892
3914.98101325892
3914.98101325892
3914.98101325892
3914.98101325892
3914.98101325892
3914.98101325892
3914.98101325892
3914.98101325892
3914.98101325892
3914.98101325892
3914.98101325892
3919.57091238865
3919.57091238865
3919.57091238865
3919.57091238865
3919.57091238865
3919.57091238865
3919.57091238865
3919.57091238865
3919.57091238865
3919.57091238865
3919.57091238865
3920.21593742194
3920.21593742194
3920.21593742194
3920.21593742194
3920.21593742194
3920.21593742194
3920.21593742194
3920.21593742194
3920.21593742194
3923.51402026245
3923.90118021647
3923.90118021647
3923.90118021647
3923.90118021647
3923.90118021647
3923.90118021647
3923.90118021647
3923.90118021647
3923.90118021647
3923.90118021647
3923.90118021647
3923.90118021647
3923.90118021647
3923.90118021647
3923.90118021647
3923.90118021647
3923.90118021647
3923.90118021647
3923.90118021647
3929.04924062029
3929.18915071746
3929.18915071746
3929.18915071746
3929.18915071746
3929.18915071746
3929.18915071746
3929.18915071746
3929.18915071746
3929.18915071746
3929.18915071746
3929.18915071746
3929.18915071746
3929.18915071746
3929.18915071746
3929.18915071746
3929.18915071746
3929.18915071746
3929.18915071746
3929.18915071746
3929.18915071746
3929.18915071746
3929.18915071746
3929.18915071746
3929.18915071746
3929.18915071746
3929.18915071746
3929.18915071746
3929.18915071746
3929.18915071746
3929.18915071746
3929.18915071746
3929.18915071746
3929.18915071746
3932.36552952945
3932.36552952945
3932.36552952945
3934.6357732398
3934.6357732398
3934.6357732398
3934.6357732398
3934.6357732398
3934.6357732398
3934.6357732398
3934.6357732398
3934.6357732398
3934.6357732398
3934.6357732398
3934.6357732398
3934.6357732398
3934.6357732398
3934.6357732398
3934.6357732398
3934.6357732398
3934.6357732398
3934.6357732398
3934.6357732398
3937.8353384952
3937.8353384952
3937.8353384952
3937.8353384952
3937.8353384952
3937.8353384952
3937.8353384952
3937.8353384952
3937.98615089834
3937.98615089834
3938.0920528083
3938.58086463642
3938.61674333564
3938.808998273
3938.808998273
3938.808998273
3938.808998273
3938.808998273
3938.808998273
3938.808998273
3938.808998273
3938.808998273
3938.808998273
3938.808998273
3942.33324656617
3942.33324656617
3942.33324656617
3942.33324656617
3942.33324656617
3942.33324656617
3942.33324656617
3942.33324656617
3942.33324656617
3942.33324656617
3942.33324656617
3942.33324656617
3942.33324656617
3942.33324656617
3947.91822083687
3948.03183001217
3948.03183001217
3948.03183001217
3948.03183001217
3948.03183001217
3948.03183001217
3948.03183001217
3948.03183001217
3948.03183001217
3948.03183001217
3948.03183001217
3948.03183001217
3948.03183001217
3948.03183001217
3948.03183001217
3948.03183001217
3948.03183001217
3948.03183001217
3948.03183001217
3948.03183001217
3948.03183001217
3948.03183001217
3948.03183001217
3948.03183001217
3948.03183001217
3948.03183001217
3948.03183001217
3948.03183001217
3948.03183001217
3948.03183001217
3948.03183001217
3948.03183001217
3948.03183001217
3948.03183001217
3948.03183001217
3948.03183001217
3948.03183001217
3948.03183001217
3948.03183001217
3948.03183001217
3948.03183001217
3948.03183001217
3948.03183001217
3948.03183001217
3948.03183001217
3948.03183001217
3948.03183001217
3948.03183001217
3948.03183001217
3948.03183001217
3948.03183001217
3948.03183001217
3948.03183001217
3948.03183001217
3948.03183001217
3948.03183001217
3948.03183001217
3948.03183001217
3948.03183001217
3948.74674619655
3948.74674619655
3948.74674619655
3948.74674619655
3948.74674619655
3948.74674619655
3948.74674619655
3948.74674619655
3948.74674619655
3948.74674619655
3948.74674619655
3948.74674619655
3948.74674619655
3948.74674619655
3948.74674619655
3948.74674619655
3948.74674619655
3948.74674619655
3948.74674619655
3948.74674619655
3948.74674619655
3948.74674619655
3948.74674619655
3948.74674619655
3948.74674619655
3948.74674619655
3948.74674619655
3948.74674619655
3948.74674619655
3950.80375861197
3950.80375861197
3950.80375861197
3950.80375861197
3950.80375861197
3950.80375861197
3950.80375861197
3950.80375861197
3950.80375861197
3950.80375861197
3950.80375861197
3950.80375861197
3950.80375861197
3950.80375861197
3950.80375861197
3956.14083951503
3956.14083951503
3956.14083951503
3956.14083951503
3956.14083951503
3956.14083951503
3956.14083951503
3956.14083951503
3956.14083951503
3956.14083951503
3956.14083951503
3956.14083951503
3956.14083951503
3956.14083951503
3956.14083951503
3956.14083951503
3956.14083951503
3956.14083951503
3956.14083951503
3956.14083951503
3956.14083951503
3956.14083951503
3956.14083951503
3956.14083951503
3956.14083951503
3956.14083951503
3956.14083951503
3956.14083951503
3956.14083951503
3956.14083951503
3956.14083951503
3956.14083951503
3956.14083951503
3956.14083951503
3960.95510840491
3960.95510840491
3960.95510840491
3960.95510840491
3960.95510840491
3960.95510840491
3960.95510840491
3960.95510840491
3960.95510840491
3960.95510840491
3964.0983770851
3964.18706579517
3964.18706579517
3964.18706579517
3964.18706579517
3964.18706579517
3964.18706579517
3964.18706579517
3964.18706579517
3964.18706579517
3964.18706579517
3964.18706579517
3964.18706579517
3964.18706579517
3964.18706579517
3964.18706579517
3964.18706579517
3964.18706579517
3964.18706579517
3964.18706579517
3964.18706579517
3964.18706579517
3964.18706579517
3964.18706579517
3964.18706579517
3964.18706579517
3964.18706579517
3964.18706579517
3964.18706579517
3964.18706579517
3964.18706579517
3964.18706579517
3964.18706579517
3964.18706579517
3964.18706579517
3964.18706579517
3964.18706579517
3964.18706579517
3964.18706579517
3964.18706579517
3964.18706579517
3964.18706579517
3964.18706579517
3964.18706579517
3964.18706579517
3964.18706579517
3964.18706579517
3964.18706579517
3964.18706579517
3964.18706579517
3964.18706579517
3964.18706579517
3964.18706579517
3964.18706579517
3964.18706579517
3964.18706579517
3964.18706579517
3964.18706579517
3964.18706579517
3964.18706579517
3964.18706579517
3964.18706579517
3964.18706579517
3964.18706579517
3964.18706579517
3964.18706579517
3964.18706579517
3964.18706579517
3964.18706579517
3964.18706579517
3964.18706579517
3964.18706579517
3964.18706579517
3964.18706579517
3964.18706579517
3964.18706579517
3964.18706579517
3964.18706579517
3964.18706579517
3964.18706579517
3964.18706579517
3964.18706579517
3964.18706579517
3964.18706579517
3964.18706579517
3964.18706579517
3964.18706579517
3964.18706579517
3964.56320043925
3964.56320043925
3964.56320043925
3964.56320043925
3964.56320043925
3964.56320043925
3964.56320043925
3964.56320043925
3964.56320043925
3964.56320043925
3964.56320043925
3964.56320043925
3964.56320043925
3964.56320043925
3964.56320043925
3964.56320043925
3964.56320043925
3964.56320043925
3964.56320043925
3964.56320043925
3964.56320043925
3964.56320043925
3964.56320043925
3964.56320043925
3965.06475111754
3965.06475111754
3965.06475111754
3965.06475111754
3965.06475111754
3965.06475111754
3965.06475111754
3965.06475111754
3965.06475111754
3965.06475111754
3965.06475111754
3965.06475111754
3965.06475111754
3965.06475111754
3965.06475111754
3965.06475111754
3965.06475111754
3965.06475111754
3965.06475111754
3965.06475111754
3965.06475111754
3965.06475111754
3965.06475111754
3965.06475111754
3965.06475111754
3965.06475111754
3965.06475111754
3965.06475111754
3965.06475111754
3965.06475111754
3965.06475111754
3965.06475111754
3965.06475111754
3965.06475111754
3965.06475111754
3965.06475111754
3965.06475111754
3965.06475111754
3965.06475111754
3965.06475111754
3965.06475111754
3965.06475111754
3965.06475111754
3965.06475111754
3965.06475111754
3965.06475111754
3965.06683205136
3965.06683205136
3965.06683205136
3965.06683205136
3965.06683205136
3965.06683205136
3965.39887340756
3965.39887340756
3965.39887340756
3965.39887340756
3965.39887340756
3965.39887340756
3965.39887340756
3965.39887340756
3965.39887340756
3965.39887340756
3965.39887340756
3965.39887340756
3965.39887340756
3965.39887340756
3965.39887340756
3965.39887340756
3965.39887340756
3965.39887340756
3965.39887340756
3965.39887340756
3965.39887340756
3965.39887340756
3965.39887340756
3965.39887340756
3965.39887340756
3965.39887340756
3965.39887340756
3965.39887340756
3965.39887340756
3965.39887340756
3965.39887340756
3965.39887340756
3965.39887340756
3965.39887340756
3965.39887340756
3965.39887340756
3965.39887340756
3965.39887340756
3965.39887340756
3965.39887340756
3965.39887340756
3965.39887340756
3965.39887340756
3965.39887340756
3965.39887340756
3965.39887340756
3965.39887340756
3965.39887340756
3965.39887340756
3965.39887340756
3965.39887340756
3965.39887340756
3965.39887340756
3965.39887340756
3965.39887340756
3965.39887340756
3965.39887340756
3965.39887340756
3965.39887340756
3965.39887340756
3965.39887340756
3965.39887340756
3965.39887340756
3965.39887340756
3965.39887340756
3965.39887340756
3965.39887340756
3965.39887340756
3965.39887340756
3965.39887340756
3965.39887340756
3965.39887340756
3965.39887340756
3965.39887340756
3965.39887340756
3965.39887340756
3965.39887340756
3965.39887340756
3965.39887340756
3965.39887340756
3965.39887340756
3965.39887340756
3965.39887340756
3965.39887340756
3965.39887340756
3965.39887340756
3965.39887340756
3965.39887340756
3965.39887340756
3965.39887340756
3965.39887340756
3965.39887340756
3965.39887340756
3965.39887340756
3965.39887340756
3965.39887340756
3965.39887340756
3965.39887340756
3965.39887340756
3965.39887340756
3965.39887340756
3965.39887340756
3965.39887340756
3965.39887340756
3965.39887340756
3965.39887340756
3965.39887340756
3965.39887340756
3965.39887340756
3965.39887340756
3965.39887340756
3965.39887340756
3965.39887340756
3965.39887340756
3965.39887340756
3965.39887340756
3965.39887340756
3965.39887340756
3965.39887340756
3965.39887340756
3965.39887340756
3965.39887340756
3965.39887340756
3965.39887340756
3965.39887340756
3965.39887340756
3965.39887340756
3965.39887340756
3965.39887340756
3965.39887340756
3965.39887340756
3965.39887340756
3965.39887340756
3965.39887340756
3965.39887340756
3965.39887340756
3965.39887340756
3965.39887340756
3965.39887340756
3965.39887340756
3965.39887340756
3965.39887340756
3965.39887340756
3965.39887340756
3965.39887340756
3965.39887340756
3965.39887340756
3965.39887340756
3965.39887340756
3965.39887340756
3965.39887340756
3965.39887340756
3965.39887340756
3965.39887340756
3965.39887340756
3965.39887340756
3965.39887340756
3965.39887340756
3965.39887340756
3965.39887340756
3965.39887340756
3965.39887340756
3965.39887340756
3965.7321271007
3966.10704940784
3966.10704940784
3966.10704940784
3968.69942912465
3968.69942912465
3968.69942912465
3968.69942912465
3968.69942912465
3973.78223386428
3973.78223386428
3973.78223386428
3973.78223386428
3973.78223386428
3973.78223386428
3973.78223386428
3973.78223386428
3973.78223386428
3973.78223386428
3973.78223386428
3973.78223386428
3973.78223386428
3973.78223386428
3973.78223386428
3973.78223386428
3973.78223386428
3973.78223386428
3973.78223386428
3973.78223386428
3973.78223386428
3973.78223386428
3973.78223386428
3973.78223386428
3973.78223386428
3973.78223386428
3973.78223386428
3973.78223386428
3973.78223386428
3973.78223386428
3973.78223386428
3973.78223386428
3973.78223386428
3973.78223386428
3973.78223386428
3973.78223386428
3973.78223386428
3973.78223386428
3973.78223386428
3973.78223386428
3973.78223386428
3973.78223386428
3973.78223386428
3973.78223386428
3975.23632736647
3975.23632736647
3975.23632736647
3975.23632736647
3975.23632736647
3975.23632736647
3975.23632736647
3977.88784983821
3977.91170801116
3977.91170801116
3977.91170801116
3977.91170801116
3977.91170801116
3977.91170801116
3977.91170801116
3977.91170801116
3977.91170801116
3977.91170801116
3977.91170801116
3977.91170801116
3977.91170801116
3977.91170801116
3977.91170801116
3977.91170801116
3977.91170801116
3977.91170801116
3977.91170801116
3977.91170801116
3977.91170801116
3977.91170801116
3977.91170801116
3977.91170801116
3977.91170801116
3977.91170801116
3977.91170801116
3977.91170801116
3977.91170801116
3977.91170801116
3977.91170801116
3977.91170801116
3977.91170801116
3977.91170801116
3977.91170801116
3977.91170801116
3977.91170801116
3977.91170801116
3977.91170801116
3977.91170801116
3977.91170801116
3977.91170801116
3977.91170801116
3977.91170801116
3977.91170801116
3977.91170801116
3977.91170801116
3977.91170801116
3977.91170801116
3977.91170801116
3977.91170801116
3977.91170801116
3977.91170801116
3977.91170801116
3977.91170801116
3977.91170801116
3977.91170801116
3977.91170801116
3977.91170801116
3977.91170801116
3977.91170801116
3977.91170801116
3977.91170801116
3977.91170801116
3977.91170801116
3977.91170801116
3977.91170801116
3977.91170801116
3977.91170801116
3977.91170801116
3977.91170801116
3977.91170801116
3977.91170801116
3977.91170801116
3977.91170801116
3977.91170801116
3977.91170801116
3977.91170801116
3977.91170801116
3977.91170801116
3977.91170801116
3977.91170801116
3977.91170801116
3977.91170801116
3977.91170801116
3977.91170801116
3977.91170801116
3977.91170801116
3977.91170801116
3977.91170801116
3977.91170801116
3977.91170801116
3977.91170801116
3977.91170801116
3977.91170801116
3977.91170801116
3977.91170801116
3977.91170801116
3977.91170801116
3977.91170801116
3977.91170801116
3977.91170801116
3977.91170801116
3977.91170801116
3977.91170801116
3977.91170801116
3977.91170801116
3977.91170801116
3977.91170801116
3977.91170801116
3977.91170801116
3977.91170801116
3977.91170801116
3977.91170801116
3977.91170801116
3977.91170801116
3977.91170801116
3977.91170801116
3977.91170801116
3977.91170801116
3977.91170801116
3977.91170801116
3977.91170801116
3977.91170801116
3977.91170801116
3977.91170801116
3977.91170801116
3977.91170801116
3977.91170801116
3977.91170801116
3977.91170801116
3978.48809592068
3978.48809592068
3978.48809592068
3978.48809592068
3978.48809592068
3978.48809592068
3978.48809592068
3978.48809592068
3978.48809592068
3978.48809592068
3978.48809592068
3978.48809592068
3978.48809592068
3978.48809592068
3978.48809592068
3978.48809592068
3978.48809592068
3978.48809592068
3978.48809592068
3978.48809592068
3978.48809592068
3978.48809592068
3978.48809592068
3978.48809592068
3978.48809592068
3978.48809592068
3978.48809592068
3978.48809592068
3978.48809592068
3978.48809592068
3978.48809592068
3978.48809592068
3978.48809592068
3978.48809592068
3978.48809592068
3978.48809592068
3978.48809592068
3978.48809592068
3978.48809592068
3978.48809592068
3978.48809592068
3978.48809592068
3980.3373416373
3981.10976749979
3981.10976749979
3981.10976749979
3981.10976749979
3981.10976749979
3981.10976749979
3981.10976749979
3981.10976749979
3981.10976749979
3981.10976749979
3981.10976749979
3981.10976749979
3981.10976749979
3981.10976749979
3981.10976749979
3981.10976749979
3981.10976749979
3981.10976749979
3981.10976749979
3981.10976749979
3981.10976749979
3981.10976749979
3981.10976749979
3981.10976749979
3981.10976749979
3981.10976749979
3981.10976749979
3981.10976749979
3981.10976749979
3981.10976749979
3981.10976749979
3981.10976749979
3981.10976749979
3981.10976749979
3981.10976749979
3981.10976749979
3981.10976749979
3981.10976749979
3981.10976749979
3981.10976749979
3981.10976749979
3981.10976749979
3981.10976749979
3981.10976749979
3981.10976749979
3981.10976749979
3981.10976749979
3981.10976749979
3981.10976749979
3981.10976749979
3981.10976749979
3981.10976749979
3981.10976749979
3981.10976749979
3981.10976749979
3981.10976749979
3981.10976749979
3981.10976749979
3981.10976749979
3981.10976749979
3981.10976749979
3981.10976749979
3981.10976749979
3981.10976749979
3981.10976749979
3981.10976749979
3981.10976749979
3981.10976749979
3981.10976749979
3981.10976749979
3981.10976749979
3981.10976749979
3981.10976749979
3981.10976749979
3981.10976749979
3981.10976749979
3981.10976749979
3981.10976749979
3981.10976749979
3981.10976749979
3981.10976749979
3981.10976749979
3981.10976749979
3981.10976749979
3981.10976749979
3981.10976749979
3981.10976749979
3981.10976749979
3981.10976749979
3981.10976749979
3981.10976749979
3981.10976749979
3981.10976749979
3981.10976749979
3982.44671247406
3982.44671247406
3982.44671247406
3982.44671247406
3983.75997828965
3983.75997828965
3983.75997828965
3983.75997828965
3983.75997828965
3983.75997828965
3983.75997828965
3983.75997828965
3983.75997828965
3983.75997828965
3983.75997828965
3983.75997828965
3983.75997828965
3983.75997828965
3983.75997828965
3983.75997828965
3983.75997828965
3983.75997828965
3983.75997828965
3983.75997828965
3983.75997828965
3983.75997828965
3983.75997828965
3983.75997828965
3983.75997828965
3983.75997828965
3983.75997828965
3983.75997828965
3983.75997828965
3983.75997828965
3983.75997828965
3983.75997828965
3983.75997828965
3983.75997828965
3983.75997828965
3983.75997828965
3983.75997828965
3983.75997828965
3983.75997828965
3983.75997828965
3983.75997828965
3983.75997828965
3983.75997828965
3983.75997828965
3983.75997828965
3983.75997828965
3983.75997828965
3983.75997828965
3983.75997828965
3983.75997828965
3983.75997828965
3983.75997828965
3983.75997828965
3983.75997828965
3983.75997828965
3983.75997828965
3983.75997828965
3983.75997828965
3983.75997828965
3983.75997828965
3983.75997828965
3983.75997828965
3983.75997828965
3983.75997828965
3983.75997828965
3983.75997828965
3983.75997828965
3983.75997828965
3983.75997828965
3983.75997828965
3983.75997828965
3983.75997828965
3983.75997828965
3983.75997828965
3983.75997828965
3983.75997828965
3983.75997828965
3983.75997828965
3983.75997828965
3983.75997828965
3983.75997828965
3983.75997828965
3983.75997828965
3983.75997828965
3983.75997828965
3983.75997828965
3983.75997828965
3983.75997828965
3983.75997828965
3983.75997828965
3983.75997828965
3983.75997828965
3983.75997828965
3983.75997828965
3983.75997828965
3983.75997828965
3983.75997828965
3983.75997828965
3983.75997828965
3983.75997828965
3983.75997828965
3983.75997828965
3983.75997828965
3983.75997828965
3983.75997828965
3983.75997828965
3986.15018504082
3986.15018504082
3986.15018504082
3986.15018504082
3986.15018504082
3986.15018504082
3986.15018504082
3986.15018504082
3986.15018504082
3986.15018504082
3986.15018504082
3986.15018504082
3986.15018504082
3986.38942475761
3986.38942475761
3986.38942475761
3986.38942475761
3986.38942475761
3986.38942475761
3986.38942475761
3986.38942475761
3986.38942475761
3986.38942475761
3986.38942475761
3986.38942475761
3986.38942475761
3986.38942475761
3986.38942475761
3986.38942475761
3986.38942475761
3986.38942475761
3986.38942475761
3986.38942475761
3986.38942475761
3986.38942475761
3986.38942475761
3986.38942475761
3986.38942475761
3986.38942475761
3986.38942475761
3986.38942475761
3986.38942475761
3986.38942475761
3986.38942475761
3986.38942475761
3986.38942475761
3986.60774791449
3986.60774791449
3986.60774791449
3986.60774791449
3986.60774791449
3994.90658661711
3994.90658661711
3994.90658661711
3994.90658661711
3994.90658661711
3994.90658661711
3994.90658661711
3995.13105679212
3995.13105679212
3995.13105679212
3995.13105679212
3995.13105679212
3995.13105679212
3995.13105679212
3995.13105679212
3995.13105679212
3995.13105679212
3995.13105679212
3995.13105679212
3995.13105679212
3995.13105679212
3995.13105679212
3997.29711571166
3997.29711571166
3997.29711571166
3997.29711571166
3997.29711571166
3997.29711571166
3997.29711571166
3997.29711571166
3997.29711571166
3997.29711571166
3997.29711571166
3997.29711571166
3997.29711571166
3997.29711571166
3997.29711571166
3997.29711571166
3997.29711571166
3997.29711571166
3997.29711571166
3997.29711571166
3997.29711571166
3997.29711571166
3997.29711571166
3997.29711571166
3997.29711571166
3997.29711571166
3997.29711571166
3997.29711571166
3997.29711571166
3997.29711571166
3997.29711571166
3997.29711571166
3997.29711571166
3997.29711571166
3997.29711571166
3997.29711571166
3997.29711571166
3997.29711571166
3997.29711571166
3997.29711571166
3997.29711571166
3997.29711571166
3997.29711571166
3997.29711571166
3997.29711571166
3997.29711571166
3997.29711571166
3997.29711571166
3997.29711571166
3997.29711571166
3997.29711571166
3997.29711571166
3997.29711571166
3997.29711571166
3997.29711571166
3997.29711571166
3997.29711571166
3997.29711571166
3997.29711571166
3997.29711571166
3997.29711571166
3997.29711571166
3997.29711571166
3997.29711571166
3997.29711571166
3997.29711571166
3997.29711571166
3997.29711571166
3997.29711571166
3997.29711571166
3997.29711571166
3997.29711571166
3997.29711571166
3997.29711571166
3997.29711571166
3997.29711571166
3997.29711571166
3997.29711571166
3997.29711571166
3997.29711571166
3997.29711571166
3997.29711571166
3997.29711571166
3997.29711571166
3997.29711571166
3997.29711571166
3997.29711571166
3997.29711571166
3997.29711571166
3997.29711571166
3997.29711571166
3997.29711571166
3997.29711571166
3997.29711571166
3997.29711571166
3997.29711571166
3997.29711571166
3997.29711571166
3997.29711571166
3997.29711571166
3997.29711571166
3997.29711571166
3997.29711571166
3997.29711571166
3997.29711571166
3997.29711571166
3997.29711571166
3997.29711571166
3997.29711571166
3997.29711571166
3997.29711571166
3997.29711571166
4005.01458868301
4005.07458992985
4005.07458992985
4005.07458992985
4005.07458992985
4005.07458992985
4005.07458992985
4005.07458992985
4005.07458992985
4005.07458992985
4005.07458992985
4005.07458992985
4005.07458992985
4005.07458992985
4005.07458992985
4005.07458992985
4005.07458992985
4005.07458992985
4005.07458992985
4005.07458992985
4005.07458992985
4005.07458992985
4005.07458992985
4005.07458992985
4005.07458992985
4005.07458992985
4005.07458992985
4005.07458992985
4005.07458992985
4005.07458992985
4005.07458992985
4005.07458992985
4005.07458992985
4005.07458992985
4005.07458992985
4005.07458992985
4005.07458992985
4005.07458992985
4005.07458992985
4005.07458992985
4005.07458992985
4005.07458992985
4005.07458992985
4005.07458992985
4005.07458992985
4005.07458992985
4005.07458992985
4005.07458992985
4005.07458992985
4005.07458992985
4005.07458992985
4005.07458992985
4005.07458992985
4005.07458992985
4005.07458992985
4005.07458992985
4005.07458992985
4005.07458992985
4005.07458992985
4005.07458992985
4005.07458992985
4005.07458992985
4005.07458992985
4005.07458992985
4005.07458992985
4005.07458992985
4005.07458992985
4005.07458992985
4005.07458992985
4005.07458992985
4005.07458992985
4005.07458992985
4005.07458992985
4005.07458992985
4005.07458992985
4005.07458992985
4005.07458992985
4005.07458992985
4005.07458992985
4005.07458992985
4005.07458992985
4005.07458992985
4005.07458992985
4005.07458992985
4005.07458992985
4005.07458992985
4005.07458992985
4005.07458992985
4005.07458992985
4005.07458992985
4005.07458992985
4005.07458992985
4005.07458992985
4005.07458992985
4005.07458992985
4005.07458992985
4005.07458992985
4005.07458992985
4005.07458992985
4005.07458992985
4005.07458992985
4005.07458992985
4005.07458992985
4005.07458992985
4005.07458992985
4005.54222856795
4005.54222856795
4005.54222856795
4005.54222856795
4005.54222856795

