4074.46828196074
4294.44541036739
4426.70707279141
4497.65523911619
4577.0768021824
4618.52369085441
4661.91916759935
4674.75023271526
4694.94510098649
4725.29807488231
4736.72885838616
4761.46980480693
4777.54172865781
4783.92196526385
4802.76430280816
4809.17046240877
4830.68218360682
4840.61841074334
4847.94770400138
4861.10635575951
4875.88928800545
4880.66387012438
4890.81941568209
4894.94759585523
4896.86081359564
4909.74380025264
4917.63956962148
4932.15515063086
4932.15515063086
4945.31218083235
4947.65858444697
4947.65858444697
4953.9180072877
4962.64423655302
4967.58120853021
4971.49660898079
4977.02494125971
4978.72919476464
4981.82972910369
4983.75916352122
4987.13544692253
4990.0402591708
4990.0402591708
4997.63695128408
4999.01831911438
4999.01831911438
4999.01831911438
5000.27320428526
5001.44569873687
5005.85471137591
5006.58300239911
5011.59052782394
5011.59052782394
5011.78862383884
5011.78862383884
5017.29645847422
5017.29645847422
5017.9386406014
5021.60929437729
5022.423116745
5029.16797781965
5029.16797781965
5032.84223089594
5032.84223089594
5032.84223089594
5032.84223089594
5039.80340630174
5040.01447585383
5041.1208527351
5043.97803851473
5045.25965496089
5045.25965496089
5045.25965496089
5045.78420162781
5053.23284066375
5053.25085338022
5057.71480288935
5057.71480288935
5059.74622706556
5059.74622706556
5059.74622706556
5061.64787291905
5063.43207523759
5063.43207523759
5066.52862162113
5068.39770407945
5072.08213260825
5072.08213260825
5072.08213260825
5072.08213260825
5075.88078391173
5075.88078391173
5075.88078391173
5078.6870815498
5080.14911174189
5082.61938164851
5082.68822486865
5097.16424191982
5101.97234559047
5101.97234559047
5102.63691435167
5105.04719525554
5105.04719525554
5105.04719525554
5105.04719525554
5107.24717077909
5111.53888316926
5111.53888316926
5114.0906046715
5115.15359930677
5115.92104062655
5118.09860543362
5122.44791881378
5122.44791881378
5122.98963890953
5131.50497152329
5134.38817489721
5136.46639685249
5136.46639685249
5136.46639685249
5136.46639685249
5141.7014860326
5141.7014860326
5141.7014860326
5141.7014860326
5141.7014860326
5141.7014860326
5141.7014860326
5142.02941603504
5144.53034272704
5144.53034272704
5144.53034272704
5147.69361576718
5148.18980938754
5149.73732692091
5149.73732692091
5150.62251935091
5150.99754621989
5150.99754621989
5150.99754621989
5150.99754621989
5150.99754621989
5150.99754621989
5150.99754621989
5155.29559568966
5155.29559568966
5158.87641462139
5158.87641462139
5158.87641462139
5158.87641462139
5158.87641462139
5158.87641462139
5160.4272151731
5160.4272151731
5164.79487371261
5165.19004342111
5165.19004342111
5165.19004342111
5165.19004342111
5165.19004342111
5165.19004342111
5165.39960198194
5165.39960198194
5165.39960198194
5166.42321723329
5166.42321723329
5166.42321723329
5166.42321723329
5166.71761708246
5166.71761708246
5171.16637797885
5171.44476024019
5171.44476024019
5171.44476024019
5171.44476024019
5171.44476024019
5174.79942746138
5174.79942746138
5174.79942746138
5174.79942746138
5178.99864098841
5181.64809741429
5181.64809741429
5181.64809741429
5184.99029778737
5185.02534725435
5185.02534725435
5185.02534725435
5185.1569362897
5185.1569362897
5185.1569362897
5190.60439370358
5190.60439370358
5190.60439370358
5190.60439370358
5190.60439370358
5190.60439370358
5190.60439370358
5190.60439370358
5190.60439370358
5191.45397858528
5191.45397858528
5191.45397858528
5193.61038791042
5193.61038791042
5193.61038791042
5193.61038791042
5193.61038791042
5193.61038791042
5193.61038791042
5193.61038791042
5194.57670159863
5194.57670159863
5194.57670159863
5194.57670159863
5194.57670159863
5194.57670159863
5194.57670159863
5194.68179041085
5197.39290950682
5197.39290950682
5197.39290950682
5197.39290950682
5197.39290950682
5202.65268405616
5202.65268405616
5202.65268405616
5202.65268405616
5202.65268405616
5202.65268405616
5202.65268405616
5203.56809199461
5203.56809199461
5203.56809199461
5203.56809199461
5204.21415115926
5205.58454830868
5205.58454830868
5205.58454830868
5205.58454830868
5205.58454830868
5205.58454830868
5205.58454830868
5205.58454830868
5205.58454830868
5205.58454830868
5205.58454830868
5205.58454830868
5208.02185839187
5209.71734128
5210.4211213832
5210.4211213832
5210.4211213832
5210.4211213832
5210.4211213832
5210.4211213832
5210.4211213832
5210.4211213832
5210.4211213832
5210.4211213832
5210.4211213832
5215.28401833842
5215.28401833842
5215.28401833842
5215.28401833842
5215.28401833842
5215.28401833842
5215.28401833842
5219.50302852596
5219.50302852596
5219.50302852596
5219.50302852596
5219.50302852596
5219.50302852596
5219.50302852596
5219.50302852596
5221.52728423476
5221.52728423476
5221.52728423476
5224.26492358801
5224.26492358801
5224.26492358801
5224.26492358801
5224.26492358801
5224.26492358801
5224.26492358801
5224.26492358801
5224.26492358801
5226.27191693848
5226.27191693848
5226.27191693848
5226.27191693848
5226.27191693848
5226.27191693848
5227.56511302977
5227.56511302977
5227.56511302977
5227.56511302977
5228.28442046624
5228.28442046624
5228.28442046624
5228.78051008482
5228.78051008482
5228.78051008482
5228.78051008482
5228.78051008482
5228.78051008482
5232.09110161083
5232.09110161083
5232.09110161083
5235.40318012973
5236.76430822595
5236.76430822595
5236.76430822595
5236.76430822595
5236.76430822595
5236.76430822595
5236.76430822595
5236.76430822595
5236.76430822595
5236.76430822595
5236.76430822595
5241.2836170432
5245.02591942286
5247.15201109103
5247.15201109103
5247.15201109103
5247.15201109103
5251.58358021135
5251.58358021135
5251.58358021135
5251.58358021135
5251.96765871964
5251.96765871964
5253.52311730986
5253.74036288144
5253.74036288144
5256.22976928187
5257.97122058747
5257.97122058747
5257.97122058747
5257.97122058747
5257.97122058747
5259.87332771125
5259.87332771125
5260.44641553323
5260.44641553323
5260.44641553323
5260.44641553323
5260.44641553323
5260.44641553323
5260.44641553323
5261.01564249174
5261.58911926437
5261.58911926437
5261.58911926437
5261.58911926437
5262.19048359428
5262.19048359428
5262.19048359428
5262.2450676435
5262.2450676435
5262.2450676435
5262.2450676435
5262.2450676435
5262.2450676435
5262.2450676435
5262.2450676435
5262.65721361914
5262.65721361914
5262.65721361914
5262.65721361914
5262.65721361914
5262.65721361914
5262.65721361914
5262.65721361914
5262.65721361914
5266.36358482379
5266.36358482379
5266.36358482379
5266.36358482379
5266.36358482379
5266.36358482379
5266.58222769265
5266.58222769265
5266.58222769265
5266.58222769265
5266.58222769265
5266.58222769265
5266.58222769265
5266.58222769265
5266.58222769265
5266.58222769265
5266.58222769265
5266.58222769265
5269.68630609528
5270.19548707383
5270.19548707383
5271.73548479513
5271.73548479513
5271.73548479513
5272.95247672022
5272.95247672022
5272.95247672022
5272.95247672022
5272.95247672022
5272.95247672022
5272.95247672022
5275.15187601745
5275.15187601745
5275.15187601745
5275.15187601745
5275.15187601745
5279.4042168554
5279.4042168554
5279.4042168554
5282.79457506989
5282.79457506989
5282.79457506989
5282.79457506989
5282.79457506989
5282.79457506989
5282.79457506989
5283.78938563949
5283.78938563949
5283.78938563949
5283.78938563949
5283.78938563949
5286.2609161855
5286.58077911174
5286.58077911174
5286.58077911174
5286.58077911174
5286.58077911174
5286.58077911174
5286.58077911174
5286.58077911174
5286.58077911174
5286.58077911174
5286.58077911174
5286.58077911174
5286.58077911174
5286.58077911174
5286.58077911174
5286.58077911174
5286.58077911174
5286.58077911174
5286.58077911174
5286.58077911174
5286.58077911174
5286.58077911174
5286.61429202898
5286.61429202898
5289.71580538419
5289.71580538419
5290.68998225086
5290.68998225086
5290.68998225086
5290.68998225086
5290.68998225086
5291.76267933503
5291.76267933503
5291.76267933503
5291.76267933503
5291.76267933503
5291.76267933503
5291.76267933503
5291.76267933503
5291.76267933503
5291.76267933503
5291.76267933503
5291.76267933503
5291.76267933503
5295.78336554837
5296.96382882735
5298.33910360641
5298.33910360641
5298.33910360641
5298.33910360641
5298.33910360641
5298.33910360641
5298.33910360641
5298.33910360641
5298.33910360641
5301.70685051812
5301.70685051812
5301.70685051812
5301.70685051812
5301.70685051812
5301.70685051812
5301.70685051812
5301.70685051812
5301.70685051812
5301.70685051812
5301.70685051812
5301.70685051812
5303.76283247767
5303.76283247767
5303.76283247767
5303.76283247767
5303.76283247767
5303.76283247767
5303.76283247767
5303.76283247767
5303.76283247767
5303.76283247767
5303.76283247767
5303.76283247767
5303.76283247767
5303.76283247767
5303.76283247767
5303.76283247767
5303.76283247767
5303.76283247767
5306.27564245229
5306.27564245229
5306.27564245229
5306.27564245229
5306.27564245229
5306.27564245229
5306.27564245229
5306.27564245229
5306.27564245229
5306.27564245229
5306.27564245229
5306.27564245229
5310.00020193954
5310.00020193954
5310.00020193954
5310.00020193954
5310.00020193954
5310.00020193954
5310.00020193954
5310.00020193954
5310.00020193954
5310.00020193954
5310.00020193954
5310.00020193954
5310.00020193954
5310.00020193954
5310.00020193954
5310.55824142463
5310.55824142463
5310.55824142463
5310.55824142463
5311.96221673441
5311.96221673441
5311.96221673441
5311.96221673441
5311.96221673441
5311.96221673441
5311.96221673441
5312.81990356406
5314.52516083065
5314.52516083065
5314.52516083065
5314.52516083065
5314.52516083065
5314.52516083065
5314.52516083065
5314.52516083065
5314.52516083065
5314.52516083065
5314.52516083065
5317.70014053698
5319.08717403328
5319.08717403328
5319.08717403328
5319.08717403328
5319.08717403328
5319.08717403328
5319.08717403328
5319.08717403328
5319.21520332834
5321.08495557443
5321.08495557443
5321.08495557443
5321.08495557443
5321.08495557443
5321.08495557443
5321.08495557443
5321.08495557443
5321.08495557443
5321.08495557443
5321.08495557443
5321.08495557443
5321.08495557443
5321.08495557443
5321.08495557443
5321.08495557443
5321.08495557443
5321.08495557443
5321.08495557443
5321.08495557443
5321.08495557443
5321.08495557443
5321.08495557443
5321.19608518984
5321.19608518984
5321.19608518984
5321.19608518984
5321.19608518984
5321.19608518984
5324.2780028588
5324.2780028588
5324.2780028588
5324.2780028588
5324.2780028588
5324.2780028588
5324.2780028588
5324.2780028588
5324.2780028588
5324.2780028588
5324.2780028588
5324.2780028588
5324.2780028588
5324.2780028588
5324.2780028588
5324.2780028588
5324.2780028588
5324.2780028588
5324.2780028588
5324.2780028588
5324.2780028588
5324.2780028588
5324.2780028588
5324.2780028588
5324.2780028588
5324.2780028588
5324.2780028588
5324.2780028588
5324.2780028588
5327.00134310057
5331.7028445361
5331.7028445361
5331.7028445361
5331.7028445361
5331.7028445361
5331.7028445361
5335.97719075457
5335.97719075457
5335.97719075457
5335.97719075457
5335.97719075457
5335.97719075457
5335.97719075457
5335.97719075457
5335.97719075457
5335.97719075457
5337.188360074
5339.26909263178
5339.26909263178
5339.26909263178
5339.26909263178
5340.9740463918
5340.9740463918
5340.9740463918
5340.9740463918
5340.9740463918
5340.9740463918
5340.9740463918
5340.9740463918
5340.9740463918
5340.9740463918
5340.9740463918
5340.9740463918
5340.9740463918
5340.9740463918
5340.9740463918
5340.9740463918
5340.9740463918
5340.9740463918
5340.9740463918
5340.9740463918
5340.9740463918
5340.9740463918
5340.9740463918
5340.9740463918
5340.9740463918
5340.9740463918
5340.9740463918
5340.9740463918
5340.9740463918
5340.9740463918
5340.9740463918
5340.9740463918
5340.9740463918
5340.9740463918
5340.9740463918
5340.9740463918
5340.9740463918
5340.9740463918
5340.9740463918
5340.9740463918
5340.9740463918
5340.9740463918
5340.9740463918
5340.9740463918
5340.9740463918
5340.9740463918
5340.9740463918
5340.9740463918
5342.26223561838
5342.26223561838
5342.26223561838
5342.26223561838
5342.26223561838
5342.26223561838
5342.26223561838
5342.26223561838
5342.26223561838
5342.26223561838
5342.26223561838
5342.26223561838
5342.26223561838
5342.26223561838
5342.38607019331
5342.38607019331
5342.38607019331
5344.57835808719
5344.57835808719
5344.57835808719
5344.57835808719
5344.57835808719
5344.57835808719
5344.57835808719
5344.57835808719
5345.64108502098
5346.31704928329
5346.31704928329
5346.31704928329
5346.31704928329
5346.31704928329
5347.35308999369
5347.35308999369
5347.35308999369
5347.35308999369
5347.35308999369
5347.35308999369
5347.35308999369
5347.35308999369
5347.35308999369
5347.35308999369
5347.35308999369
5347.35308999369
5348.73633717575
5348.73633717575
5348.73633717575
5348.73633717575
5348.73633717575
5348.73633717575
5348.73633717575
5348.73633717575
5348.73633717575
5348.73633717575
5348.73633717575
5348.73633717575
5348.73633717575
5348.73633717575
5348.73633717575
5348.73633717575
5351.45343723506
5351.45343723506
5351.45343723506
5351.45343723506
5351.45343723506
5351.45343723506
5351.45343723506
5351.45343723506
5351.80771588828
5351.80771588828
5351.80771588828
5351.80771588828
5351.80771588828
5351.80771588828
5351.80771588828
5351.80771588828
5351.80771588828
5351.80771588828
5351.80771588828
5351.80771588828
5351.80771588828
5351.80771588828
5351.80771588828
5351.80771588828
5351.80771588828
5351.80771588828
5351.80771588828
5351.80771588828
5351.80771588828
5351.80771588828
5351.80771588828
5351.80771588828
5351.80771588828
5351.80771588828
5352.83798102197
5352.83798102197
5352.83798102197
5352.83798102197
5354.37299697175
5354.60691901404
5354.60691901404
5354.60691901404
5354.60691901404
5354.89140560435
5354.89140560435
5354.89140560435
5354.89140560435
5354.89140560435
5354.89140560435
5354.89140560435
5354.89140560435
5354.89140560435
5354.89140560435
5354.89140560435
5354.89140560435
5354.89140560435
5354.89140560435
5354.89140560435
5354.89140560435
5354.89140560435
5354.89140560435
5354.89140560435
5354.89140560435
5354.89140560435
5354.89140560435
5354.89140560435
5354.89140560435
5354.89140560435
5354.90348244035
5354.90348244035
5354.90348244035
5356.40923121523
5358.03730269839
5358.03730269839
5358.03730269839
5358.03730269839
5358.03730269839
5358.03730269839
5358.03730269839
5358.03730269839
5358.03730269839
5358.03730269839
5359.69533253932
5359.69533253932
5359.69533253932
5359.69533253932
5359.69533253932
5359.69533253932
5363.96849182415
5363.96849182415
5363.96849182415
5363.96849182415
5364.88022363349
5364.88022363349
5364.92177076587
5365.34701360639
5365.34701360639
5365.34701360639
5365.34701360639
5365.34701360639
5365.34701360639
5365.38727870065
5365.89181898392
5365.89181898392
5365.89181898392
5365.89181898392
5365.89181898392
5365.89181898392
5365.89181898392
5365.89181898392
5367.71023080019
5368.85434576707
5368.85434576707
5368.85434576707
5368.85434576707
5368.85434576707
5368.85434576707
5372.95926931769
5372.95926931769
5372.95926931769
5372.95926931769
5372.95926931769
5372.95926931769
5372.95926931769
5372.95926931769
5372.95926931769
5372.95926931769
5372.95926931769
5372.95926931769
5372.95926931769
5372.95926931769
5372.95926931769
5372.95926931769
5372.95926931769
5372.95926931769
5372.95926931769
5372.95926931769
5372.95926931769
5372.95926931769
5372.95926931769
5372.95926931769
5372.96733588503
5372.96733588503
5372.96733588503
5372.96733588503
5372.96733588503
5372.96733588503
5372.96733588503
5372.96733588503
5372.96733588503
5372.96733588503
5372.96733588503
5372.96733588503
5372.96733588503
5375.11511516346
5375.92961707041
5375.92961707041
5375.92961707041
5375.92961707041
5375.92961707041
5375.92961707041
5375.92961707041
5375.92961707041
5375.92961707041
5375.92961707041
5375.92961707041
5378.99936651485
5378.99936651485
5378.99936651485
5378.99936651485
5380.0879375526
5380.0879375526
5380.0879375526
5380.0879375526
5380.0879375526
5380.80260767209
5380.80260767209
5380.80260767209
5380.80260767209
5380.80260767209
5380.80260767209
5380.80260767209
5380.80260767209
5380.80260767209
5380.80260767209
5380.80260767209
5380.80260767209
5380.80260767209
5380.80260767209
5380.80260767209
5380.80260767209
5380.80260767209
5380.80260767209
5380.80260767209
5380.80260767209
5380.80260767209
5380.80260767209
5380.80260767209
5380.80260767209
5380.80260767209
5380.80260767209
5380.80260767209
5380.80260767209
5380.80260767209
5380.80260767209
5380.80260767209
5380.80260767209
5380.80260767209
5380.80260767209
5380.80260767209
5380.80260767209
5380.80260767209
5380.80260767209
5380.80260767209
5380.80260767209
5380.80260767209
5380.80260767209
5380.80260767209
5380.80260767209
5380.80260767209
5380.80260767209
5380.80260767209
5380.80260767209
5380.80260767209
5380.80260767209
5380.80260767209
5380.80260767209
5380.80260767209
5380.80260767209
5380.80260767209
5380.80260767209
5381.06170311543
5381.06170311543
5381.06170311543
5381.06170311543
5381.06170311543
5381.06170311543
5381.06170311543
5381.06170311543
5381.06170311543
5381.06170311543
5381.06170311543
5381.06170311543
5381.06170311543
5381.06170311543
5381.06170311543
5382.6455967911
5383.93577683452
5383.93577683452
5383.93577683452
5383.93577683452
5383.93577683452
5383.93577683452
5383.93577683452
5383.93577683452
5383.93577683452
5383.93577683452
5383.93577683452
5383.93577683452
5383.93577683452
5383.93577683452
5383.93577683452
5383.93577683452
5383.93577683452
5383.93577683452
5383.93577683452
5383.93577683452
5384.07219729858
5384.07219729858
5384.07219729858
5384.07219729858
5384.07219729858
5384.07219729858
5384.07219729858
5384.07219729858
5384.07219729858
5384.07219729858
5384.07219729858
5384.07219729858
5384.07219729858
5384.07219729858
5384.07219729858
5384.07219729858
5384.07219729858
5384.07219729858
5384.07219729858
5384.07219729858
5384.07219729858
5384.07219729858
5385.06284903394
5385.06284903394
5385.06284903394
5385.06284903394
5385.06284903394
5385.06284903394
5385.06284903394
5385.06284903394
5385.06284903394
5385.06284903394
5385.06284903394
5385.06284903394
5385.06284903394
5385.06284903394
5385.06284903394
5385.06284903394
5385.06284903394
5385.06284903394
5385.06284903394
5385.06284903394
5385.06284903394
5385.06284903394
5385.06284903394
5385.06284903394
5385.06284903394
5385.06284903394
5385.06284903394
5385.06284903394
5385.06284903394
5385.06284903394
5385.06284903394
5385.06284903394
5385.06284903394
5385.06284903394
5385.06284903394
5385.06284903394
5385.06284903394
5385.74515006147
5385.91319854487
5387.04155564714
5387.04155564714
5387.04155564714
5387.04155564714
5387.04155564714
5387.04155564714
5387.04155564714
5387.04155564714
5387.04155564714
5387.04155564714
5387.04155564714
5387.04155564714
5387.04155564714
5387.04155564714
5387.04155564714
5387.04155564714
5387.04155564714
5387.04155564714
5387.04155564714
5387.04155564714
5387.04155564714
5387.04155564714
5387.04155564714
5387.04155564714
5387.04155564714
5387.04155564714
5387.04155564714
5390.52915990139
5390.52915990139
5390.52915990139
5390.52915990139
5390.52915990139
5390.52915990139
5390.60761188657
5390.60761188657
5390.60761188657
5390.60761188657
5390.60761188657
5390.60761188657
5390.60761188657
5390.60761188657
5390.60761188657
5390.60761188657
5390.60761188657
5390.60761188657
5390.60761188657
5390.60761188657
5390.60761188657
5390.60761188657
5391.43881703833
5391.43881703833
5391.43881703833
5391.73964731403
5391.73964731403
5391.73964731403
5391.73964731403
5391.73964731403
5391.73964731403
5391.73964731403
5391.73964731403
5391.73964731403
5395.67526694779
5395.67526694779
5395.67526694779
5395.67526694779
5396.42303731184
5396.42303731184
5396.42303731184
5396.42303731184
5396.42303731184
5396.42303731184
5396.42303731184
5396.42303731184
5396.42303731184
5396.42303731184
5396.42303731184
5396.42303731184
5396.42303731184
5397.94871958547
5397.94871958547
5397.94871958547
5397.94871958547
5397.94871958547
5397.94871958547
5403.6474196859
5403.6474196859
5403.6474196859
5403.6474196859
5403.6474196859
5403.6474196859
5403.6474196859
5403.6474196859
5403.6474196859
5403.6474196859
5403.6474196859
5403.6474196859
5403.6474196859
5403.6474196859
5403.6474196859
5403.6474196859
5403.6474196859
5403.6474196859
5403.6474196859
5403.6474196859
5403.6474196859
5403.6474196859
5403.6474196859
5403.6474196859
5403.6474196859
5403.6474196859
5403.6474196859
5403.6474196859
5403.6474196859
5403.6474196859
5403.6474196859
5403.6474196859
5403.6474196859
5403.6474196859
5403.6474196859
5403.6474196859
5405.45382671057
5405.45382671057
5406.52220433558
5406.52220433558
5406.52220433558
5406.52220433558
5406.52220433558
5406.52220433558
5406.52220433558
5406.52220433558
5406.52220433558
5406.52220433558
5406.52220433558
5406.52220433558
5406.52220433558
5406.52220433558
5406.52220433558
5406.52220433558
5406.52220433558
5406.52220433558
5406.52220433558
5406.81717223716
5406.81717223716
5406.81717223716
5406.81717223716
5406.81717223716
5406.81717223716
5406.81717223716
5407.46073014687
5407.46073014687
5409.94871293654
5409.94871293654
5409.94871293654
5409.94871293654
5409.94871293654
5409.94871293654
5409.94871293654
5409.94871293654
5409.94871293654
5409.94871293654
5409.94871293654
5409.94871293654
5409.94871293654
5409.94871293654
5410.20567821493
5410.20567821493
5410.20567821493
5410.20567821493
5410.20567821493
5410.20567821493
5410.20567821493
5410.20567821493
5410.20567821493
5410.20567821493
5410.20567821493
5410.20567821493
5410.20567821493
5410.20567821493
5410.20567821493
5410.20567821493
5410.20567821493
5410.20567821493
5414.18920761996
5414.18920761996
5414.18920761996
5414.18920761996
5414.18920761996
5414.18920761996
5414.18920761996
5414.18920761996
5414.787704747
5414.83471798279
5414.83471798279
5414.83471798279
5414.83471798279
5414.83471798279
5414.83471798279
5414.83471798279
5414.83471798279
5414.83471798279
5414.83471798279
5414.83471798279
5414.83471798279
5414.83471798279
5414.83471798279
5414.83471798279
5414.83471798279
5414.83471798279
5414.83471798279
5414.83471798279
5414.83471798279
5414.83471798279
5414.83471798279
5414.83471798279
5414.83471798279
5414.83471798279
5414.83471798279
5414.83471798279
5414.83471798279
5414.83471798279
5414.83471798279
5414.83471798279
5414.83471798279
5414.83471798279
5414.83471798279
5414.83471798279
5414.83471798279
5417.79083420683
5417.79083420683
5417.79083420683
5418.55528045932
5418.55528045932
5418.55528045932
5418.55528045932
5418.55528045932
5418.55528045932
5418.55528045932
5418.55528045932
5418.55528045932
5420.09550879128
5420.09550879128
5420.09550879128
5420.09550879128
5420.09550879128
5420.09550879128
5421.35758469785
5421.35758469785
5421.88325746017
5422.66428761166
5422.66428761166
5422.66428761166
5422.66428761166
5422.66428761166
5422.66428761166
5422.66428761166
5422.66428761166
5422.66428761166
5424.72212878255
5424.72212878255
5424.72212878255
5424.72212878255
5424.72212878255
5424.72212878255
5424.72212878255
5424.72212878255
5424.72212878255
5424.72212878255
5424.72212878255
5424.72212878255
5424.72212878255
5425.22071240844
5425.22071240844
5425.22071240844
5425.22071240844
5425.22071240844
5425.22071240844
5425.22071240844
5425.22071240844
5425.22071240844
5425.22071240844
5425.22071240844
5427.64731083267
5427.64731083267
5427.64731083267
5427.64731083267
5427.64731083267
5427.64731083267
5439.40385754749
5439.40385754749
5439.40385754749
5439.40385754749
5439.40385754749
5439.40385754749
5439.40385754749
5439.40385754749
5439.43770113604
5439.43770113604
5439.43770113604
5439.43770113604
5439.43770113604
5439.43770113604
5439.43770113604
5439.43770113604
5439.43770113604
5439.43770113604
5439.43770113604
5439.43770113604
5439.43770113604
5439.43770113604
5439.48363204931
5439.57889437225
5443.44095804295
5443.44095804295
5443.44095804295
5443.44095804295
5443.44095804295
5443.44095804295
5443.44095804295
5443.44095804295
5443.44095804295
5443.44095804295
5443.86822197464
5443.86822197464
5443.86822197464
5443.86822197464
5443.86822197464
5443.86822197464
5443.86822197464
5443.86822197464
5443.86822197464
5443.86822197464
5443.86822197464
5443.86822197464
5443.86822197464
5443.86822197464
5443.86822197464
5443.86822197464
5443.86822197464
5443.86822197464
5443.86822197464
5443.86822197464
5443.86822197464
5443.86822197464
5443.86822197464
5443.86822197464
5443.86822197464
5443.86822197464
5443.88947629341
5443.88947629341
5443.88947629341
5443.88947629341
5443.88947629341
5443.88947629341
5443.88947629341
5443.88947629341
5443.88947629341
5443.88947629341
5443.88947629341
5443.88947629341
5443.88947629341
5443.88947629341
5443.88947629341
5443.88947629341
5443.88947629341
5443.88947629341
5444.83193318123
5444.83193318123
5444.83193318123
5444.83193318123
5444.83193318123
5444.83193318123
5444.83193318123
5444.83193318123
5444.83193318123
5444.83193318123
5444.83193318123
5444.83193318123
5444.83193318123
5444.83193318123
5444.83193318123
5444.83193318123
5444.83193318123
5444.83193318123
5444.83193318123
5446.58374494759
5446.58374494759
5446.58374494759
5446.58374494759
5446.58374494759
5446.58374494759
5446.58374494759
5446.58374494759
5446.58374494759
5446.58374494759
5446.58374494759
5446.58374494759
5446.58374494759
5446.58374494759
5446.58374494759
5446.58374494759
5446.58374494759
5446.58374494759
5446.58374494759
5447.15658245212
5447.15658245212
5447.15658245212
5447.15658245212
5447.15658245212
5447.15658245212
5447.15658245212
5447.15658245212
5447.15658245212
5447.15658245212
5447.15658245212
5447.15658245212
5447.15658245212
5447.15658245212
5447.15658245212
5447.15658245212
5447.15658245212
5447.15658245212
5447.15658245212
5447.15658245212
5447.15658245212
5447.15658245212
5447.15658245212
5447.15658245212
5447.15658245212
5447.15658245212
5447.15658245212
5447.15658245212
5447.15658245212
5447.15658245212
5447.15658245212
5447.15658245212
5447.15658245212
5447.48569690183
5447.48569690183
5447.48569690183
5447.48569690183
5447.48569690183
5447.48569690183
5447.48569690183
5447.48569690183
5447.48569690183
5447.48569690183
5447.48569690183
5447.48569690183
5447.48569690183
5447.48569690183
5447.48569690183
5447.48569690183
5447.48569690183
5447.48569690183
5447.48569690183
5447.48569690183
5447.48569690183
5447.48569690183
5447.48569690183
5447.48569690183
5447.48569690183
5447.48569690183
5447.48569690183
5447.48569690183
5447.48569690183
5447.48569690183
5447.48569690183
5447.68331839989
5447.68331839989
5447.68331839989
5447.68331839989
5447.68331839989
5451.23139281425
5451.23139281425
5451.23139281425
5451.23139281425
5451.23139281425
5451.23139281425
5451.23139281425
5451.23139281425
5451.23139281425
5451.23139281425
5451.72135307468
5451.72135307468
5452.57127961717
5452.57127961717
5452.57127961717
5452.57127961717
5452.57127961717
5452.57127961717
5452.57127961717
5452.57127961717
5452.57127961717
5452.57127961717
5452.57127961717
5452.57127961717
5452.57127961717
5453.27843180239
5453.27843180239
5453.27843180239
5453.27843180239
5453.27843180239
5453.27843180239
5453.27843180239
5453.27843180239
5453.27843180239
5453.27843180239
5453.27843180239
5453.27843180239
5453.4025545936
5453.4025545936
5453.4025545936
5453.4025545936
5453.4025545936
5453.4025545936
5453.4025545936
5453.4025545936
5453.4025545936
5453.4025545936
5453.4025545936
5453.4025545936
5453.4025545936
5453.4025545936
5453.4025545936
5453.4025545936
5453.4025545936
5453.4025545936
5453.4025545936
5453.4025545936
5453.4025545936
5453.4025545936
5453.4025545936
5453.59398128385
5453.59398128385
5453.59398128385
5453.59398128385
5453.59398128385
5453.59398128385
5453.59398128385
5453.59398128385
5453.59398128385
5453.59398128385
5453.59398128385
5453.59398128385
5453.59398128385
5453.59398128385
5453.59398128385
5453.59398128385
5453.59398128385
5453.59398128385
5453.59398128385
5453.59398128385
5457.36243235315
5457.36243235315
5457.36243235315
5457.36243235315
5457.36243235315
5458.67402286152
5458.67402286152
5458.67402286152
5458.67402286152
5458.67402286152
5458.67402286152
5458.87958383973
5463.31327362639
5463.31327362639
5463.31327362639
5466.47078945828
5466.47078945828
5466.47078945828
5466.47078945828
5466.47078945828
5466.47078945828
5466.47078945828
5466.47078945828
5466.47078945828
5466.47078945828
5466.47078945828
5466.47078945828
5466.47078945828
5466.47078945828
5466.47078945828
5466.47078945828
5466.47078945828
5466.47078945828
5466.47078945828
5466.47078945828
5466.47078945828
5466.47078945828
5466.61416591256
5466.61416591256
5466.61416591256
5466.61416591256
5466.95300979503
5466.95300979503
5466.95300979503
5467.43103215462
5467.73290770538
5467.73290770538
5467.73290770538
5467.73290770538
5467.73290770538
5467.73290770538
5467.73290770538
5467.73290770538
5467.73290770538
5467.73290770538
5467.73290770538
5468.75519763648
5468.75519763648
5468.75519763648
5468.75519763648
5468.75519763648
5468.75519763648
5469.36968013254
5469.80666818121
5469.80666818121
5469.80666818121
5469.80666818121
5469.80666818121
5469.80666818121
5469.80666818121
5469.80666818121
5469.80666818121
5469.80666818121
5469.80666818121
5469.80666818121
5469.80666818121
5469.80666818121
5469.80666818121
5469.80666818121
5469.80666818121
5469.80666818121
5469.80666818121
5469.80666818121
5469.80666818121
5469.80666818121
5469.80666818121
5469.80666818121
5469.80666818121
5469.80666818121
5469.80666818121
5469.80666818121
5469.80666818121
5469.80666818121
5469.80666818121
5469.80666818121
5469.80666818121
5469.80666818121
5469.80666818121
5469.80666818121
5469.80666818121
5469.80666818121
5469.80666818121
5469.80666818121
5469.80666818121
5469.80666818121
5469.80666818121
5469.80666818121
5469.80666818121
5469.80666818121
5469.80666818121
5469.80666818121
5469.80666818121
5469.80666818121
5469.80666818121
5469.80666818121
5469.80666818121
5469.80666818121
5469.80666818121
5469.80666818121
5469.80666818121
5469.80666818121
5469.80666818121
5469.80666818121
5469.80666818121
5469.80666818121
5469.80666818121
5469.80666818121
5469.80666818121
5469.80666818121
5469.80666818121
5469.80666818121
5472.41841311821
5472.41841311821
5472.41841311821
5472.41841311821
5472.41841311821
5473.83147954257
5473.83147954257
5473.83147954257
5473.83147954257
5473.83147954257
5476.14336617395
5476.62115425552
5476.62115425552
5476.62115425552
5476.62115425552
5476.62115425552
5476.62115425552
5476.62115425552
5476.62115425552
5476.62115425552
5476.62115425552
5476.62115425552
5476.62115425552
5476.62115425552
5476.62115425552
5476.62115425552
5476.62115425552
5476.62115425552
5476.79854149324
5476.79854149324
5476.79854149324
5476.79854149324
5476.79854149324
5476.79854149324
5476.79854149324
5476.79854149324
5476.79854149324
5476.79854149324
5476.79854149324
5476.79854149324
5476.79854149324
5476.79854149324
5476.79854149324
5476.79854149324
5478.70825715975
5478.70825715975
5478.70825715975
5478.70825715975
5478.70825715975
5478.70825715975
5478.70825715975
5478.70825715975
5478.70825715975
5478.70825715975
5478.70825715975
5478.70825715975
5478.70825715975
5478.70825715975
5478.70825715975
5478.70825715975
5478.70825715975
5478.70825715975
5478.70825715975
5478.70825715975
5478.70825715975
5478.70825715975
5485.35458380932
5486.24095624505
5486.24095624505
5486.24095624505
5486.24095624505
5486.24095624505
5486.24095624505
5486.24095624505
5486.24095624505
5488.13939652936
5488.13939652936
5488.13939652936
5488.13939652936
5488.13939652936
5488.13939652936
5488.13939652936
5488.13939652936
5488.13939652936
5488.13939652936
5488.13939652936
5488.13939652936
5488.13939652936
5488.13939652936
5488.13939652936
5488.13939652936
5491.48412701656
5491.48412701656
5491.48412701656
5491.48412701656
5491.48412701656
5491.48412701656
5491.48412701656
5491.48412701656
5491.48412701656
5491.48412701656
5491.58503279436
5491.66252562281
5491.66252562281
5491.66252562281
5491.66252562281
5491.66252562281
5491.66252562281
5491.66252562281
5491.66252562281
5491.66252562281
5491.66252562281
5491.66252562281
5491.66252562281
5491.66252562281
5491.66252562281
5491.66252562281
5491.66252562281
5491.66252562281
5491.66252562281
5491.66252562281
5496.93486298339
5496.93486298339
5496.93486298339
5496.93486298339
5496.93486298339
5496.93486298339
5496.93486298339
5496.93486298339
5496.93486298339
5496.93486298339
5496.93486298339
5496.93486298339
5496.93486298339
5496.93486298339
5496.93486298339
5496.93486298339
5496.93486298339
5496.93486298339
5496.93486298339
5496.93486298339
5496.93486298339
5496.93486298339
5496.93486298339
5496.93486298339
5496.93486298339
5496.93486298339
5496.93486298339
5496.93486298339
5496.93486298339
5496.93486298339
5496.93486298339
5496.93486298339
5496.93486298339
5496.93486298339
5497.37744045343
5497.37744045343
5497.37744045343
5497.37744045343
5497.37744045343
5497.37744045343
5497.37744045343
5497.37744045343
5497.37744045343
5497.37744045343
5497.37744045343
5497.37744045343
5497.37744045343
5497.37744045343
5497.37744045343
5497.37744045343
5497.37744045343
5497.37744045343
5497.37744045343
5497.37744045343
5497.37744045343
5497.37744045343
5497.37744045343
5497.37744045343
5497.37744045343
5497.37744045343
5497.37744045343
5497.37744045343
5497.37744045343
5497.37744045343
5497.37744045343
5497.37744045343
5497.37744045343
5497.37744045343
5497.37744045343
5497.37744045343
5497.37744045343
5497.37744045343
5497.37744045343
5497.37744045343
5497.37744045343
5497.37744045343
5499.78551817401
5499.78551817401
5499.78551817401
5501.58532205324
5501.8624741777
5501.8624741777
5501.8624741777
5501.8624741777
5501.8624741777
5501.8624741777
5501.8624741777
5501.8624741777
5501.8624741777
5501.8624741777
5502.22247705556
5502.22247705556
5502.22247705556
5505.46024138262
5505.90983264216
5505.90983264216
5505.90983264216
5506.46114955214
5506.46114955214
5506.46114955214
5506.46114955214
5506.46114955214
5506.46114955214
5506.46114955214
5506.46114955214
5506.46114955214
5506.46114955214
5506.46114955214
5506.46114955214
5506.46114955214
5506.46114955214
5506.46114955214
5506.46114955214
5509.26013554252
5509.44498255649
5509.44498255649
5509.44498255649
5509.44498255649
5509.44498255649
5509.44498255649
5509.75123372664
5509.75123372664
5509.75123372664
5509.75123372664
5509.75123372664
5509.75123372664
5509.75123372664
5509.75123372664
5509.75123372664
5509.75123372664
5509.75123372664
5509.75123372664
5509.75123372664
5509.75123372664
5509.75123372664
5509.75123372664
5509.75123372664
5509.75123372664
5509.75123372664
5509.75123372664
5509.75123372664
5509.75123372664
5509.75123372664
5509.75123372664
5509.75123372664
5509.75123372664
5509.75123372664
5509.75123372664
5509.75123372664
5509.75123372664
5509.75123372664
5509.75123372664
5509.75123372664
5509.75123372664
5509.75123372664
5509.75123372664
5509.75123372664
5509.75123372664
5509.75123372664
5509.75123372664
5509.75123372664
5509.75123372664
5509.75123372664
5509.75123372664
5509.75123372664
5509.75123372664
5509.75123372664
5509.75123372664
5509.75123372664
5509.75123372664
5509.75123372664
5509.75123372664
5511.27416291391
5511.27416291391
5511.27416291391
5511.27416291391
5511.27416291391
5511.27416291391
5511.27416291391
5511.27416291391
5511.27416291391
5511.27416291391
5511.27416291391
5511.27416291391
5511.27416291391
5511.27416291391
5511.27416291391
5511.27416291391
5511.27416291391
5511.27416291391
5511.27416291391
5511.27416291391
5511.27416291391
5511.27416291391
5511.27416291391
5511.27416291391
5511.27416291391
5511.27416291391
5511.27416291391
5511.27416291391
5511.27416291391
5511.27416291391
5511.27416291391
5511.27416291391
5511.27416291391
5511.27416291391
5511.27416291391
5511.27416291391
5511.27416291391
5511.27416291391
5511.27416291391
5511.27416291391
5511.27416291391
5511.27416291391
5511.27416291391
5511.27416291391
5511.27416291391
5511.27416291391
5511.27416291391
5511.27416291391
5511.27416291391
5511.27416291391
5511.27416291391
5511.27416291391
5511.27416291391
5511.27416291391
5511.27416291391
5511.27416291391
5513.66595145089
5513.66595145089
5513.66595145089
5513.72585140616
5513.72585140616
5513.72585140616
5513.72585140616
5513.72585140616
5513.72585140616
5513.72585140616
5513.72585140616
5513.72585140616
5513.72585140616
5513.72585140616
5517.80448352225
5518.06297463675
5518.06297463675
5518.79931770006
5518.79931770006
5518.79931770006
5518.79931770006
5518.79931770006
5518.79931770006
5518.79931770006
5518.79931770006
5518.79931770006
5518.79931770006
5518.79931770006
5518.79931770006
5518.79931770006
5518.79931770006
5518.79931770006
5518.79931770006
5518.79931770006
5518.79931770006
5518.79931770006
5518.79931770006
5518.79931770006
5518.79931770006
5518.79931770006
5518.79931770006
5518.79931770006
5518.79931770006
5518.79931770006
5518.79931770006
5518.79931770006
5518.79931770006
5518.79931770006
5518.79931770006
5518.79931770006
5518.79931770006
5518.79931770006
5518.79931770006
5518.79931770006
5518.79931770006
5518.79931770006
5518.79931770006
5518.79931770006
5518.79931770006
5518.79931770006
5518.79931770006
5518.79931770006
5518.79931770006
5518.79931770006
5518.79931770006
5518.79931770006
5518.79931770006
5518.79931770006
5518.79931770006
5518.79931770006
5518.79931770006
5518.79931770006
5518.79931770006
5518.79931770006
5518.79931770006
5518.79931770006
5518.79931770006
5518.79931770006
5518.79931770006
5518.79931770006
5518.79931770006
5518.79931770006
5518.79931770006
5518.79931770006
5518.79931770006
5518.79931770006
5518.79931770006
5518.79931770006
5518.79931770006
5518.79931770006
5519.32346358815
5519.32346358815
5519.32346358815
5519.32346358815
5519.32346358815
5519.32346358815
5519.32346358815
5519.32346358815
5519.32346358815
5519.32346358815
5519.32346358815
5519.32346358815
5519.32346358815
5519.32346358815
5519.32346358815
5519.32346358815
5519.32346358815
5519.32346358815
5519.32346358815
5519.32346358815
5519.32346358815
5519.32346358815
5519.32346358815
5519.32346358815
5519.32346358815
5519.32346358815
5519.32346358815
5519.32346358815
5519.32346358815
5519.32346358815
5519.32346358815
5519.32346358815
5519.32346358815
5519.32346358815
5519.32346358815
5519.32346358815
5519.32346358815
5519.32346358815
5519.32346358815
5519.32346358815
5519.32346358815
5519.32346358815
5519.32346358815
5519.32346358815
5521.33569657702
5521.33569657702
5521.33569657702
5521.33569657702
5521.33569657702
5521.33569657702
5521.33569657702
5521.33569657702
5521.33569657702
5521.33569657702
5521.33569657702
5521.33569657702
5521.33569657702
5521.33569657702
5521.33569657702
5521.33569657702
5521.33569657702
5521.68746762397
5521.68746762397
5521.68746762397
5521.68746762397
5521.68746762397
5521.68746762397
5521.68746762397
5521.68746762397
5521.68746762397
5521.68746762397
5521.68746762397
5521.68746762397
5521.68746762397
5521.68746762397
5522.18975185908
5523.03280347189
5523.03280347189
5523.03280347189
5523.03280347189
5523.03280347189
5523.03280347189
5523.03280347189
5523.03280347189
5523.03280347189
5523.03280347189
5523.03280347189
5523.03280347189
5523.03280347189
5523.03280347189
5524.16706387248
5524.16706387248
5524.16706387248
5524.16706387248
5524.16706387248
5524.16706387248
5524.16706387248
5525.05537298805
5525.07216767788
5527.13121475938
5532.29475706064
5532.29475706064
5532.29475706064
5532.29475706064
5532.29475706064
5532.29475706064
5535.99899107487
5535.99899107487
5535.99899107487
5535.99899107487
5535.99899107487
5535.99899107487
5535.99899107487
5535.99899107487
5535.99899107487
5535.99899107487
5535.99899107487
5535.99899107487
5535.99899107487
5535.99899107487
5537.24419267795
5537.92301205958
5539.50936672574
5539.50936672574
5539.50936672574
5539.50936672574
5539.50936672574
5539.50936672574
5539.50936672574
5539.50936672574
5539.50936672574
5539.50936672574
5539.50936672574
5539.50936672574
5539.50936672574
5539.50936672574
5539.50936672574
5539.50936672574
5539.50936672574
5539.50936672574
5539.50936672574
5539.50936672574
5539.50936672574
5539.50936672574
5539.50936672574
5539.9377162425
5539.9377162425
5539.9377162425
5539.9377162425
5539.9377162425
5539.9377162425
5539.9377162425
5539.9377162425
5539.9377162425
5541.06541929241
5541.06541929241
5541.06541929241
5541.06541929241
5541.06541929241
5541.06541929241
5541.06541929241
5541.06541929241
5541.06541929241
5541.06541929241
5541.06541929241
5541.06541929241
5541.06541929241
5541.06541929241
5541.06541929241
5541.06541929241
5541.06541929241
5541.06541929241
5541.06541929241
5541.06541929241
5541.06541929241
5541.06541929241
5541.06541929241
5541.06541929241
5541.06541929241
5541.06541929241
5542.76051172389
5542.76051172389
5542.76051172389
5542.76051172389
5542.76051172389
5542.76051172389
5542.76051172389
5542.76051172389
5542.76051172389
5542.76051172389
5542.76051172389
5542.76051172389
5542.76051172389
5542.76051172389
5542.76051172389
5542.76051172389
5542.76051172389
5542.76051172389
5542.76051172389
5542.76051172389
5542.76051172389
5542.76051172389
5542.76051172389
5542.76051172389
5542.76051172389
5542.76051172389
5542.76051172389
5542.76051172389
5542.76051172389
5542.76051172389
5542.76051172389
5542.76051172389
5542.76051172389
5542.76051172389
5542.76051172389
5542.76051172389
5542.76051172389
5542.76051172389
5542.76051172389
5542.76051172389
5544.846448406
5544.846448406
5544.846448406
5544.846448406
5544.846448406
5544.846448406
5544.846448406
5544.846448406
5544.846448406
5544.846448406
5544.846448406
5544.846448406
5544.846448406
5544.846448406
5544.846448406
5544.846448406
5544.846448406
5544.846448406
5544.846448406
5544.846448406
5544.846448406
5544.846448406
5544.846448406
5547.50352074788
5547.50352074788
5547.50352074788
5547.50352074788
5547.50352074788
5547.50352074788
5547.50352074788
5547.50352074788
5549.28435665117
5549.28435665117
5549.28435665117
5549.28435665117
5549.28435665117
5549.28435665117
5549.28435665117
5549.28435665117
5549.28435665117
5549.28435665117
5549.28435665117
5549.28435665117
5549.28435665117
5549.28435665117
5549.28435665117
5549.28435665117
5549.28435665117
5549.28435665117
5549.28435665117
5549.28435665117
5551.19363618764
5551.24919080929
5551.24919080929
5551.24919080929
5551.24919080929
5551.24919080929
5551.24919080929
5551.24919080929
5551.24919080929
5551.24919080929
5552.14436206109
5552.14436206109
5552.14436206109
5552.14436206109
5552.14436206109
5552.14436206109
5552.14436206109
5552.14436206109
5556.34496354585
5556.62425467818
5556.62425467818
5556.62425467818
5556.62425467818
5556.62425467818
5556.62425467818
5556.62425467818
5556.62425467818
5556.62425467818
5556.62425467818
5556.79405768537
5557.96329761917
5557.96329761917
5557.96329761917
5557.96329761917
5557.96329761917
5557.96329761917
5557.96329761917
5557.96329761917
5557.96329761917
5557.96329761917
5557.96329761917
5559.67367113562
5559.67367113562
5559.67367113562
5559.67367113562
5559.67367113562
5559.67367113562
5559.67367113562
5564.1565886637
5564.1836365602
5564.1836365602
5564.1836365602
5564.1836365602
5564.1836365602
5564.1836365602
5564.1836365602
5564.1836365602
5564.1836365602
5564.1836365602
5564.1836365602
5564.1836365602
5564.1836365602
5564.1836365602
5564.1836365602
5564.1836365602
5564.1836365602
5564.1836365602
5564.1836365602
5564.1836365602
5564.1836365602
5564.1836365602
5564.1836365602
5564.1836365602
5564.1836365602
5564.1836365602
5564.1836365602
5564.1836365602
5564.1836365602
5564.1836365602
5564.1836365602
5564.1836365602
5564.1836365602
5564.1836365602
5564.1836365602
5564.1836365602
5564.1836365602
5564.1836365602
5564.1836365602
5564.1836365602
5564.1836365602
5564.1836365602
5564.1836365602
5566.29973197668
5566.29973197668
5566.29973197668
5566.29973197668
5566.29973197668
5566.29973197668
5566.29973197668
5566.29973197668
5566.29973197668
5566.29973197668
5566.29973197668
5566.29973197668
5566.29973197668
5566.29973197668
5566.29973197668
5566.29973197668
5566.29973197668
5566.29973197668
5567.9888717879
5571.77868416469
5572.47854727214
5572.47854727214
5572.47854727214
5572.47854727214
5572.47854727214
5572.47854727214
5572.47854727214
5572.47854727214
5575.75566336774
5577.07450650347
5579.7355706899
5579.7355706899
5579.7355706899
5579.7355706899
5579.7355706899
5579.7355706899
5579.7355706899
5579.7355706899
5579.7355706899
5579.7355706899
5579.7355706899
5579.7355706899
5579.7355706899
5579.7355706899
5579.7355706899
5579.7355706899
5579.7355706899
5579.7355706899
5579.7355706899
5579.7355706899
5579.7355706899
5579.7355706899
5579.79486339885
5579.79486339885
5579.79486339885
5579.79486339885
5579.79486339885
5579.79486339885
5579.79486339885
5579.79486339885
5579.79486339885
5579.79486339885
5579.79486339885
5579.79486339885
5579.79486339885
5579.79486339885
5579.97253141932
5579.97253141932
5579.97253141932
5579.97253141932
5579.97253141932
5579.97253141932
5579.97253141932
5579.97253141932
5579.97253141932
5579.97253141932
5579.97253141932
5579.97253141932
5579.97253141932
5579.97253141932
5579.97253141932
5579.97253141932
5579.97253141932
5579.97253141932
5579.97253141932
5579.97253141932
5579.97253141932
5579.97253141932
5579.97253141932
5579.97253141932
5579.97253141932
5579.97253141932
5579.97253141932
5579.97253141932
5579.97253141932
5579.97253141932
5579.97253141932
5579.97253141932
5579.97253141932
5579.97253141932
5579.97253141932
5579.97253141932
5579.97253141932
5579.97253141932
5579.97253141932
5581.78906862426
5585.84971236069
5586.12872994399
5586.12872994399
5586.12872994399
5586.12872994399
5587.13366609605
5587.39209128776
5587.39209128776
5587.39209128776
5587.39209128776
5587.94246611718
5587.94246611718
5587.94246611718
5587.94246611718
5587.94246611718
5587.94246611718
5587.94246611718
5587.94246611718
5587.94246611718
5587.94246611718
5589.79876537408
5589.86538767956
5589.86538767956
5589.86538767956
5589.86538767956
5589.86538767956
5589.86538767956
5589.86538767956
5589.86538767956
5590.1129070316
5590.1129070316
5590.1129070316
5590.1129070316
5590.1129070316
5590.1129070316
5590.1129070316
5590.1129070316
5590.1129070316
5590.1129070316
5594.26313239786
5595.33048999477
5595.33048999477
5595.33048999477
5595.33048999477
5595.33048999477
5595.33048999477
5595.33048999477
5595.33048999477
5595.33048999477
5595.33048999477
5595.33048999477
5595.33048999477
5595.33048999477
5595.33048999477
5595.33048999477
5595.33048999477
5595.33048999477
5595.33048999477
5595.33048999477
5595.33048999477
5595.33048999477
5595.33048999477
5595.33048999477
5595.33048999477
5595.33048999477
5595.33048999477
5595.33048999477
5595.33048999477
5595.33048999477
5597.22370333295
5597.22370333295
5597.22370333295
5597.22370333295
5597.22370333295
5597.22370333295
5597.22370333295
5597.4613896702
5597.51096700581
5597.51096700581
5597.51096700581
5597.51096700581
5597.51096700581
5597.51096700581
5597.51096700581
5597.51096700581
5597.51096700581
5597.51096700581
5597.51096700581
5597.51096700581
5597.51096700581
5597.51096700581
5597.51096700581
5597.51096700581
5597.51096700581
5605.0098390447
5605.37416912495
5605.37416912495
5605.37416912495
5605.37416912495
5605.37416912495
5605.37416912495
5605.37416912495
5605.37416912495
5605.37416912495
5605.37416912495
5605.37416912495
5605.37416912495
5605.37416912495
5605.37416912495
5605.37416912495
5605.37416912495
5605.37416912495
5605.37416912495
5605.37416912495
5605.37416912495
5605.37416912495
5608.00922706494
5608.00922706494
5608.00922706494
5608.00922706494
5608.00922706494
5608.00922706494
5608.00922706494
5608.00922706494
5608.00922706494
5608.00922706494
5608.00922706494
5608.00922706494
5608.00922706494
5608.00922706494
5608.00922706494
5608.00922706494
5608.00922706494
5610.2145580768
5611.3290882751
5611.3290882751
5611.3290882751
5611.3290882751
5614.6759129995
5614.75782689376
5614.75782689376
5614.75782689376
5614.75782689376
5617.66803401604
5617.66803401604
5617.66803401604
5617.66803401604
5617.66803401604
5617.66803401604
5617.66803401604
5617.66803401604
5618.0385057963
5618.0385057963
5618.0385057963
5618.0385057963
5618.0385057963
5618.0385057963
5618.0385057963
5618.0385057963
5618.0385057963
5618.0385057963
5618.0385057963
5618.0385057963
5618.0385057963
5618.0385057963
5618.0385057963
5618.0385057963
5618.0385057963
5618.0385057963
5618.0385057963
5618.0385057963
5618.0385057963
5618.0385057963
5620.97709463651
5620.97709463651
5620.97709463651
5620.97709463651
5620.97709463651
5620.97709463651
5620.97709463651
5620.97709463651
5620.97709463651
5620.97709463651
5620.97709463651
5620.97709463651
5620.97709463651
5620.97709463651
5620.97709463651
5620.97709463651
5620.97709463651
5620.97709463651
5620.97709463651
5620.97709463651
5620.97709463651
5620.97709463651
5620.97709463651
5620.97709463651
5620.97709463651
5621.11470430825
5621.11470430825
5621.11470430825
5621.11470430825
5622.32805316005
5622.32805316005
5622.32805316005
5622.32805316005
5622.32805316005
5622.32805316005
5622.32805316005
5622.32805316005
5622.32805316005
5622.32805316005
5622.32805316005
5622.32805316005
5622.32805316005
5622.32805316005
5622.32805316005
5622.32805316005
5622.32805316005
5622.32805316005
5622.32805316005
5622.32805316005
5622.32805316005
5622.32805316005
5622.32805316005
5622.32805316005
5622.32805316005
5622.32805316005
5622.32805316005
5622.32805316005
5622.32805316005
5622.32805316005
5622.32805316005
5622.32805316005
5622.32805316005
5622.32805316005
5622.32805316005
5626.15860619371
5626.15860619371
5626.15860619371
5627.33982412308
5627.33982412308
5627.33982412308
5627.33982412308
5627.33982412308
5627.33982412308
5627.33982412308
5627.33982412308
5627.33982412308
5627.33982412308
5627.33982412308
5627.33982412308
5627.33982412308
5627.33982412308
5627.33982412308
5627.33982412308
5627.33982412308
5627.33982412308
5627.33982412308
5627.33982412308
5627.33982412308
5627.33982412308
5627.33982412308
5627.33982412308
5627.33982412308
5627.33982412308
5627.33982412308
5627.33982412308
5627.33982412308
5627.33982412308
5629.943651585
5629.943651585
5629.943651585
5629.943651585
5629.943651585
5629.943651585
5629.943651585
5629.943651585
5629.943651585
5629.943651585
5629.943651585
5630.56895745891
5630.94035550416
5630.94035550416
5630.94035550416
5630.94035550416
5630.94035550416
5630.94035550416
5630.94035550416
5630.94035550416
5630.94035550416
5630.94035550416
5630.94035550416
5630.94035550416
5630.94035550416
5630.94035550416
5630.94035550416
5630.94035550416
5630.94035550416
5631.64135726412
5632.79778229094
5632.79778229094
5632.79778229094
5632.79778229094
5632.79778229094
5632.79778229094
5632.79778229094
5632.79778229094
5632.79778229094
5632.79778229094
5632.79778229094
5632.79778229094
5632.79778229094
5632.79778229094
5632.79778229094
5635.06368931131
5635.06368931131
5637.92002035113
5637.92002035113
5637.92002035113
5637.92002035113
5637.92002035113
5637.92002035113
5637.92002035113
5637.92002035113
5637.92002035113
5637.92002035113
5637.92002035113
5637.92002035113
5637.92002035113
5637.92002035113
5637.92002035113
5637.92002035113
5637.92002035113
5637.92002035113
5637.92002035113
5637.92002035113
5637.92002035113
5637.92002035113
5637.92002035113
5637.92002035113
5637.92002035113
5637.92002035113
5637.92002035113
5637.92002035113
5637.92002035113
5637.92002035113
5637.92002035113
5637.92002035113
5637.92002035113
5637.92002035113
5637.92002035113
5637.92002035113
5637.92002035113
5638.46077481405
5638.46077481405
5638.46077481405
5638.46077481405
5638.46077481405
5638.46077481405
5638.46077481405
5638.46077481405
5638.46077481405
5638.46077481405
5639.86036801362
5639.86036801362
5639.86036801362
5639.86036801362
5639.86036801362
5639.86036801362
5639.86036801362
5639.86036801362
5639.86036801362
5639.86036801362
5639.86036801362
5639.86036801362
5639.86036801362
5639.86036801362
5639.86036801362
5639.86036801362
5639.86036801362
5639.86036801362
5639.86036801362
5639.86036801362
5639.86036801362
5639.86036801362
5639.86036801362
5639.9987590152
5639.9987590152
5639.9987590152
5639.9987590152
5639.9987590152
5639.9987590152
5639.9987590152
5639.9987590152
5639.9987590152
5639.9987590152
5639.9987590152
5639.9987590152
5639.9987590152
5639.9987590152
5639.9987590152
5639.9987590152
5639.9987590152
5640.96293728228
5640.96293728228
5640.96293728228
5640.96293728228
5640.96293728228
5640.96293728228
5640.96293728228
5641.53983998181
5642.00070401634
5642.24753552231
5642.24753552231
5642.24753552231
5642.24753552231
5642.24753552231
5642.24753552231
5642.24753552231
5642.24753552231
5642.24753552231
5642.24753552231
5642.24753552231
5642.24753552231
5642.24753552231
5642.24753552231
5642.57728962196
5642.57728962196
5642.57728962196
5642.57728962196
5642.57728962196
5642.57728962196
5642.64369031405
5642.64369031405
5642.64369031405
5642.64369031405
5642.64369031405
5642.64369031405
5642.64369031405
5642.64369031405
5642.64369031405
5642.64369031405
5642.64369031405
5642.64369031405
5642.64369031405
5642.64369031405
5642.64369031405
5642.64369031405
5643.89993273954
5643.89993273954
5643.89993273954
5647.08878273688
5647.08878273688
5647.08878273688
5651.27315751715
5651.27315751715
5651.27315751715
5651.27315751715
5651.27315751715
5651.27315751715
5651.27315751715
5651.27315751715
5651.27315751715
5651.27315751715
5651.27315751715
5651.27315751715
5651.27315751715
5651.27315751715
5651.27315751715
5651.27315751715
5651.27315751715
5651.27315751715
5651.27315751715
5651.27315751715
5651.27315751715
5651.27315751715
5651.27315751715
5651.27315751715
5651.27315751715
5651.27315751715
5651.27315751715
5651.27315751715
5651.27315751715
5651.27315751715
5651.27315751715
5651.27315751715
5651.27315751715
5651.27315751715
5651.27315751715
5651.27315751715
5651.27315751715
5651.27315751715
5651.45448130549
5653.82549111718
5659.34476609287
5659.34476609287
5659.34476609287
5659.34476609287
5659.34476609287
5659.34476609287
5659.34476609287
5659.34476609287
5659.34476609287
5659.34476609287
5659.34476609287
5659.34476609287
5659.34476609287
5659.34476609287
5659.34476609287
5659.34476609287
5659.34476609287
5659.34476609287
5659.34476609287
5659.34476609287
5659.34476609287
5659.34476609287
5659.34476609287
5659.34476609287
5659.34476609287
5659.58569190983
5659.58569190983
5659.58569190983
5659.58569190983
5659.58569190983
5659.58569190983
5659.58569190983
5659.58569190983
5659.58569190983
5659.58569190983
5659.58569190983
5659.58569190983
5659.58569190983
5659.58569190983
5659.58569190983
5659.58569190983
5659.58569190983
5659.58569190983
5659.58569190983
5659.58569190983
5663.44051765974
5664.12964405275
5664.12964405275
5665.93465622918
5665.93465622918
5665.93465622918
5665.93465622918
5665.93465622918
5665.93465622918
5665.93465622918
5665.93465622918
5665.93465622918
5665.93465622918
5665.93465622918
5665.93465622918
5667.05785141154
5667.05785141154
5667.05785141154
5667.05785141154
5667.05785141154
5667.05785141154
5667.05785141154
5667.05785141154
5667.05785141154
5667.05785141154
5667.05785141154
5667.05785141154
5667.05785141154
5667.05785141154
5667.05785141154
5667.05785141154
5667.05785141154
5667.05785141154
5667.05785141154
5667.05785141154
5667.86919620425
5667.86919620425
5667.86919620425
5667.86919620425
5667.86919620425
5667.86919620425
5667.86919620425
5667.86919620425
5667.86919620425
5667.86919620425
5667.86919620425
5667.86919620425
5667.86919620425
5667.86919620425
5667.86919620425
5667.86919620425
5667.86919620425
5667.86919620425
5667.86919620425
5667.86919620425
5667.86919620425
5667.86919620425
5667.86919620425
5667.86919620425
5667.86919620425
5667.86919620425
5668.34067807185
5668.35258541075
5668.35258541075
5668.35258541075
5668.35258541075
5668.35258541075
5668.35258541075
5668.35258541075
5668.35258541075
5668.35258541075
5668.35258541075
5668.35258541075
5668.35258541075
5668.35258541075
5668.35258541075
5668.35258541075
5668.35258541075
5668.35258541075
5668.35258541075
5668.35258541075
5668.35258541075
5668.35258541075
5668.35258541075
5668.35258541075
5668.35258541075
5668.35258541075
5668.35258541075
5668.35258541075
5668.35258541075
5668.35258541075
5668.35258541075
5668.35258541075
5668.35258541075
5668.35258541075
5668.35258541075
5668.35258541075
5668.35258541075
5668.35258541075
5668.35258541075
5668.35258541075
5668.35258541075
5668.35258541075
5668.35258541075
5668.35258541075
5668.35258541075
5668.35258541075
5668.35258541075
5668.35258541075
5668.35258541075
5668.35258541075
5668.35258541075
5668.35258541075
5668.35258541075
5668.35258541075
5668.35258541075
5668.35258541075
5668.35258541075
5668.35258541075
5668.35258541075
5668.35258541075
5668.35258541075
5668.35258541075
5668.35258541075
5668.35258541075
5668.35258541075
5668.35258541075
5668.35258541075
5668.35258541075
5668.35258541075
5668.35258541075
5668.35258541075
5668.35258541075
5668.35258541075
5668.35258541075
5668.35258541075
5668.35258541075
5669.45199370663
5669.45199370663
5669.45199370663
5669.45199370663
5669.45199370663
5669.45199370663
5669.45199370663
5669.45199370663
5669.45199370663
5669.45199370663
5669.45199370663
5669.45199370663
5669.45199370663
5669.45199370663
5669.45199370663
5669.45199370663
5669.45199370663
5669.45199370663
5669.45199370663
5669.45199370663
5669.45199370663
5669.45199370663
5669.45199370663
5669.45199370663
5669.45199370663
5669.45199370663
5669.45199370663
5669.45199370663
5669.45199370663
5669.45199370663
5669.45199370663
5669.45199370663
5669.45199370663
5669.45199370663
5669.45199370663
5669.45199370663
5669.45199370663
5669.45199370663
5669.45199370663
5669.45199370663
5669.45199370663
5669.45199370663
5669.45199370663
5669.45199370663
5669.45199370663
5669.48549473164
5669.48549473164
5669.48549473164
5669.48549473164
5669.48549473164
5669.48549473164
5672.71674066444
5672.71674066444
5672.71674066444
5672.71674066444
5672.71674066444
5672.71674066444
5672.71674066444
5672.71674066444
5672.71674066444
5672.71674066444
5672.71674066444
5672.71674066444
5672.71674066444
5672.71674066444
5672.71674066444
5672.71674066444
5672.71674066444
5672.71674066444
5672.71674066444
5672.71674066444
5672.71674066444
5672.71674066444
5672.71674066444
5672.71674066444
5672.71674066444
5672.71674066444
5672.71674066444
5672.71674066444
5672.71674066444
5672.71674066444
5672.71674066444
5672.71674066444
5672.71674066444
5672.71674066444
5672.71674066444
5672.71674066444
5672.71674066444
5672.71674066444
5672.71674066444
5672.71674066444
5672.71674066444
5672.71674066444
5672.71674066444
5672.71674066444
5672.71674066444
5672.71674066444
5672.71674066444
5672.71674066444
5672.71674066444
5672.71674066444
5672.71674066444
5672.71674066444
5672.71674066444
5672.71674066444
5672.71674066444
5672.71674066444
5672.71674066444
5672.71674066444
5672.71674066444
5672.71674066444
5672.71674066444
5672.71674066444
5672.71674066444
5672.71674066444
5672.71674066444
5672.71674066444
5672.71674066444
5672.71674066444
5676.97236572926
5676.97236572926
5676.97236572926
5676.97236572926
5676.97236572926
5676.97236572926
5676.97236572926
5676.97236572926
5676.97236572926
5676.97236572926
5676.97236572926
5676.97236572926
5676.97236572926
5676.97236572926
5676.97236572926
5676.97236572926
5676.97236572926
5676.97236572926
5676.97236572926
5676.97236572926
5677.12595831898
5677.12595831898
5677.12595831898
5677.12595831898
5677.12595831898
5677.12595831898
5677.12595831898
5677.12595831898
5677.12595831898
5677.12595831898
5677.12595831898
5677.12595831898
5677.12595831898
5677.12595831898
5677.12595831898
5677.12595831898
5677.12595831898
5677.12595831898
5677.12595831898
5677.12595831898
5677.12595831898
5677.12595831898
5677.12595831898
5677.12595831898
5677.12595831898
5677.19016755458
5681.40218392877
5681.40218392877
5681.40218392877
5681.40218392877
5681.40218392877
5681.40218392877
5681.40218392877
5681.40218392877
5681.40218392877
5681.40218392877
5681.40218392877
5681.40218392877
5681.40218392877
5681.40218392877
5681.40218392877
5681.40218392877
5681.40218392877
5681.40218392877
5681.40218392877
5681.40218392877
5681.40218392877
5681.40218392877
5681.40218392877
5681.40218392877
5681.40218392877
5681.40218392877
5681.40218392877
5681.40218392877
5681.40218392877
5681.40218392877
5681.40218392877
5682.69846472728
5683.02765541567
5683.02765541567
5683.02765541567
5683.02765541567
5683.02765541567
5683.02765541567
5683.02765541567
5683.02765541567
5683.02765541567
5683.02765541567
5683.02765541567
5683.02765541567
5683.02765541567
5683.02765541567
5683.02765541567
5683.02765541567
5683.02765541567
5683.02765541567
5683.02765541567
5683.02765541567
5683.02765541567
5683.02765541567
5683.02765541567
5683.02765541567
5683.02765541567
5683.02765541567
5683.02765541567
5683.33543330277
5683.33543330277
5683.33543330277
5683.33543330277
5683.33543330277
5683.33543330277
5683.33543330277
5683.33543330277
5683.33543330277
5683.33543330277
5683.33543330277
5683.33543330277
5683.33543330277
5683.33543330277
5683.33543330277
5683.33543330277
5683.33543330277
5683.33543330277
5683.33543330277
5683.33543330277
5683.33543330277
5683.33543330277
5683.33543330277
5683.33543330277
5684.53534192027
5684.53534192027
5684.53534192027
5684.53534192027
5684.53534192027
5684.53534192027
5684.53534192027
5684.53534192027
5684.53534192027
5684.53534192027
5684.53534192027
5684.53534192027
5684.53534192027
5684.53534192027
5684.53534192027
5684.53534192027
5684.53534192027
5684.53534192027
5684.53534192027
5684.53534192027
5684.53534192027
5684.53534192027
5684.53534192027
5684.53534192027
5684.53534192027
5684.53534192027
5684.53534192027
5684.53534192027
5684.53534192027
5684.53534192027
5684.53534192027
5684.53534192027
5684.53534192027
5684.53534192027
5684.53534192027
5684.53534192027
5684.53534192027
5684.53534192027
5684.53534192027
5684.53534192027
5684.53534192027
5684.53534192027
5684.53534192027
5684.53534192027
5684.53534192027
5684.53534192027
5684.53534192027
5684.53534192027
5684.53534192027
5684.53534192027
5684.53534192027
5684.53534192027
5684.53534192027
5684.53534192027
5684.53534192027
5684.53534192027
5684.53534192027
5684.53534192027
5684.53534192027
5684.53534192027
5684.53534192027
5684.53534192027
5684.53534192027
5684.53534192027
5684.53534192027
5684.53534192027
5684.53534192027
5685.0920528992
5685.0920528992
5685.0920528992
5685.0920528992
5685.0920528992
5685.0920528992
5685.0920528992
5685.0920528992
5685.0920528992
5685.0920528992
5685.0920528992
5685.0920528992
5685.0920528992
5685.0920528992
5685.0920528992
5685.0920528992
5685.0920528992
5685.0920528992
5685.0920528992
5685.0920528992
5685.0920528992
5685.0920528992
5685.0920528992
5685.0920528992
5685.0920528992
5685.0920528992
5685.0920528992
5685.0920528992
5685.0920528992
5685.0920528992
5685.0920528992
5685.0920528992
5685.0920528992
5685.0920528992
5685.0920528992
5685.0920528992
5685.0920528992
5685.0920528992
5685.0920528992
5685.0920528992
5685.0920528992
5685.0920528992
5685.0920528992
5685.0920528992
5685.0920528992
5685.0920528992
5685.0920528992
5685.0920528992
5685.0920528992
5685.0920528992
5685.0920528992
5685.0920528992
5685.0920528992
5685.0920528992
5685.0920528992
5685.0920528992
5685.0920528992
5689.31224590563
5689.31224590563
5689.31224590563
5689.31224590563
5689.31224590563
5689.31224590563
5689.31224590563
5689.31224590563
5689.31224590563
5689.31224590563
5689.31224590563
5689.31224590563
5689.31224590563
5689.31224590563
5689.31224590563
5689.31224590563
5689.31224590563
5689.31224590563
5689.31224590563
5689.31224590563
5689.31224590563
5689.31224590563
5689.31224590563
5689.31224590563
5689.31224590563
5689.31224590563
5689.31224590563
5689.31224590563
5689.31224590563
5689.31224590563
5689.31224590563
5689.31224590563
5689.31224590563
5689.31224590563
5689.31224590563
5689.31224590563
5689.31224590563
5689.31224590563
5689.31224590563
5689.31224590563
5689.31224590563
5689.31224590563
5689.31224590563
5689.31224590563
5689.31224590563
5689.31224590563
5689.31224590563
5689.31224590563
5689.31224590563
5689.31224590563
5689.31224590563
5689.31224590563
5689.31224590563
5689.31224590563
5689.31224590563
5689.31224590563
5689.31224590563
5689.31224590563
5689.31224590563
5689.31224590563
5689.31224590563
5689.31224590563
5689.31224590563
5689.31224590563
5689.31224590563
5689.31224590563
5689.31224590563
5689.31224590563
5689.31224590563
5689.31224590563
5689.31224590563
5689.31224590563
5689.31224590563
5689.31224590563
5689.31224590563
5689.31224590563
5689.31224590563
5689.31224590563
5689.31224590563
5689.31224590563
5689.31224590563
5689.31224590563
5689.31224590563
5689.31224590563
5689.31224590563
5689.31224590563
5689.31224590563
5689.31224590563
5689.31224590563
5689.31224590563
5689.31224590563
5689.31224590563
5692.53331789747
5692.53331789747
5692.53331789747
5692.53331789747
5692.53331789747
5692.53331789747
5694.70851812427
5694.73447344411
5694.73447344411
5694.73447344411
5694.73447344411
5694.73447344411
5694.73447344411
5694.73447344411
5694.73447344411
5694.73447344411
5694.73447344411
5694.73447344411
5694.73447344411
5694.73447344411
5694.73447344411
5694.73447344411
5694.73447344411
5694.73447344411
5694.73447344411
5694.73447344411
5694.73447344411
5694.73447344411
5694.73447344411
5694.73447344411
5694.73447344411
5694.73447344411
5694.73447344411
5694.73447344411
5694.73447344411
5694.73447344411
5694.73447344411
5694.73447344411
5694.73447344411
5694.73447344411
5694.73447344411
5694.73447344411
5694.73447344411
5694.73447344411
5694.73447344411
5694.73447344411
5694.73447344411
5694.73447344411
5694.73447344411
5694.73447344411
5694.73447344411
5694.73447344411
5694.73447344411
5694.73447344411
5694.73447344411
5694.73447344411
5694.73447344411
5694.73447344411
5694.73447344411
5694.73447344411
5694.73447344411
5694.73447344411
5694.73447344411
5694.73447344411
5694.73447344411
5694.73447344411
5694.73447344411
5694.73447344411
5694.73447344411
5694.73447344411
5694.73447344411
5694.73447344411
5694.73447344411
5694.73447344411
5694.73447344411
5694.73447344411
5694.73447344411
5699.20854062947
5699.20854062947
5699.20854062947
5699.20854062947
5699.20854062947
5699.20854062947
5699.20854062947
5699.20854062947
5699.20854062947
5699.20854062947
5699.20854062947
5699.20854062947
5699.20854062947
5699.20854062947
5699.20854062947
5699.20854062947
5699.20854062947
5699.20854062947
5699.20854062947
5699.20854062947
5699.20854062947
5699.20854062947
5699.20854062947
5699.20854062947
5699.20854062947
5699.20854062947
5699.20854062947
5699.20854062947
5699.20854062947
5699.20854062947
5699.20854062947
5699.20854062947
5699.20854062947
5699.20854062947
5699.20854062947
5699.20854062947
5699.20854062947
5699.20854062947
5699.20854062947
5699.22277366248
5699.22277366248
5699.22277366248
5699.22277366248
5699.22277366248
5699.22277366248
5699.22277366248
5699.22277366248
5699.22277366248
5699.22277366248
5699.22277366248
5702.40253954382
5702.40253954382
5702.40253954382
5702.40253954382
5702.40253954382
5702.40253954382
5702.40253954382
5702.40253954382
5702.40253954382
5702.40253954382
5702.40253954382
5703.76321888722
5703.76321888722
5703.76321888722
5703.76321888722
5703.76321888722
5703.76321888722
5703.76321888722
5703.76321888722
5703.76321888722
5703.76321888722
5703.76321888722
5703.76321888722
5703.76321888722
5703.76321888722
5703.76321888722
5703.76321888722
5703.76321888722
5703.76321888722
5703.76321888722
5703.76321888722
5703.76321888722
5703.76321888722
5703.76321888722
5703.76321888722
5703.76321888722
5703.76321888722
5703.76321888722
5703.76321888722
5703.76321888722
5703.76321888722
5703.82042551465
5703.82042551465
5703.82042551465
5703.82042551465
5703.82042551465
5703.82042551465
5703.82042551465
5703.82042551465
5703.82042551465
5703.82042551465
5703.82042551465

