10758.4264309858
11990.1962153139
12377.6304958027
12516.3480651957
12562.7365687802
12591.8906880974
12596.1790681352
12621.9182854007
12650.9541889215
12662.8421757437
12671.8539816315
12674.2903727563
12676.7597926038
12686.2830355204
12693.5672830853
12695.9747103914
12706.128246178
12714.8237670126
12720.2888137379
12731.4372589748
12732.6824177457
12743.0759718345
12762.4265788261
12783.5508332614
12783.9927108989
12796.8675555114
12796.8675555114
12796.8675555114
12801.8217687063
12821.7045445998
12827.2564943631
12827.4476132311
12827.4476132311
12832.6638192238
12832.9722290792
12837.8156508388
12842.7051537863
12844.0712977379
12864.8463635422
12864.9573520914
12865.0084709828
12866.0455313428
12882.4002149523
12914.931856611
12927.908501592
12928.0382942662
12930.3240185462
12933.0687254128
12933.0687254128
12937.0851713447
12960.5408458628
12974.5171591081
12980.1369566488
12982.5934377823
12984.6940746743
12986.0780594141
12986.0780594141
12998.7111609904
12999.8706691057
12999.8706691057
12999.8706691057
13001.0446901459
13001.0446901459
13001.0446901459
13001.0446901459
13001.0446901459
13001.0446901459
13001.0446901459
13001.9356797706
13003.3496963104
13006.1309627366
13016.6695023608
13017.4076547275
13017.4076547275
13017.4156870236
13017.4217968389
13021.726134589
13022.6304455968
13043.2348860632
13047.5761656521
13053.5044893379
13055.4732946558
13055.4732946558
13072.1043575561
13072.7005138886
13072.7005138886
13072.7005138886
13072.7005138886
13075.6627485881
13076.7818845968
13076.7818845968
13076.7818845968
13088.5717982686
13088.5717982686
13088.5717982686
13088.5717982686
13088.5717982686
13088.5717982686
13088.5717982686
13090.6455618406
13090.6455618406
13090.6455618406
13090.6455618406
13090.6455618406
13090.6455618406
13101.9419561869
13102.3078270293
13102.3078270293
13108.2263058855
13110.6387148123
13110.6387148123
13118.6697435484
13119.5912167818
13125.1174494375
13125.1174494375
13125.1174494375
13127.9849752258
13131.1634510443
13131.1634510443
13131.1634510443
13131.1634510443
13131.1634510443
13131.1634510443
13131.1634510443
13131.1634510443
13131.1634510443
13131.1634510443
13131.1634510443
13131.1634510443
13131.1634510443
13131.1634510443
13132.6550957153
13132.6550957153
13132.6550957153
13132.6550957153
13135.4059514796
13140.0119320166
13140.6090490258
13164.2029791397
13165.4300365901
13188.5399466528
13188.5399466528
13188.5399466528
13188.5399466528
13188.5399466528
13197.6272774466
13198.615024344
13198.615024344
13198.615024344
13198.615024344
13206.8524117494
13206.8524117494
13206.8524117494
13216.0283139769
13216.0283139769
13216.0283139769
13216.0283139769
13216.0283139769
13216.0283139769
13216.0283139769
13216.0283139769
13224.6249382076
13225.3282037579
13225.3282037579
13225.3282037579
13225.3615298609
13225.4693541372
13228.6676026702
13228.6676026702
13228.6676026702
13228.6676026702
13228.6676026702
13228.6676026702
13228.6676026702
13228.6676026702
13229.8473205504
13229.8473205504
13238.2327619927
13238.678251766
13238.678251766
13238.678251766
13241.4482888184
13243.6847368637
13243.7202515516
13244.9878119861
13244.9878119861
13244.9878119861
13244.9878119861
13244.9878119861
13244.9878119861
13244.9878119861
13244.9878119861
13244.9878119861
13244.9878119861
13247.6885388156
13250.4746122025
13250.4746122025
13250.4746122025
13250.4746122025
13250.4746122025
13250.4746122025
13250.6588336634
13250.8189154603
13252.7655276097
13252.7655276097
13252.7655276097
13252.7655276097
13252.7655276097
13252.7655276097
13253.9675586848
13255.9782695164
13255.9782695164
13257.6908257097
13257.6908257097
13257.6908257097
13257.6908257097
13261.5242336546
13261.5242336546
13261.5242336546
13261.5242336546
13261.5242336546
13261.5242336546
13261.5242336546
13261.5242336546
13261.5242336546
13261.5242336546
13261.5242336546
13261.5242336546
13261.5242336546
13261.5242336546
13261.5242336546
13265.0249398185
13265.0249398185
13265.0249398185
13267.6558622513
13267.6558622513
13267.6558622513
13270.9502964943
13271.1808683026
13271.1808683026
13272.8274630592
13273.0139683008
13273.0139683008
13273.0139683008
13273.0139683008
13273.0139683008
13277.9495858666
13278.859006157
13278.859006157
13278.859006157
13278.859006157
13278.859006157
13282.0717293955
13282.0717293955
13282.0717293955
13282.0717293955
13282.0717293955
13282.0717293955
13282.0717293955
13282.0717293955
13283.384673576
13283.384673576
13289.4424319678
13289.921874814
13290.1113981834
13290.1113981834
13290.1113981834
13290.1113981834
13290.1113981834
13290.1113981834
13290.1199408451
13290.1199408451
13290.1199408451
13290.1199408451
13290.1199408451
13290.1199408451
13290.1199408451
13290.1199408451
13290.1199408451
13290.1199408451
13290.1199408451
13290.1199408451
13294.3454534676
13294.3454534676
13294.3454534676
13294.3454534676
13294.3454534676
13294.3454534676
13294.3454534676
13294.3454534676
13294.3454534676
13294.3454534676
13294.3454534676
13294.3454534676
13294.3454534676
13294.3454534676
13294.3454534676
13294.3454534676
13294.3454534676
13294.3454534676
13294.3454534676
13294.3454534676
13294.3454534676
13294.3454534676
13296.3182787715
13296.3182787715
13296.3182787715
13296.3182787715
13296.3182787715
13296.3182787715
13296.3182787715
13311.4530808155
13311.4530808155
13311.4530808155
13311.4530808155
13311.4530808155
13326.5998022808
13326.965684641
13328.7293825195
13329.0301318834
13329.0301318834
13329.0301318834
13329.0301318834
13329.0301318834
13329.0301318834
13329.0301318834
13329.0301318834
13329.0301318834
13329.0301318834
13329.0301318834
13329.0301318834
13329.0301318834
13329.0301318834
13329.0301318834
13329.0301318834
13329.0301318834
13329.0301318834
13333.613306928
13333.7195868795
13333.7195868795
13333.7195868795
13333.7195868795
13333.7195868795
13333.7195868795
13334.237714547
13336.6921040801
13336.6921040801
13336.6921040801
13336.6921040801
13336.6921040801
13336.6921040801
13352.2284945057
13352.2284945057
13352.2284945057
13352.2284945057
13352.2284945057
13352.6486540607
13353.7252703394
13353.7252703394
13353.7252703394
13353.7252703394
13353.7252703394
13353.7252703394
13353.7252703394
13353.7252703394
13353.7252703394
13353.7252703394
13353.7252703394
13353.7252703394
13353.7252703394
13353.7252703394
13353.7252703394
13353.7252703394
13353.7252703394
13353.7252703394
13355.3894827551
13356.5113768126
13357.2123169779
13357.2123169779
13357.2123169779
13359.4371224417
13361.2358475306
13361.2358475306
13361.2358475306
13361.2358475306
13361.2358475306
13361.2358475306
13361.6205614739
13361.6205614739
13361.6205614739
13361.6205614739
13361.6205614739
13361.6205614739
13361.6205614739
13362.2431922676
13362.2431922676
13362.2431922676
13362.2431922676
13362.2431922676
13362.2431922676
13362.2431922676
13362.2431922676
13362.8298224161
13362.8298224161
13362.8298224161
13362.8298224161
13366.0314534019
13366.0314534019
13366.0314534019
13366.0314534019
13366.0314534019
13366.0314534019
13366.0314534019
13366.0314534019
13366.1212380219
13366.1212380219
13366.1212380219
13366.1212380219
13366.1212380219
13366.1212380219
13366.1212380219
13366.1212380219
13366.1212380219
13366.1212380219
13366.1212380219
13366.1212380219
13366.1212380219
13366.1212380219
13366.1212380219
13366.1212380219
13366.1212380219
13366.1212380219
13366.1212380219
13366.1212380219
13369.6919841492
13371.7964664853
13371.7964664853
13371.7964664853
13371.7964664853
13371.7964664853
13371.9638651325
13371.9638651325
13371.9638651325
13382.9970889521
13383.0373019968
13383.0373019968
13383.0373019968
13383.3157465173
13383.3157465173
13389.6237636502
13389.6237636502
13389.6237636502
13391.5792589295
13391.5792589295
13391.5792589295
13391.5792589295
13391.5792589295
13391.5792589295
13391.5792589295
13391.5792589295
13391.5792589295
13391.5792589295
13391.5792589295
13391.5792589295
13391.5792589295
13391.5792589295
13391.5792589295
13391.5792589295
13391.5792589295
13391.5792589295
13391.5792589295
13391.5792589295
13391.5792589295
13395.4779059501
13396.5821638884
13396.5821638884
13396.5821638884
13396.5821638884
13396.5821638884
13396.5821638884
13396.5821638884
13396.5821638884
13396.5821638884
13396.5821638884
13396.5821638884
13396.5821638884
13396.5821638884
13396.5821638884
13396.5821638884
13396.5821638884
13396.5821638884
13396.5821638884
13396.5821638884
13396.5821638884
13396.5821638884
13396.5821638884
13396.5821638884
13396.5821638884
13396.5821638884
13396.5821638884
13396.5821638884
13396.5821638884
13396.5821638884
13396.5821638884
13396.5821638884
13396.5821638884
13404.5738437681
13404.8181700111
13406.9469002115
13406.9469002115
13406.9469002115
13406.9469002115
13406.9469002115
13406.9469002115
13406.9469002115
13406.9469002115
13411.2710511382
13411.2710511382
13411.2710511382
13411.2710511382
13411.2710511382
13411.2710511382
13411.2710511382
13411.2710511382
13411.2710511382
13411.2710511382
13411.2710511382
13424.0619069843
13425.0702703959
13425.0702703959
13425.0702703959
13425.0702703959
13425.0702703959
13425.0702703959
13425.9187391629
13425.9187391629
13427.943168803
13427.943168803
13427.943168803
13427.943168803
13427.943168803
13427.943168803
13427.943168803
13427.943168803
13427.943168803
13427.943168803
13427.943168803
13427.943168803
13427.943168803
13427.943168803
13427.943168803
13427.943168803
13427.943168803
13427.943168803
13427.943168803
13427.943168803
13427.943168803
13427.943168803
13427.943168803
13427.943168803
13427.943168803
13427.943168803
13427.943168803
13427.943168803
13427.943168803
13427.943168803
13427.943168803
13427.943168803
13427.943168803
13427.943168803
13427.943168803
13427.943168803
13432.7031388721
13433.1252058599
13433.1252058599
13435.8411516992
13436.0832486571
13436.0832486571
13436.0832486571
13436.0832486571
13436.0832486571
13436.0832486571
13436.0832486571
13436.0832486571
13436.0832486571
13436.0832486571
13436.0832486571
13439.5587929278
13439.5587929278
13439.5587929278
13442.1570004239
13443.2375586939
13443.2375586939
13443.2375586939
13443.2375586939
13443.2375586939
13443.2375586939
13443.8273954566
13444.9044766604
13444.9044766604
13444.9044766604
13446.3760859679
13446.3760859679
13446.3760859679
13446.3760859679
13446.3760859679
13446.3760859679
13446.3760859679
13446.6870032251
13446.7678140568
13446.7678140568
13446.7678140568
13446.7678140568
13446.7678140568
13446.7678140568
13446.7678140568
13446.7678140568
13446.7678140568
13446.7678140568
13446.7678140568
13446.7678140568
13446.7678140568
13446.7678140568
13446.7678140568
13446.7678140568
13446.7678140568
13446.7678140568
13446.7678140568
13446.7678140568
13446.7678140568
13446.7678140568
13446.7678140568
13446.7678140568
13449.4742034205
13450.3779754714
13452.5094103481
13454.0607016254
13454.0607016254
13454.2703490635
13454.2703490635
13454.2703490635
13454.2703490635
13454.2703490635
13454.2703490635
13454.2703490635
13454.2703490635
13454.2703490635
13454.2703490635
13454.2703490635
13454.2703490635
13454.2703490635
13454.2703490635
13454.2703490635
13454.2703490635
13454.2703490635
13454.2703490635
13454.2703490635
13454.2703490635
13454.2703490635
13454.478909284
13461.4161530403
13461.4161530403
13461.4161530403
13461.4161530403
13461.4161530403
13461.4161530403
13467.3323770587
13467.3323770587
13467.3323770587
13467.3323770587
13467.3323770587
13467.3323770587
13467.3323770587
13467.3323770587
13467.3323770587
13467.3323770587
13467.3323770587
13467.3323770587
13467.3323770587
13467.3323770587
13467.3323770587
13467.3323770587
13467.3323770587
13467.3323770587
13471.818697468
13472.465236149
13472.465236149
13472.465236149
13472.465236149
13472.465236149
13472.465236149
13472.465236149
13472.465236149
13472.465236149
13472.465236149
13472.465236149
13472.465236149
13472.465236149
13472.465236149
13472.465236149
13472.465236149
13472.465236149
13472.465236149
13472.465236149
13472.465236149
13472.465236149
13472.465236149
13472.465236149
13472.465236149
13472.465236149
13480.2433770013
13481.5023420679
13481.5023420679
13481.5023420679
13481.5023420679
13481.5023420679
13481.5023420679
13481.5023420679
13481.5023420679
13481.5023420679
13481.5023420679
13481.5023420679
13481.5023420679
13481.5023420679
13481.5023420679
13481.5023420679
13481.5023420679
13481.5023420679
13481.5023420679
13481.5023420679
13481.5023420679
13481.5023420679
13481.5023420679
13481.5023420679
13481.5023420679
13481.5023420679
13481.5023420679
13481.5023420679
13481.5023420679
13482.8893102009
13482.8893102009
13482.8893102009
13482.8893102009
13482.8893102009
13482.8893102009
13482.8893102009
13482.8893102009
13482.8893102009
13482.8893102009
13482.8893102009
13482.8893102009
13482.8893102009
13482.8893102009
13482.8893102009
13482.8893102009
13482.8893102009
13483.4203663085
13483.4203663085
13483.4203663085
13483.4203663085
13483.4203663085
13483.4203663085
13483.4203663085
13483.4203663085
13483.4203663085
13483.4203663085
13483.4203663085
13483.4203663085
13483.4203663085
13483.4203663085
13483.4203663085
13483.4203663085
13483.4203663085
13483.4203663085
13484.3103190588
13484.7351392285
13484.7351392285
13484.7351392285
13484.7351392285
13484.7351392285
13484.7351392285
13484.7351392285
13484.7351392285
13484.7351392285
13484.7351392285
13484.7351392285
13484.7351392285
13484.7351392285
13484.7351392285
13484.7351392285
13484.7351392285
13484.7351392285
13484.7351392285
13484.7351392285
13484.7351392285
13484.7351392285
13484.7351392285
13484.7351392285
13484.7351392285
13484.7351392285
13484.7351392285
13484.7351392285
13484.7351392285
13492.4893981503
13492.4893981503
13492.4893981503
13492.4893981503
13492.4893981503
13492.4893981503
13492.4893981503
13492.4893981503
13492.4893981503
13492.4893981503
13492.4893981503
13492.4893981503
13492.4893981503
13492.4893981503
13492.4893981503
13492.4893981503
13493.5607748631
13495.7790678695
13495.7790678695
13495.7790678695
13495.7790678695
13495.7790678695
13495.7790678695
13495.7790678695
13504.2871933052
13504.2871933052
13504.2871933052
13504.2871933052
13504.2871933052
13504.2871933052
13508.5626914904
13510.661457875
13510.661457875
13510.661457875
13510.661457875
13510.661457875
13510.661457875
13510.661457875
13511.5131274423
13511.5131274423
13511.5131274423
13511.5131274423
13511.5131274423
13511.5131274423
13511.5131274423
13511.5131274423
13513.0071950641
13513.0071950641
13513.0071950641
13513.0071950641
13513.0071950641
13513.0071950641
13513.0071950641
13513.5779094801
13513.5779094801
13513.5779094801
13513.5779094801
13513.5779094801
13513.5779094801
13513.5779094801
13513.5779094801
13513.5779094801
13513.5779094801
13513.5779094801
13513.5779094801
13513.5779094801
13513.5779094801
13513.5779094801
13513.5779094801
13513.5779094801
13513.5779094801
13513.5779094801
13513.5779094801
13513.5779094801
13513.5779094801
13513.5779094801
13513.5779094801
13513.5779094801
13513.5779094801
13513.5779094801
13513.5779094801
13513.5779094801
13513.5779094801
13513.5779094801
13513.5779094801
13513.5779094801
13513.5779094801
13513.5779094801
13513.5779094801
13513.5779094801
13513.5779094801
13513.5779094801
13513.5779094801
13513.5779094801
13513.5779094801
13513.5779094801
13513.5779094801
13513.5779094801
13513.5779094801
13513.5779094801
13513.5779094801
13513.5779094801
13513.5779094801
13513.5779094801
13513.5779094801
13513.5779094801
13513.5779094801
13513.5779094801
13515.3388522189
13515.8227448458
13515.8227448458
13515.8227448458
13515.8227448458
13515.8227448458
13515.8227448458
13515.8227448458
13515.8227448458
13515.8227448458
13515.8227448458
13515.8227448458
13515.8227448458
13515.8227448458
13515.8227448458
13515.8227448458
13515.8227448458
13515.8227448458
13515.8227448458
13515.8227448458
13515.8227448458
13516.8740073951
13516.8740073951
13516.8740073951
13516.8740073951
13516.8740073951
13516.8740073951
13516.8740073951
13516.8740073951
13516.8740073951
13516.8740073951
13516.8740073951
13516.8740073951
13516.8740073951
13516.8740073951
13516.8740073951
13516.8740073951
13516.8740073951
13516.8740073951
13516.8740073951
13516.8740073951
13516.8740073951
13516.8740073951
13516.8740073951
13516.8740073951
13516.8740073951
13517.0762671506
13518.7846034836
13518.7846034836
13518.7846034836
13521.1631691862
13521.1631691862
13521.1631691862
13521.1631691862
13521.1631691862
13521.1631691862
13521.1631691862
13521.1631691862
13521.1631691862
13521.1631691862
13521.1631691862
13521.1631691862
13521.1631691862
13523.3376933314
13529.5601301166
13529.5601301166
13529.5601301166
13529.5601301166
13529.5601301166
13529.5601301166
13529.5601301166
13529.5601301166
13529.5601301166
13529.5601301166
13529.5601301166
13529.5601301166
13529.5601301166
13529.5601301166
13529.5601301166
13529.5601301166
13529.5601301166
13529.5601301166
13529.5601301166
13529.5601301166
13529.5601301166
13529.5601301166
13529.5601301166
13529.5601301166
13529.5601301166
13529.5601301166
13529.5601301166
13529.5601301166
13529.5601301166
13529.5601301166
13529.5601301166
13529.5601301166
13529.5601301166
13529.5601301166
13529.5601301166
13529.5601301166
13529.5601301166
13529.5601301166
13529.5601301166
13529.5601301166
13529.5601301166
13529.5601301166
13529.5601301166
13529.5601301166
13529.5601301166
13529.5601301166
13529.5601301166
13529.5601301166
13529.5601301166
13529.5601301166
13529.5601301166
13529.5601301166
13529.5601301166
13529.5601301166
13529.5601301166
13529.5601301166
13529.5601301166
13529.5601301166
13529.5601301166
13529.5601301166
13529.5601301166
13529.5601301166
13529.5601301166
13529.5601301166
13529.5601301166
13529.5601301166
13529.5601301166
13529.5601301166
13529.5601301166
13529.5601301166
13529.5601301166
13529.5601301166
13529.5601301166
13529.5601301166
13529.5601301166
13529.5601301166
13529.5601301166
13529.5601301166
13529.5601301166
13529.5601301166
13529.5601301166
13529.5601301166
13529.5601301166
13529.5601301166
13529.5601301166
13529.5601301166
13529.5601301166
13529.5601301166
13529.5601301166
13529.5601301166
13529.5601301166
13529.5601301166
13529.5601301166
13529.5601301166
13529.5601301166
13529.5601301166
13529.5601301166
13529.5601301166
13532.6345080378
13532.6345080378
13532.6345080378
13532.6345080378
13532.6345080378
13532.6345080378
13532.6345080378
13532.6345080378
13532.6345080378
13532.6345080378
13532.6345080378
13532.6345080378
13532.6345080378
13532.6345080378
13532.6345080378
13532.6345080378
13532.6345080378
13533.2459228972
13533.2459228972
13533.2459228972
13533.2459228972
13533.2459228972
13533.2459228972
13533.2459228972
13533.2459228972
13533.2459228972
13533.2459228972
13533.2459228972
13533.2459228972
13533.2459228972
13533.2459228972
13533.2459228972
13533.2459228972
13533.2459228972
13533.2459228972
13533.2459228972
13533.2459228972
13533.2459228972
13533.2459228972
13533.2459228972
13533.2459228972
13533.2459228972
13533.2459228972
13533.2459228972
13533.2459228972
13533.2459228972
13533.2459228972
13533.2459228972
13533.2459228972
13540.6041520197
13540.6041520197
13540.6041520197
13540.6041520197
13540.6041520197
13540.6041520197
13540.6041520197
13540.6041520197
13540.6041520197
13540.6041520197
13540.6041520197
13540.6041520197
13540.6041520197
13540.6041520197
13540.6041520197
13540.6041520197
13540.6041520197
13540.6041520197
13540.6041520197
13540.6041520197
13540.6041520197
13540.6041520197
13540.6041520197
13540.6041520197
13540.6041520197
13540.6041520197
13540.6041520197
13540.6041520197
13540.6041520197
13540.6041520197
13540.6041520197
13540.6041520197
13540.6041520197
13540.6041520197
13540.6041520197
13540.6041520197
13543.4839714399
13544.635725374
13544.635725374
13544.635725374
13544.635725374
13544.635725374
13544.635725374
13544.635725374
13544.635725374
13544.635725374
13544.635725374
13544.635725374
13544.635725374
13544.635725374
13544.635725374
13544.635725374
13544.635725374
13544.635725374
13544.635725374
13544.635725374
13544.635725374
13544.635725374
13544.635725374
13544.635725374
13544.635725374
13544.635725374
13546.66591504
13548.8169085695
13548.8169085695
13548.8169085695
13548.8169085695
13548.8169085695
13548.8169085695
13548.8169085695
13548.8169085695
13548.8169085695
13548.8169085695
13548.8169085695
13548.8169085695
13548.8169085695
13548.8169085695
13548.8169085695
13548.8169085695
13548.8169085695
13548.8169085695
13548.8169085695
13548.8169085695
13548.8169085695
13548.8169085695
13548.8169085695
13551.4192710266
13551.6949187034
13551.6949187034
13551.6949187034
13551.6949187034
13551.6949187034
13551.6949187034
13551.6949187034
13551.6949187034
13551.6949187034
13551.6949187034
13551.6949187034
13551.6949187034
13551.6949187034
13551.6949187034
13551.6949187034
13551.6949187034
13551.6949187034
13551.6949187034
13551.6949187034
13551.6949187034
13553.6286318213
13553.6286318213
13553.6286318213
13553.6286318213
13553.6286318213
13553.6286318213
13553.6286318213
13553.6286318213
13553.6286318213
13553.6286318213
13553.6286318213
13553.6286318213
13553.6286318213
13553.6286318213
13553.6286318213
13553.6286318213
13553.6286318213
13553.6286318213
13553.6286318213
13553.8410620836
13553.8410620836
13553.8410620836
13553.8410620836
13553.8410620836
13553.8410620836
13553.8410620836
13553.8410620836
13553.8410620836
13553.8410620836
13553.8410620836
13553.8410620836
13553.8410620836
13553.8410620836
13553.8410620836
13553.8410620836
13553.8410620836
13553.8410620836
13553.8410620836
13553.8410620836
13553.8410620836
13553.8410620836
13562.0886599833
13562.0886599833
13562.0886599833
13562.0886599833
13562.0886599833
13562.0886599833
13562.0886599833
13562.0886599833
13567.4638800309
13568.4881962102
13568.4881962102
13568.4881962102
13568.4881962102
13568.4881962102
13568.4881962102
13568.4881962102
13568.4881962102
13568.4881962102
13568.4881962102
13568.4881962102
13568.4881962102
13568.4881962102
13568.4881962102
13568.4881962102
13568.4881962102
13568.4881962102
13568.4881962102
13568.4881962102
13568.4881962102
13568.4881962102
13568.4881962102
13568.4881962102
13568.4881962102
13568.4881962102
13568.4881962102
13568.4881962102
13568.4881962102
13568.4881962102
13568.4881962102
13568.4881962102
13568.4881962102
13568.4881962102
13568.4881962102
13568.4881962102
13568.4881962102
13568.4881962102
13568.4881962102
13568.4881962102
13568.4881962102
13568.4881962102
13568.4881962102
13568.4881962102
13568.4881962102
13568.4881962102
13568.4881962102
13568.4881962102
13568.4881962102
13568.4881962102
13568.4881962102
13568.4881962102
13568.4881962102
13568.4881962102
13568.4881962102
13568.4881962102
13568.4881962102
13568.4881962102
13568.4881962102
13568.4881962102
13568.4881962102
13568.4881962102
13568.4881962102
13568.4881962102
13568.4881962102
13568.4881962102
13568.4881962102
13568.4881962102
13568.4881962102
13568.4881962102
13568.4881962102
13568.4881962102
13568.4881962102
13568.4881962102
13568.4881962102
13568.4881962102
13568.4881962102
13568.4881962102
13568.4881962102
13570.810159323
13571.5371313021
13571.5371313021
13571.5371313021
13571.5371313021
13571.5371313021
13571.5371313021
13571.5371313021
13571.5371313021
13571.5371313021
13571.5371313021
13571.5371313021
13571.5371313021
13571.5371313021
13571.5371313021
13571.5371313021
13571.5371313021
13571.5371313021
13571.5371313021
13571.5371313021
13571.5371313021
13571.5371313021
13571.5371313021
13571.5371313021
13571.5371313021
13571.5371313021
13571.5371313021
13571.5371313021
13571.5371313021
13571.5371313021
13571.5371313021
13571.5371313021
13571.5371313021
13571.5371313021
13571.5371313021
13571.5371313021
13571.5371313021
13571.5371313021
13571.5371313021
13571.5371313021
13571.5371313021
13571.5371313021
13571.5371313021
13571.5371313021
13571.5371313021
13571.5371313021
13571.5371313021
13571.5371313021
13571.5371313021
13571.5371313021
13571.5371313021
13571.5371313021
13571.5371313021
13571.5371313021
13571.5371313021
13571.5371313021
13571.5371313021
13571.5371313021
13571.5371313021
13571.5371313021
13571.5371313021
13571.5371313021
13571.5371313021
13571.5371313021
13571.5371313021
13571.5371313021
13571.5371313021
13571.5371313021
13571.5371313021
13571.5371313021
13571.5371313021
13571.5371313021
13571.5371313021
13571.5371313021
13571.5371313021
13571.5371313021
13571.5371313021
13571.5371313021
13571.5371313021
13571.5371313021
13571.5371313021
13571.5371313021
13571.5371313021
13571.5371313021
13571.5371313021
13571.5371313021
13571.5371313021
13571.5371313021
13571.5371313021
13571.5371313021
13571.5371313021
13571.5371313021
13572.6084224175
13572.7281632983
13572.750709871
13572.9002349143
13572.9705959376
13572.9705959376
13572.9705959376
13572.9705959376
13574.0269472654
13574.0269472654
13574.0269472654
13574.0269472654
13574.0269472654
13574.0269472654
13574.0269472654
13574.0269472654
13574.0269472654
13574.0269472654
13574.0269472654
13574.0269472654
13574.0269472654
13574.0269472654
13574.0269472654
13574.0269472654
13574.1995700652
13574.1995700652
13574.1995700652
13574.1995700652
13574.1995700652
13574.1995700652
13574.1995700652
13574.1995700652
13574.1995700652
13574.1995700652
13574.1995700652
13574.1995700652
13574.1995700652
13574.1995700652
13574.1995700652
13574.1995700652
13574.1995700652
13574.1995700652
13574.1995700652
13574.1995700652
13574.1995700652
13574.1995700652
13574.1995700652
13574.1995700652
13574.1995700652
13574.1995700652
13574.1995700652
13574.1995700652
13574.1995700652
13574.1995700652
13574.1995700652
13574.1995700652
13574.1995700652
13574.1995700652
13574.1995700652
13574.1995700652
13574.1995700652
13574.1995700652
13574.1995700652
13574.1995700652
13574.1995700652
13574.1995700652
13574.1995700652
13574.1995700652
13574.1995700652
13574.1995700652
13574.1995700652
13574.1995700652
13574.1995700652
13574.1995700652
13574.7910898153
13575.1055165479
13575.1055165479
13575.1055165479
13575.1055165479
13575.1055165479
13575.1055165479
13575.1055165479
13575.1055165479
13575.1055165479
13575.1055165479
13575.1055165479
13575.1055165479
13575.1055165479
13575.1055165479
13575.1055165479
13575.1055165479
13575.1055165479
13575.1055165479
13575.1055165479
13575.1055165479
13575.1055165479
13575.1055165479
13575.1055165479
13575.1055165479
13575.1055165479
13575.1055165479
13575.1055165479
13575.1055165479
13575.1055165479
13582.119582485
13582.119582485
13582.119582485
13583.1413968988
13583.1413968988
13583.1413968988
13583.1413968988
13583.1413968988
13583.1413968988
13583.1413968988
13583.1413968988
13583.1413968988
13583.1413968988
13583.1413968988
13583.1413968988
13583.1413968988
13583.1413968988
13583.1413968988
13583.1413968988
13583.1413968988
13583.1413968988
13583.1413968988
13583.1413968988
13583.1413968988
13583.1413968988
13583.1413968988
13583.1413968988
13583.1413968988
13583.1413968988
13583.1413968988
13583.1413968988
13583.1413968988
13583.1413968988
13583.1413968988
13583.1413968988
13583.1413968988
13583.1413968988
13583.1413968988
13583.1413968988
13583.1413968988
13583.1413968988
13583.1413968988
13583.1413968988
13583.1413968988
13583.1413968988
13583.1413968988
13583.1413968988
13583.1413968988
13583.1413968988
13583.1413968988
13583.1413968988
13583.1413968988
13583.1413968988
13583.1413968988
13583.1413968988
13583.1413968988
13583.1413968988
13589.6630874541
13589.6630874541
13589.6630874541
13589.6630874541
13589.6630874541
13589.6630874541
13589.6630874541
13589.6630874541
13589.6630874541
13589.6630874541
13589.6630874541
13589.6630874541
13589.6630874541
13589.6630874541
13589.6630874541
13589.6630874541
13589.6630874541
13589.6630874541
13589.6630874541
13589.6630874541
13589.6630874541
13589.6630874541
13589.6630874541
13589.6630874541
13589.6630874541
13589.6630874541
13589.6630874541
13589.6630874541
13589.6630874541
13589.6630874541
13589.6630874541
13589.6630874541
13589.6630874541
13589.6630874541
13589.6630874541
13589.6630874541
13589.6630874541
13589.6630874541
13589.6630874541
13589.6630874541
13589.6630874541
13589.6630874541
13589.6630874541
13589.6630874541
13589.6630874541
13589.6630874541
13589.6630874541
13589.6630874541
13589.6630874541
13589.6630874541
13589.6630874541
13589.6630874541
13589.6630874541
13589.6630874541
13589.6630874541
13589.6630874541
13589.6630874541
13589.6630874541
13589.6630874541
13589.6630874541
13589.6630874541
13589.6630874541
13589.6630874541
13589.6630874541
13589.6630874541
13589.6630874541
13589.6630874541
13589.6630874541
13589.6630874541
13589.6630874541
13589.6630874541
13589.6630874541
13589.6630874541
13589.6630874541
13589.6630874541
13589.6630874541
13589.6630874541
13589.6630874541
13589.6630874541
13589.6630874541
13596.9758742439
13597.5073271571
13597.5073271571
13597.5073271571
13597.5073271571
13597.5073271571
13597.5073271571
13597.5073271571
13597.5073271571
13597.5073271571
13597.5073271571
13597.5073271571
13597.5073271571
13597.5073271571
13597.5073271571
13597.5073271571
13597.5073271571
13599.9142285887
13600.6750668107
13600.6750668107
13600.6750668107
13600.6750668107
13600.6750668107
13600.6750668107
13600.6750668107
13600.6750668107
13600.6750668107
13600.6750668107
13600.6750668107
13600.6750668107
13600.6750668107
13600.6750668107
13600.6750668107
13600.6750668107
13600.6750668107
13600.6750668107
13600.6750668107
13600.6750668107
13600.6750668107
13600.6750668107
13600.6750668107
13603.0045566134
13603.0045566134
13603.0045566134
13603.0045566134
13603.0045566134
13603.0045566134
13603.0045566134
13603.0045566134
13603.0045566134
13603.0045566134
13603.0045566134
13603.0045566134
13603.0045566134
13603.0045566134
13603.0045566134
13603.0045566134
13603.0045566134
13603.0045566134
13603.0045566134
13603.0045566134
13603.0045566134
13603.0045566134
13603.0045566134
13603.0045566134
13603.0045566134
13603.0045566134
13603.0045566134
13603.0045566134
13603.0045566134
13603.0045566134
13603.0045566134
13603.0045566134
13603.0045566134
13603.0045566134
13603.0045566134
13603.0045566134
13603.0045566134
13603.0045566134
13603.0045566134
13603.0045566134
13603.0045566134
13603.0045566134
13603.0045566134
13608.7179530294
13618.9949122171
13618.9949122171
13618.9949122171
13618.9949122171
13618.9949122171
13618.9949122171
13618.9949122171
13618.9949122171
13618.9949122171
13618.9949122171
13618.9949122171
13618.9949122171
13621.6441590494
13622.8276877415
13622.8276877415
13622.8276877415
13622.8276877415
13622.8276877415
13622.8276877415
13622.8276877415
13622.8276877415
13624.5477017853
13624.5477017853
13624.5477017853
13624.5477017853
13624.5477017853
13624.5477017853
13624.5477017853
13624.5477017853
13624.5477017853
13624.5477017853
13624.5477017853
13624.5477017853
13624.5477017853
13624.5477017853
13624.5477017853
13624.5477017853
13624.5477017853
13624.5477017853
13624.5477017853
13624.5477017853
13624.5477017853
13624.5477017853
13624.5477017853
13624.5477017853
13624.5477017853
13624.5477017853
13624.5477017853
13624.5477017853
13624.5477017853
13624.5477017853
13624.5477017853
13624.5477017853
13624.5477017853
13624.5477017853
13624.5477017853
13624.5477017853
13624.5477017853
13624.5477017853
13624.5477017853
13624.5477017853
13624.5477017853
13624.5477017853
13624.5477017853
13624.5477017853
13624.5477017853
13624.5477017853
13624.5477017853
13624.5477017853
13624.5477017853
13624.5477017853
13624.5477017853
13624.5477017853
13624.5477017853
13624.5477017853
13624.5477017853
13624.5477017853
13624.5477017853
13624.5477017853
13624.5477017853
13624.5477017853
13624.5477017853
13624.5477017853
13624.5477017853
13625.7714787813
13625.7714787813
13625.7714787813
13625.7714787813
13625.7714787813
13625.7714787813
13625.7714787813
13630.6345641998
13630.6345641998
13630.6345641998
13630.6345641998
13630.6345641998
13630.6345641998
13630.6917826597
13630.7338922567
13630.7338922567
13630.7338922567
13630.7338922567
13630.7338922567
13630.7338922567
13630.7338922567
13630.7338922567
13630.7338922567
13630.7338922567
13630.7338922567
13630.7338922567
13630.7338922567
13630.7338922567
13630.7338922567
13630.7338922567
13630.7338922567
13630.7338922567
13630.7338922567
13630.7338922567
13630.7338922567
13630.7338922567
13630.7338922567
13630.7338922567
13630.7338922567
13630.7338922567
13630.7338922567
13630.7338922567
13630.7338922567
13630.7338922567
13630.7338922567
13630.7338922567
13630.7338922567
13630.7338922567
13630.7338922567
13630.7338922567
13630.7338922567
13630.7338922567
13630.7338922567
13630.7338922567
13630.7338922567
13630.7338922567
13637.0738132154
13637.1882540485
13637.1882540485
13637.1882540485
13637.1882540485
13637.1882540485
13637.1882540485
13637.1882540485
13637.1882540485
13637.1882540485
13637.1882540485
13637.1882540485
13637.1882540485
13637.1882540485
13637.1882540485
13637.1882540485
13637.1882540485
13637.1882540485
13637.1882540485
13637.1882540485
13637.1882540485
13637.1882540485
13637.1882540485
13637.1882540485
13637.1882540485
13637.1882540485
13637.1882540485
13637.1882540485
13637.1882540485
13637.1882540485
13637.1882540485
13637.1882540485
13637.1882540485
13637.1882540485
13637.1882540485
13637.1882540485
13637.1882540485
13637.1882540485
13638.0158399407
13638.0158399407
13638.0158399407
13638.0158399407
13638.0158399407
13638.0158399407
13638.0158399407
13638.0158399407
13638.0158399407
13638.0158399407
13638.0158399407
13638.0158399407
13638.0158399407
13638.0158399407
13638.0158399407
13638.0158399407
13638.0158399407
13638.0158399407
13638.0158399407
13638.0158399407
13638.0158399407
13638.0158399407
13638.0158399407
13638.0158399407
13638.0158399407
13638.0158399407
13638.0158399407
13638.0158399407
13638.0158399407
13638.0158399407
13638.0158399407
13638.0158399407
13638.0158399407
13638.0158399407
13638.0158399407
13638.0158399407
13638.0158399407
13638.0158399407
13638.0158399407
13638.0158399407
13638.0158399407
13638.0158399407
13638.0158399407
13638.0158399407
13638.0158399407
13638.0158399407
13638.0158399407
13638.0158399407
13638.0158399407
13638.0158399407
13638.0158399407
13638.0158399407
13640.290370599
13642.0217712575
13642.0217712575
13642.0217712575
13642.0217712575
13642.0217712575
13642.0217712575
13642.0217712575
13642.0217712575
13642.0217712575
13642.0217712575
13642.0217712575
13642.0217712575
13642.0217712575
13642.0217712575
13642.0217712575
13642.0217712575
13642.0217712575
13642.0217712575
13642.0217712575
13642.0217712575
13642.0217712575
13642.0217712575
13642.0217712575
13642.0217712575
13642.0217712575
13642.0217712575
13642.0217712575
13642.0217712575
13642.0217712575
13642.0217712575
13642.0217712575
13642.0217712575
13642.0217712575
13642.0217712575
13642.0217712575
13642.0217712575
13642.0217712575
13642.0217712575
13642.0217712575
13642.0217712575
13642.0217712575
13642.0217712575
13642.0217712575
13642.0217712575
13642.0217712575
13642.0217712575
13642.0217712575
13642.0217712575
13642.0217712575
13642.0217712575
13642.0217712575
13642.0217712575
13642.0217712575
13642.0217712575
13642.0217712575
13642.0217712575
13642.0217712575
13642.0217712575
13642.0217712575
13642.0217712575
13642.0217712575
13642.0217712575
13642.0217712575
13642.0217712575
13642.0217712575
13642.0217712575
13642.0217712575
13642.0217712575
13642.0217712575
13642.0217712575
13642.0217712575
13642.0217712575
13642.0217712575
13642.0217712575
13642.0217712575
13642.0217712575
13642.0217712575
13642.0217712575
13642.0217712575
13642.0217712575
13642.0217712575
13642.0217712575
13642.0217712575
13642.0217712575
13642.0217712575
13642.0217712575
13642.0217712575
13642.0217712575
13642.0217712575
13642.0217712575
13642.0217712575
13642.0217712575
13642.0217712575
13642.0217712575
13642.0217712575
13642.0217712575
13642.0217712575
13642.0217712575
13642.0217712575
13642.0217712575
13642.0217712575
13642.0217712575
13642.0217712575
13642.0217712575
13642.0217712575
13642.0217712575
13642.0217712575
13642.0217712575
13642.0217712575
13642.0217712575
13642.0217712575
13642.0217712575
13642.0217712575
13642.0217712575
13642.0217712575
13642.0217712575
13642.0217712575
13642.0217712575
13642.0217712575
13642.0217712575
13642.0217712575
13642.0217712575
13642.0217712575
13642.0217712575
13642.0217712575
13642.0217712575
13642.0217712575
13642.0217712575
13642.0217712575
13642.0217712575
13642.0217712575
13642.0217712575
13642.0217712575
13642.0217712575
13642.0217712575
13642.0217712575
13642.0217712575
13642.0217712575
13642.0217712575
13642.0217712575
13642.0217712575
13647.9486391031
13647.9486391031
13647.9486391031
13647.9486391031
13647.9486391031
13647.9486391031
13647.9486391031
13647.9486391031
13647.9486391031
13647.9486391031
13647.9486391031
13647.9486391031
13647.9486391031
13647.9486391031
13647.9486391031
13647.9486391031
13647.9486391031
13647.9486391031
13647.9486391031
13647.9486391031
13647.9486391031
13647.9486391031
13647.9486391031
13647.9486391031
13647.9486391031
13647.9486391031
13647.9486391031
13647.9486391031
13647.9486391031
13647.9486391031
13647.9486391031
13647.9486391031
13647.9486391031
13647.9486391031
13647.9486391031
13647.9486391031
13647.9486391031
13647.9486391031
13647.9486391031
13647.9486391031
13647.9486391031
13647.9486391031
13647.9486391031
13647.9486391031
13647.9486391031
13647.9486391031
13647.9486391031
13647.9486391031
13647.9486391031
13647.9486391031
13647.9486391031
13647.9486391031
13647.9486391031
13647.9486391031
13647.9486391031
13647.9486391031
13647.9486391031
13647.9486391031
13647.9486391031
13647.9486391031
13647.9486391031
13647.9486391031
13647.9486391031
13647.9486391031
13647.9486391031
13647.9486391031
13647.9486391031
13647.9486391031
13647.9486391031
13647.9486391031
13647.9486391031
13647.9486391031
13647.9486391031
13647.9486391031
13647.9486391031
13647.9486391031
13649.6062231453
13650.8982958291
13650.8982958291
13650.8982958291
13650.8982958291
13650.8982958291
13650.8982958291
13650.8982958291
13650.8982958291
13650.8982958291
13650.8982958291
13650.8982958291
13650.8982958291
13650.8982958291
13650.8982958291
13650.8982958291
13650.8982958291
13650.8982958291
13650.8982958291
13650.8982958291
13650.8982958291
13650.8982958291
13650.8982958291
13650.8982958291
13650.8982958291
13650.8982958291
13650.8982958291
13650.8982958291
13650.8982958291
13650.8982958291
13650.8982958291
13650.8982958291
13650.8982958291
13650.8982958291
13650.8982958291
13651.7458235172
13651.7458235172
13653.5132254726
13653.5132254726
13653.5132254726
13653.5132254726
13653.5132254726
13653.5132254726
13654.1819143967
13654.5433060214
13654.5433060214
13654.5433060214
13654.5433060214
13654.5433060214
13654.5433060214
13654.5433060214
13654.5433060214
13654.5433060214
13654.5433060214
13654.5433060214
13654.5433060214
13654.5433060214
13654.5433060214
13654.5433060214
13654.5433060214
13654.5433060214
13656.4715414211
13657.2175388952
13665.6173990015
13667.1052384215
13667.4120587796
13667.4120587796
13667.4120587796
13669.757447615
13670.8138256556
13670.8138256556
13670.8138256556
13670.8138256556
13670.8138256556
13670.8138256556
13670.8138256556
13670.8138256556
13670.8138256556
13670.8138256556
13670.8138256556
13670.8138256556
13670.8138256556
13670.8138256556
13670.8138256556
13670.8138256556
13670.8138256556
13670.8138256556
13670.8138256556
13670.8138256556
13670.8138256556
13670.8138256556
13670.8138256556
13677.889726458
13679.2120312965
13679.2120312965
13679.2120312965
13679.2120312965
13679.2120312965
13679.2120312965
13679.2120312965
13679.2120312965
13679.2120312965
13679.2120312965
13679.2120312965
13679.2120312965
13679.2120312965
13679.2120312965
13679.2120312965
13679.2120312965
13679.2120312965
13679.2120312965
13679.2120312965
13684.953951445
13684.953951445
13684.953951445
13684.953951445
13690.3907311407
13690.3907311407
13690.3907311407
13690.3907311407
13694.8584671455
13695.3556541415
13695.3556541415
13695.3556541415
13695.3556541415
13695.3556541415
13695.3556541415
13695.3556541415
13695.3556541415
13695.3556541415
13695.3556541415
13695.3556541415
13695.3556541415
13695.3556541415
13696.3655272909
13696.7723710654
13696.7723710654
13696.7723710654
13696.7723710654
13696.7723710654
13696.7723710654
13696.7723710654
13696.7723710654
13696.7723710654
13696.7723710654
13696.7723710654
13699.1880039086
13700.3734875381
13700.3734875381
13700.3734875381
13701.6994148507
13701.6994148507
13701.6994148507
13701.6994148507
13701.6994148507
13701.6994148507
13701.6994148507
13701.6994148507
13701.6994148507
13701.8198627511
13701.8198627511
13701.8198627511
13701.8198627511
13701.8198627511
13701.8198627511
13701.8198627511
13702.4988546965
13702.4988546965
13703.7472815643
13703.7472815643
13703.7472815643
13703.7472815643
13703.7472815643
13703.7472815643
13703.7472815643
13703.7472815643
13703.7472815643
13703.7472815643
13703.7472815643
13703.7472815643
13703.7472815643
13703.7472815643
13703.7472815643
13703.7472815643
13707.9606085403
13707.9606085403
13708.4230884189
13708.4230884189
13708.4230884189
13708.4230884189
13708.4230884189
13708.4230884189
13708.4230884189
13708.4230884189
13708.4230884189
13708.4230884189
13708.7098734019
13708.7098734019
13708.7098734019
13708.7098734019
13708.7098734019
13722.8732401535
13722.8732401535
13722.8732401535
13724.7547895165
13725.0622528935
13725.0622528935
13725.0622528935
13725.9008219874
13725.9008219874
13725.9008219874
13725.9008219874
13725.9008219874
13730.8146766526
13730.8146766526
13730.8146766526
13730.8146766526
13730.8146766526
13730.8146766526
13730.8146766526
13733.2203810332
13733.2203810332
13733.2203810332
13733.2203810332
13733.2203810332
13733.2203810332
13733.2203810332
13734.9143011658
13734.9143011658
13734.9143011658
13734.9143011658
13734.9143011658
13734.9143011658
13734.9143011658
13734.9143011658
13734.9143011658
13734.9143011658
13734.9143011658
13742.1905801488
13742.1905801488
13742.1905801488
13742.2591588049
13742.8666266223
13742.8666266223
13742.8666266223
13742.8666266223
13742.8666266223
13743.0530633399
13743.0530633399
13743.0530633399
13743.8341292476
13743.8341292476
13743.8341292476
13743.8341292476
13743.8341292476
13747.5008082087
13748.4469934933
13748.4469934933
13748.4469934933
13748.4469934933
13748.4469934933
13748.4469934933
13751.1823009612
13751.1823009612
13751.1823009612
13751.1823009612
13751.9028691453
13754.7319944586
13754.7319944586
13754.7319944586
13754.7319944586
13754.7319944586
13754.7319944586
13754.7319944586
13754.7319944586
13754.7319944586
13754.7319944586
13754.7319944586
13754.7319944586
13754.7319944586
13754.7319944586
13754.7319944586
13754.7319944586
13754.7319944586
13754.7319944586
13754.7319944586
13754.7319944586
13754.7319944586
13754.7319944586
13755.3368459717
13755.3368459717
13755.3368459717
13755.4396161543
13755.4396161543
13755.4396161543
13755.4396161543
13755.4396161543
13755.4396161543
13755.4396161543
13755.4396161543
13755.4396161543
13755.4396161543
13769.8192930882
13769.8192930882
13769.8192930882
13769.8192930882
13770.3409400862
13770.3409400862
13770.3409400862
13770.3409400862
13770.3409400862
13770.3409400862
13771.1575417897
13771.4198318363
13776.332565269
13776.332565269
13776.332565269
13776.332565269
13776.332565269
13779.6425683824
13779.6425683824
13779.6425683824
13779.6425683824
13779.6425683824
13779.6425683824
13779.6425683824
13779.6425683824
13779.6425683824
13779.6425683824
13783.125896899
13783.125896899
13783.125896899
13783.125896899
13783.125896899
13783.125896899
13783.125896899
13783.125896899
13783.125896899
13783.125896899
13783.125896899
13783.125896899
13783.125896899
13783.125896899
13783.125896899
13783.125896899
13786.5474804825
13787.5518922932
13787.5518922932
13787.5518922932
13787.5518922932
13787.5518922932
13787.5518922932
13787.5518922932
13787.5518922932
13787.5518922932
13787.5518922932
13787.5518922932
13787.5518922932
13787.5518922932
13787.5518922932
13787.5518922932
13787.5518922932
13787.5518922932
13787.5518922932
13787.5518922932
13787.5518922932
13787.5518922932
13787.5518922932
13788.2362750199
13788.2362750199
13788.2362750199
13788.2362750199
13788.2362750199
13788.2362750199
13788.2362750199
13788.2362750199
13788.2362750199
13788.2362750199
13788.2362750199
13788.2362750199
13790.2010577862
13790.5161099371
13790.5161099371
13790.5161099371
13792.7393367824
13792.7393367824
13792.7393367824
13792.7393367824
13792.7393367824
13792.7393367824
13792.7393367824
13792.7393367824
13792.7393367824
13792.7393367824
13792.7393367824
13796.3385693908
13797.0103019118
13797.0103019118
13797.0103019118
13797.0103019118
13797.0103019118
13797.0103019118
13797.0103019118
13797.0103019118
13797.0103019118
13797.0103019118
13797.0103019118
13797.0103019118
13797.0103019118
13797.0103019118
13797.0103019118
13797.0103019118
13797.0103019118
13797.0103019118
13797.0103019118
13814.904091982
13814.904091982
13814.904091982
13814.904091982
13814.904091982
13814.904091982
13814.904091982
13814.904091982
13815.419758696
13815.419758696
13815.419758696
13815.6365470893
13815.6365470893
13815.6365470893
13815.6365470893
13815.6365470893
13815.6365470893
13815.6365470893
13815.6365470893
13817.7523670371
13817.7523670371
13817.7523670371
13817.7523670371
13817.7523670371
13817.7523670371
13817.7523670371
13817.7523670371
13817.7523670371
13817.7523670371
13817.7523670371
13817.7523670371
13817.7523670371
13817.7523670371
13817.7523670371
13817.7523670371
13817.7523670371
13817.7523670371
13817.7523670371
13817.7523670371
13820.4325258275
13821.0017985384
13821.0017985384
13821.0017985384
13821.0017985384
13821.0017985384
13821.0017985384
13821.0017985384
13821.0017985384
13821.0017985384
13821.0017985384
13821.0017985384
13821.0017985384
13821.0017985384
13821.0017985384
13821.0017985384
13821.0017985384
13821.0017985384
13821.0017985384
13822.5227878665
13822.5227878665
13822.5227878665
13822.5227878665
13822.5227878665
13822.5227878665
13822.5227878665
13822.5227878665
13822.5227878665
13822.5227878665
13822.5227878665
13822.5227878665
13822.5227878665
13822.5227878665
13822.5227878665
13822.5227878665
13822.5227878665
13822.5227878665
13823.0936923622
13823.0936923622
13823.0936923622
13823.0936923622
13823.0936923622
13823.0936923622
13823.0936923622
13823.0936923622
13823.0936923622
13823.0936923622
13823.0936923622
13823.0936923622
13823.0936923622
13827.6930242524
13827.6930242524
13827.6930242524
13837.9853402417
13837.9853402417
13837.9853402417
13837.9853402417
13837.9853402417
13837.9853402417
13837.9853402417
13837.9853402417
13837.9853402417
13837.9853402417
13837.9853402417
13837.9853402417
13837.9853402417
13837.9853402417
13837.9853402417
13837.9853402417
13837.9853402417
13837.9853402417
13837.9853402417
13837.9853402417
13837.9853402417
13837.9853402417
13837.9853402417
13837.9853402417
13837.9853402417
13837.9853402417
13837.9853402417
13838.9405566797
13838.9405566797
13838.9405566797
13838.9405566797
13838.9405566797
13838.9405566797
13838.9405566797
13838.9405566797
13838.9405566797
13838.9405566797
13838.9405566797
13838.9405566797
13838.9405566797
13838.9405566797
13838.9405566797
13838.9405566797
13838.9405566797
13838.9405566797
13838.9405566797
13838.9405566797
13838.9405566797
13838.9405566797
13838.9405566797
13838.9405566797
13838.9405566797
13838.9405566797
13838.9405566797
13838.9405566797
13838.9405566797
13838.9405566797
13838.9405566797
13838.9405566797
13838.9405566797
13838.9405566797
13838.9405566797
13838.9405566797
13838.9405566797
13838.9405566797
13838.9405566797
13840.1175194764
13840.1175194764
13840.1175194764
13840.1175194764
13840.1175194764
13840.1175194764
13840.1175194764
13840.1175194764
13840.1175194764
13840.1175194764
13840.1175194764
13840.1175194764
13841.7484936561
13842.6910325194
13842.6910325194
13842.6910325194
13842.6910325194
13842.6910325194
13842.6910325194
13842.6910325194
13842.6910325194
13842.6910325194
13842.6910325194
13842.6910325194
13842.6910325194
13842.6910325194
13842.6910325194
13842.6910325194
13842.6910325194
13842.6910325194
13842.6910325194
13842.6910325194
13842.6910325194
13842.6910325194
13842.6910325194
13842.6910325194
13842.6910325194
13842.6910325194
13842.6910325194
13842.6910325194
13842.6910325194
13842.6910325194
13842.6910325194
13842.6910325194
13842.6910325194
13842.6910325194
13842.6910325194
13842.6910325194
13842.6910325194
13842.6910325194
13842.6910325194
13843.8434206433
13844.2549378516
13844.2549378516
13844.2549378516
13844.2549378516
13844.2549378516
13844.2549378516
13844.2549378516
13844.2549378516
13846.8143827776
13846.8143827776
13846.8143827776
13846.8143827776
13846.8143827776
13846.8143827776
13846.8143827776
13846.8143827776
13846.8143827776
13846.8143827776
13846.8143827776
13846.8143827776
13846.8143827776
13846.8143827776
13846.8143827776
13846.8143827776
13846.8143827776
13846.8143827776
13846.8143827776
13846.8143827776
13846.8143827776
13846.8143827776
13846.8143827776
13846.8143827776
13846.8143827776
13846.8143827776
13846.8143827776
13846.8143827776
13846.8143827776
13846.8143827776
13846.8143827776
13846.8143827776
13846.8143827776
13846.8143827776
13846.8143827776
13846.8143827776
13846.8143827776
13846.8143827776
13846.8143827776
13846.8143827776
13846.8143827776
13846.8143827776
13846.8143827776
13846.8143827776
13846.8143827776
13846.8143827776
13846.8143827776
13846.8143827776
13846.8143827776
13846.8143827776
13846.8143827776
13846.8143827776
13846.8143827776
13846.8143827776
13846.8143827776
13846.8143827776
13846.8143827776
13846.8143827776
13846.8143827776
13846.8143827776
13846.8143827776
13846.8143827776
13846.8143827776
13846.8143827776
13846.8143827776
13846.8143827776
13846.8143827776
13846.8143827776
13846.8143827776
13846.8143827776
13846.8143827776
13846.8143827776
13846.8143827776
13846.8143827776
13846.8143827776
13846.8143827776
13846.8143827776
13846.8143827776
13846.8143827776
13846.8143827776
13846.8143827776
13846.8143827776
13846.8143827776
13846.8143827776
13846.8143827776
13846.8143827776
13846.8143827776
13846.8143827776
13846.8143827776
13846.8143827776
13846.8143827776
13846.8143827776
13846.8143827776
13846.8143827776
13846.8143827776
13848.5378432355
13848.5378432355
13848.5378432355
13848.5378432355
13848.5378432355
13848.5378432355
13848.5378432355
13848.5378432355
13848.5378432355
13848.5378432355
13848.5378432355
13848.5378432355
13848.5378432355
13848.5378432355
13848.5378432355
13848.5378432355
13848.5378432355
13848.5378432355
13848.5378432355
13848.5378432355
13848.5378432355
13848.5378432355
13848.5378432355
13848.5378432355
13848.5378432355
13848.5378432355
13856.0730273221
13856.0730273221
13856.0730273221
13856.0730273221
13856.0730273221
13856.0730273221
13856.0730273221
13856.0730273221
13856.0730273221
13856.0730273221
13856.0730273221
13856.0730273221
13856.0730273221
13856.0730273221
13856.0730273221
13856.0730273221
13856.0730273221
13856.0730273221
13856.0730273221
13856.0730273221
13856.0730273221
13856.0730273221
13856.0730273221
13856.0730273221
13856.0730273221
13856.0730273221
13856.0730273221
13856.0730273221
13856.0730273221
13856.0730273221
13856.0730273221
13856.0730273221
13856.0730273221
13856.0730273221
13856.0730273221
13856.0730273221
13856.0730273221
13856.0730273221
13856.0730273221
13856.0730273221
13856.0730273221
13856.0730273221
13856.0730273221
13856.0730273221
13857.4829873035
13857.4829873035
13857.4829873035
13857.4829873035
13857.4829873035
13857.4829873035
13857.4829873035
13857.4829873035
13857.4829873035
13857.4829873035
13857.4829873035
13857.4829873035
13857.4829873035
13857.4829873035
13857.4829873035
13857.4829873035
13857.4829873035
13857.4829873035
13857.4829873035
13857.4829873035
13857.4829873035
13857.4829873035
13857.4829873035
13857.4829873035
13857.4829873035
13857.4829873035
13857.4829873035
13857.4829873035
13857.4829873035
13857.4829873035
13857.4829873035
13858.6868412409
13858.6868412409
13858.6868412409
13858.6868412409
13858.6868412409
13858.6868412409
13858.6868412409
13858.6868412409
13858.6868412409
13858.6868412409
13858.6868412409
13858.6868412409
13858.6868412409
13858.6868412409
13858.6868412409
13858.6868412409
13858.6868412409
13858.6868412409
13858.6868412409
13858.6868412409
13858.6868412409
13858.6868412409
13858.6868412409
13858.6868412409
13858.6868412409
13858.6868412409
13858.6868412409
13858.6868412409
13858.6868412409
13861.1644044346
13861.1644044346
13861.1644044346
13861.1644044346
13861.1644044346
13864.626091543
13864.626091543
13864.626091543
13864.626091543
13864.626091543
13864.626091543
13864.626091543
13864.626091543
13864.626091543
13864.626091543
13864.626091543
13864.626091543
13864.626091543
13864.626091543
13864.626091543
13864.626091543
13864.626091543
13864.626091543
13864.626091543
13864.626091543
13864.626091543
13864.626091543
13864.626091543
13864.626091543
13864.626091543
13864.626091543
13864.626091543
13864.626091543
13864.626091543
13864.626091543
13864.626091543
13864.626091543
13864.626091543
13864.626091543
13864.626091543
13864.626091543
13864.626091543
13864.626091543
13864.626091543
13864.626091543
13864.626091543
13864.626091543
13864.626091543
13864.626091543
13864.626091543
13864.626091543
13864.626091543
13864.626091543
13864.626091543
13864.626091543
13864.626091543
13864.626091543
13864.626091543
13864.626091543
13864.626091543
13864.626091543
13864.626091543
13864.626091543
13864.626091543
13866.3532057531
13866.7627529882
13866.7627529882
13866.7627529882
13866.7627529882
13866.7627529882
13866.7627529882
13866.7627529882
13866.7627529882
13866.7627529882
13866.7627529882
13866.7627529882
13866.7627529882
13866.7627529882
13866.7627529882
13866.7627529882
13866.7627529882
13866.7627529882
13866.7627529882
13866.7627529882
13866.7627529882
13866.7627529882
13866.7627529882
13868.4217379584
13868.9355118288
13868.9355118288
13868.9355118288
13868.9355118288
13868.9355118288
13868.9355118288
13868.9355118288
13868.9355118288
13879.2006967223
13879.2006967223
13879.2006967223
13879.2006967223
13879.2006967223
13879.2006967223
13881.9289482258
13881.9289482258
13881.9289482258
13881.9289482258
13881.9289482258
13881.9289482258
13881.9289482258
13881.9289482258
13881.9289482258
13881.9289482258
13881.9289482258
13881.9289482258
13881.9289482258
13881.9289482258
13881.9289482258
13881.9289482258
13881.9289482258
13881.9289482258
13884.8122871676
13884.8122871676
13884.8122871676
13890.2946881249
13890.2946881249
13890.2946881249
13890.2946881249
13890.2946881249
13890.2946881249
13890.2946881249
13890.2946881249
13890.2946881249
13890.2946881249
13890.2946881249
13890.2946881249
13890.2946881249
13890.2946881249
13890.2946881249
13894.6826022224
13894.6826022224
13894.6826022224
13894.6826022224
13894.6826022224
13894.6826022224
13894.6826022224
13894.6826022224
13894.6826022224
13894.6826022224
13894.6826022224
13894.6826022224
13906.7332835113
13906.7332835113
13906.7332835113
13906.7332835113
13907.3576139897
13907.3576139897
13907.3576139897
13907.3576139897
13907.3576139897
13907.3576139897
13907.3576139897
13907.3576139897
13907.3576139897
13907.3576139897
13907.3576139897
13907.3576139897
13907.3576139897
13907.3576139897
13907.3576139897
13907.3576139897
13907.3576139897
13907.3576139897
13907.3576139897
13907.3576139897
13907.3576139897
13907.3576139897
13907.3576139897
13907.3576139897
13907.3576139897
13908.9292930011
13911.1090329429
13911.1090329429
13911.1090329429
13911.1090329429
13912.0009392101
13912.0009392101
13912.0009392101
13912.0009392101
13912.0009392101
13912.0009392101
13912.0009392101
13912.0009392101
13912.0009392101
13912.0009392101
13912.0009392101
13912.0009392101
13912.0009392101
13912.0009392101
13912.0009392101
13912.0009392101
13912.0009392101
13912.0009392101
13912.0009392101
13912.0009392101
13912.0009392101
13912.0009392101
13912.0009392101
13912.0009392101
13912.0009392101
13912.0009392101
13912.0009392101
13912.0009392101
13912.0009392101
13912.0009392101
13913.1870937207
13913.1870937207
13913.1870937207
13913.1870937207
13913.1870937207
13913.1870937207
13913.1870937207
13913.1870937207
13913.1870937207
13913.1870937207
13913.1870937207
13913.1870937207
13913.1870937207
13913.1870937207
13913.1870937207
13913.1870937207
13913.1870937207
13913.1870937207
13913.1870937207
13913.1870937207
13913.1870937207
13913.1870937207
13913.1870937207
13913.1870937207
13913.1870937207
13920.1864512083
13920.1864512083
13920.1864512083
13920.1864512083
13920.1864512083
13920.1864512083
13920.1864512083
13920.1864512083
13920.1864512083
13920.1864512083
13920.1864512083
13920.1864512083
13920.1864512083
13920.1864512083
13920.1864512083
13920.1864512083
13920.1864512083
13920.1864512083
13920.1864512083
13920.1864512083
13920.5468841275
13922.9916060015
13922.9916060015
13922.9916060015
13922.9916060015
13922.9916060015
13922.9916060015
13922.9916060015
13922.9916060015
13922.9916060015
13922.9916060015
13922.9916060015
13922.9916060015
13922.9916060015
13922.9916060015
13922.9916060015
13922.9916060015
13922.9916060015
13922.9916060015
13922.9916060015
13922.9916060015
13922.9916060015
13922.9916060015
13922.9916060015
13922.9916060015
13922.9916060015
13922.9916060015
13922.9916060015
13922.9916060015
13926.6234550709
13928.5590692934
13928.5590692934
13928.5590692934
13928.5590692934
13928.5590692934
13928.5590692934
13928.5590692934
13928.5590692934
13928.5590692934
13928.5590692934
13928.5590692934
13928.5590692934
13928.5590692934
13928.5590692934
13928.5590692934
13928.5590692934
13928.5590692934
13928.5590692934
13928.5590692934
13928.5590692934
13928.5590692934
13928.5590692934
13928.5590692934
13928.5590692934
13928.5590692934
13928.5590692934
13928.5590692934
13928.5590692934
13928.5590692934
13928.5590692934
13928.5590692934
13929.3576439952
13929.3576439952
13929.3576439952
13929.3576439952
13929.3576439952
13929.3576439952
13929.3576439952
13930.551619766
13930.6313131867
13930.6313131867
13930.6313131867
13930.6313131867
13930.6313131867
13930.6313131867
13930.6313131867
13930.6313131867
13930.6313131867
13930.6313131867
13930.6313131867
13930.6313131867
13930.6313131867
13930.6313131867
13930.6313131867
13930.6313131867
13930.6313131867
13930.6313131867
13930.6313131867
13930.6313131867
13930.6313131867
13930.6313131867
13930.6313131867
13930.6313131867
13930.6313131867
13930.6313131867
13930.6313131867
13930.6313131867
13930.6313131867
13930.6313131867
13930.6313131867
13930.6313131867
13930.6313131867
13930.6313131867
13930.6313131867
13930.6313131867
13930.6313131867
13930.6313131867
13930.6313131867
13930.6313131867
13930.6313131867
13930.6313131867
13930.6313131867
13930.6313131867
13930.6313131867
13930.6313131867
13930.6313131867
13930.6313131867
13930.6313131867
13930.6313131867
13930.6313131867
13930.6313131867
13930.6313131867
13930.6313131867
13930.6313131867
13930.6313131867
13930.6313131867
13930.6313131867
13930.6313131867
13930.6313131867
13930.6313131867
13930.6313131867
13930.6313131867
13930.6313131867
13941.4863160784
13942.175768229
13942.175768229
13942.175768229
13942.175768229
13942.175768229
13942.175768229
13942.175768229
13942.175768229
13942.175768229
13942.175768229
13942.175768229
13942.175768229
13942.175768229
13942.175768229
13942.175768229
13942.175768229
13942.175768229
13942.175768229
13942.175768229
13942.175768229
13942.175768229
13942.175768229
13942.175768229
13942.175768229
13942.175768229
13942.175768229
13942.175768229
13942.175768229
13942.175768229
13942.175768229
13942.175768229
13942.175768229
13942.175768229
13942.175768229
13942.175768229
13942.175768229
13942.175768229
13942.175768229
13942.175768229
13942.175768229
13942.175768229
13942.175768229
13942.175768229
13942.175768229
13942.175768229
13942.175768229
13942.175768229
13942.175768229
13942.175768229
13942.175768229
13942.175768229
13942.175768229
13942.175768229
13942.175768229
13942.175768229
13942.175768229
13942.175768229
13942.175768229
13942.175768229
13942.175768229
13942.175768229
13942.175768229
13942.175768229
13942.175768229
13942.175768229
13942.175768229
13942.175768229
13942.175768229
13942.175768229
13942.175768229
13942.175768229
13942.175768229
13942.175768229
13942.175768229
13942.175768229
13942.175768229
13942.175768229
13942.175768229
13942.175768229
13942.175768229
13942.175768229
13942.175768229
13942.175768229
13942.175768229
13942.175768229
13942.175768229
13942.175768229
13943.8699065354
13944.3723757237
13944.3723757237
13944.3723757237
13944.3723757237
13944.3723757237
13944.3723757237
13944.3723757237
13944.3723757237
13944.3723757237
13944.3723757237
13944.3723757237
13944.3723757237
13944.3723757237
13944.3723757237
13944.3723757237
13944.3723757237
13944.3723757237
13944.3723757237
13944.3723757237
13944.3723757237
13944.3723757237
13944.3723757237
13944.3723757237
13944.3723757237
13944.3723757237
13944.3723757237
13944.3723757237
13944.3723757237
13944.3723757237
13944.3723757237
13944.3723757237
13944.3723757237
13944.3723757237
13944.3723757237
13944.3723757237
13944.3723757237
13944.3723757237
13944.3723757237
13944.3723757237
13944.3723757237
13944.3723757237
13944.3723757237
13944.3723757237
13945.1343697518
13946.898686718
13946.898686718
13946.898686718
13946.898686718
13946.898686718
13946.898686718
13946.898686718
13946.898686718
13946.898686718
13946.898686718
13946.898686718
13946.898686718
13946.898686718
13946.898686718
13946.898686718
13946.898686718
13946.898686718
13946.898686718
13946.898686718
13946.898686718
13946.898686718
13946.898686718
13946.898686718
13946.898686718
13946.898686718
13946.898686718
13946.898686718
13946.898686718
13946.898686718
13946.898686718
13946.898686718
13946.898686718
13946.898686718
13946.898686718
13946.898686718
13946.898686718
13946.898686718
13946.898686718
13946.898686718
13946.898686718
13946.898686718
13946.898686718
13946.898686718
13946.898686718
13946.898686718
13946.898686718
13946.898686718
13946.898686718
13946.898686718
13946.898686718
13946.898686718
13946.898686718
13946.898686718
13946.898686718
13946.898686718
13946.898686718
13946.898686718
13946.898686718
13946.898686718
13946.898686718
13946.898686718
13946.898686718
13946.898686718
13946.898686718
13946.898686718
13946.898686718
13946.898686718
13946.898686718
13946.898686718
13946.898686718
13953.7517200305
13953.7517200305
13953.7517200305
13953.7517200305
13953.7517200305
13953.7517200305
13953.7517200305
13953.7517200305
13953.7517200305
13953.7517200305
13953.7517200305
13953.7517200305
13953.7517200305
13953.7517200305
13953.7517200305
13953.7517200305
13953.7517200305
13953.7517200305
13953.7517200305
13953.7517200305
13953.7517200305
13953.7517200305
13953.7517200305
13953.7517200305
13953.7517200305
13953.7517200305
13953.7517200305
13953.7517200305
13953.7517200305
13953.7517200305
13953.7517200305
13953.7517200305
13953.7517200305
13953.7517200305
13953.7517200305
13953.7517200305
13953.7517200305
13953.7517200305
13953.7517200305
13953.7517200305
13953.7517200305
13953.7517200305
13953.7517200305
13953.7517200305
13954.2043540629
13957.5256322767
13957.5256322767
13957.5256322767
13957.5256322767
13957.5256322767
13957.5256322767
13957.5256322767
13957.5256322767
13961.1624052441
13961.903433682
13961.903433682
13961.903433682
13961.903433682
13961.903433682
13961.903433682
13961.903433682
13961.903433682
13961.903433682
13961.903433682
13961.903433682
13961.903433682
13961.903433682
13961.903433682
13961.903433682
13961.903433682
13961.903433682
13961.903433682
13961.903433682
13961.903433682
13961.903433682
13961.903433682
13961.903433682
13961.903433682
13961.903433682
13961.903433682
13961.903433682
13961.903433682
13961.903433682
13961.903433682
13961.903433682
13961.903433682
13961.903433682
13961.903433682
13961.903433682
13961.903433682
13961.903433682
13961.903433682
13961.903433682
13961.903433682
13961.903433682
13961.903433682
13961.903433682
13961.903433682
13961.903433682
13961.903433682
13961.903433682
13961.903433682
13961.903433682
13961.903433682
13961.903433682
13961.903433682
13962.8342186764
13962.8342186764
13962.8342186764
13962.8342186764
13962.8342186764
13962.8342186764
13962.8342186764
13962.8342186764
13962.8342186764
13962.8342186764
13962.8342186764
13962.8342186764
13962.8342186764
13962.8342186764
13962.8342186764
13962.8342186764
13962.8342186764
13968.3013586291
13968.3013586291
13968.3013586291
13969.2903099606
13969.2903099606
13969.2903099606
13969.2903099606
13969.2903099606
13969.2903099606
13969.2903099606
13969.2903099606
13969.2903099606
13969.2903099606
13969.2903099606
13969.2903099606
13969.2903099606
13969.2903099606
13969.2903099606
13969.2903099606
13969.2903099606
13969.2903099606
13969.2903099606
13969.2903099606
13969.2903099606
13969.2903099606
13969.2903099606
13971.172645407
13972.4447246935
13972.4447246935
13972.4447246935
13972.4447246935
13972.4447246935
13972.4447246935
13972.4447246935
13972.4447246935
13972.4447246935
13972.4447246935
13972.4447246935
13972.4447246935
13972.4447246935
13972.4447246935
13972.4447246935
13972.4447246935
13972.4447246935
13972.4447246935
13972.4447246935
13972.4447246935
13972.4447246935
13972.4447246935
13972.4447246935
13972.4447246935
13972.4447246935
13972.4447246935
13972.4447246935
13972.4447246935
13972.4447246935
13972.4447246935
13972.4447246935
13972.4447246935
13972.4447246935
13972.4447246935
13972.4447246935
13972.4447246935
13972.4447246935
13972.4447246935
13972.4447246935
13972.4447246935
13972.4447246935
13972.4447246935
13972.4447246935
13972.4447246935
13972.4447246935
13972.4447246935
13972.4447246935
13972.4447246935
13972.4447246935
13972.4447246935
13972.4447246935
13972.4447246935
13972.4447246935
13972.4447246935
13972.4447246935
13972.4447246935
13972.4447246935
13972.4447246935
13972.4447246935
13972.4447246935
13972.4447246935
13972.4447246935
13972.4447246935
13972.4447246935
13972.4447246935
13972.4447246935
13972.4447246935
13972.4447246935
13972.4447246935
13972.4447246935
13972.4447246935
13972.4447246935
13972.4447246935
13972.4447246935
13972.4447246935
13972.4447246935
13972.4447246935
13972.4447246935
13972.4447246935
13972.4447246935
13972.4447246935
13972.4447246935
13972.4447246935
13972.4447246935
13972.4447246935
13972.4447246935
13972.4447246935
13972.4447246935
13972.4447246935
13972.4447246935
13972.4447246935
13972.4447246935
13972.4447246935
13972.4447246935
13972.4447246935
13972.4447246935
13972.4447246935
13972.4447246935
13972.4447246935
13972.4447246935
13972.4447246935
13972.4447246935
13972.4447246935
13972.4447246935
13972.4447246935
13972.4447246935
13972.4447246935
13972.4447246935
13972.4447246935
13972.4447246935
13972.4447246935
13972.4447246935
13972.4447246935
13972.4447246935
13972.4447246935
13972.4447246935
13972.4447246935
13972.4447246935
13972.4447246935
13972.4447246935
13972.4447246935
13972.4447246935
13972.4447246935
13972.4447246935
13972.4447246935
13972.4447246935
13972.4447246935
13976.4555151134
13976.4555151134
13976.4555151134
13976.4555151134
13976.4555151134
13976.4555151134
13976.4555151134
13976.4555151134
13976.4555151134
13976.4555151134
13976.4555151134
13976.4555151134
13976.4555151134
13976.4555151134
13976.4555151134
13976.4555151134
13976.4555151134
13985.8233546783
13985.8233546783
13985.8233546783
13985.8233546783
13985.8233546783
13985.8233546783
13985.8233546783
13985.8233546783
13985.8233546783
13985.8233546783
13985.8233546783
13985.8233546783
13985.8233546783
13985.8233546783
13985.8233546783
13985.8233546783
13985.8233546783
13985.8233546783
13985.8233546783
13985.8233546783
13985.8233546783
13985.8233546783
13985.8233546783
13985.8233546783
13985.8233546783
13985.8233546783
13985.8233546783
13985.8233546783
13985.8233546783
13985.8233546783

